1.170429202662292667e+00
5.478626731430669139e-01
-1.178670207905203604e+00
6.874985688328569822e-01
-3.358914277751781086e-01
-5.029531926467614156e-01
-1.521323214417282799e-01
1.519513078705836406e-01
9.676298621919698917e-02
-1.293668369488818914e+00
-3.210041143804183150e-01
-2.467805858465883517e-01
-1.068569918282832987e+00
5.242688673157491763e-02
-8.085167325037705410e-01
5.908082228515576517e-01
-2.159498545273308423e-02
-6.663279915761144423e-02
1.226194308611994188e+00
-8.127418885602644139e-02
-1.459487315098018989e+00
-7.711366140879336584e-01
-1.147276985583857822e+00
-8.649293601833907275e-02
-2.198145482621178814e-01
2.617897327676308450e-01
-2.949066021193100795e-01
-4.704439610338964073e-01
4.366938456145046388e-01
-6.761105970484528882e-01
9.231125106160380511e-01
1.976989862361833161e-03
2.409180418288876524e-01
6.180878620031817761e-01
1.657692720649608376e-01
-9.949792165601500926e-02
-9.748250354392951067e-02
4.708819705219173812e-01
5.730569894845594092e-02
-8.294777386324074797e-01
-4.253209904847929934e-01
-4.477713099826168275e-01
-4.764367558329780650e-01
1.167965027485417195e+00
5.423225299890344075e-02
-2.525385474104844263e-01
-3.906928253835264542e-01
1.093733347161265357e+00
1.213779191416231029e-01
-8.078841758740473722e-02
-2.257288692693029120e-01
-1.633882758139657554e-01
2.129780543796577774e-02
-7.388100262349741598e-01
7.857572197253759327e-02
7.550089218268585256e-02
5.311855958672095923e-01
3.438425307533758968e-01
2.014359022241389852e-01
-9.978049949276375230e-01
9.725179939630734793e-02
7.179842910674967271e-01
-1.236310565140632534e-01
1.348436758292042015e-01
6.717266596340110141e-02
-2.928103160070749666e-01
7.990858474663431466e-01
3.846282229998942981e-01
2.706555023666412652e-01
-6.662748079914209143e-01
-3.347038041385017593e-01
9.407578462475782999e-01
-1.294179690949857076e-01
-2.071668774086763420e-01
-5.678443632191942925e-02
6.102317243551969028e-01
-9.128594744821505458e-02
6.117933015445302658e-01
1.369425796594114786e-01
-3.358984694561852891e-01
3.384511578994953140e-02
-7.315871799392628105e-01
-1.229690801134562417e+00
-2.731227437766117205e-01
-1.003591336069101558e+00
-6.545164721740999170e-01
4.908032718057322441e-01
-2.790567011568771960e-01
7.774944972788579989e-01
-6.662034229750304348e-01
-4.844657894487349736e-01
-1.898092570242857491e-01
2.164040280922616688e-01
4.631661546652035000e-01
-5.363413600865198916e-01
7.830326491630934527e-02
1.685297603677362588e+00
-8.111126213421648856e-02
-3.602698870936276165e-01
-2.348245352713718148e-03
-9.667375134628599653e-01
5.855333098387482949e-01
-3.725190727621443543e-01
2.555463785406608679e-03
-6.089230720637006655e-01
-2.644203663761803824e-01
9.122194254203979114e-01
1.371928796445285315e-01
1.002185709373847544e+00
6.409536450783974715e-01
-5.823031673561374078e-01
-5.457374195045350262e-02
5.479024651491926079e-01
4.442212157751770363e-01
2.340728410918879732e-01
5.262178969480046931e-02
5.316202156648124344e-01
4.874474143174474250e-01
8.293996455502217202e-02
-1.482599921462925074e+00
-1.612180462358878685e-01
1.228562590351502948e-01
-4.824261878795272906e-01
1.072828632050119246e+00
-6.945253905578745446e-01
-5.772294535359261403e-01
1.843400547751823382e-01
-6.639257812913257339e-02
6.863063067918373505e-01
1.486685656240691600e-01
3.861804654075360332e-01
7.700252134222829170e-02
-1.318795407839114198e+00
5.734081944524858088e-01
-2.854225461832990973e-01
-3.649289853543491446e-01
-2.381207870040107366e-01
-2.194734150430930342e-01
-1.488279770921383083e+00
1.138303921110899175e+00
1.853059248892421351e-01
4.187964741953127401e-01
6.174372581572740160e-01
-8.874220773555396846e-02
-6.138700159648573518e-01
-6.976894784482334799e-01
1.326335919062628932e+00
-1.669314111036337422e-01
-2.496575727266030498e-01
-1.006931121526492667e+00
6.399490339368307801e-01
6.890947660945556663e-01
8.283235832510627006e-01
7.513101316242165595e-01
-7.253924548798549310e-01
-1.034720047143162791e+00
-1.483922875138024011e-01
4.877662625970966559e-01
8.651983877912163834e-01
-1.846217768548541471e-02
-7.418056090726130591e-01
-9.236371002208709768e-02
-2.274261135916084697e-01
-1.617782060493402341e-01
-7.686596899031981067e-01
1.539703953190452168e-01
1.486392462037313678e-01
-5.629991784421504164e-01
-1.422258359154324747e+00
8.255342074665703578e-01
5.103907406709309313e-01
4.282288990312110855e-02
3.687357138141846846e-01
4.177453476506247654e-01
-6.877750127343915665e-01
-4.788948390919518516e-01
2.588033858916727326e-02
-1.460980932897086859e-01
-9.631423839467334602e-02
-2.190540910441809430e-01
3.052957196500063475e-01
-5.674021640643607256e-01
5.669862791002326929e-01
5.187995659424515793e-03
6.488475415828807158e-01
7.788678748206940838e-01
5.346222568891363380e-01
3.983850888948889946e-01
-2.639215733862396718e-01
-4.395879142443410714e-01
-6.092657221216395413e-01
1.006068640363518618e+00
-3.296176248958637700e-02
-1.131051924340730874e+00
-3.499602582548257956e-01
4.416247889059352616e-01
9.941724665382345449e-03
5.738404710019651134e-02
1.032806186272173576e+00
-3.755166258142175195e-01
5.542468456570261992e-01
5.106964237114084426e-01
7.265501698960132870e-01
2.423492236850606218e-01
-5.233462879608019591e-01
-2.627749091307753915e-01
8.801133106276992635e-01
6.879712343458415091e-01
-7.977563394591413726e-01
-3.392919704490671151e-01
-5.355955365970057613e-01
-1.718242717037624878e+00
-1.100497222676018794e+00
3.779510574323392547e-01
2.326199232112324822e-01
-9.294253347023753165e-01
4.881747710763431058e-01
-1.231553835099933103e+00
9.416256717945810095e-01
-4.427021290802484188e-01
-8.474322648720979956e-01
7.721328744007571743e-02
9.855323542071481313e-01
3.157904710670358384e-01
7.992114638201286425e-02
7.454304710221437702e-01
5.365328969165990003e-01
3.937448061896908769e-01
-4.628294211431471794e-01
5.573650567669217182e-01
7.018184934526008334e-01
3.541372525876065325e-01
-1.538972308720296667e-01
-2.009496406784103684e-01
-1.528270129943999578e+00
7.664005743936419535e-01
-9.099115873070271476e-01
-2.001143858092184757e-01
9.902617738283669979e-01
1.479612058109953665e-01
-7.099927786093829241e-01
1.284106225380980959e-01
-8.185036189880712243e-02
-1.767095013936232917e-01
-4.490320328453636378e-01
3.392354322417698853e-01
-3.236720027527715260e-01
-2.473282984422677799e-01
-3.981260109362976252e-01
-8.547932297818938707e-02
1.062117224230831880e+00
3.963337552590173729e-01
8.042658512725386899e-01
2.537293945936376360e-01
3.909402908829040513e-02
-5.364777301862222458e-02
3.615211677249625666e-01
-1.745926188731763418e-01
-1.965644209356423033e-01
1.344585294817424170e-02
-7.422261372069405283e-01
-5.708672961186938011e-01
-7.289421224479575301e-02
-1.450154828733873913e-01
-2.113352702278881168e-01
8.294774059594640647e-01
3.211790913276573178e-01
6.232097544787151833e-01
7.652562310323984818e-01
-4.879776127470671909e-01
-5.593945610803334745e-01
-1.055136437096857893e+00
-1.143884590259959033e+00
3.435062846559127081e-01
-7.475811102973128897e-02
-5.958317793660050654e-02
-1.857000750162880465e-01
4.576121751883537314e-01
-2.516416376009420475e-01
5.508443919084182738e-01
5.843771374476709468e-01
1.369336437179892840e+00
4.948933323307116439e-01
-7.494474022317332285e-01
1.375711247979891638e-01
5.914294240209354570e-01
-2.396030871233367776e-02
3.068684677221131807e-01
-1.144278537378165872e+00
-2.983481374933090180e-01
-6.568279259150235916e-01
-8.752055606117368214e-01
5.613909143453188477e-01
-4.263385896999247748e-01
-1.061811062725377397e-01
-4.618434308779608699e-01
-8.115759778890119236e-02
3.201267773823612828e-01
3.829497836960946699e-01
-5.033790825829465021e-01
-5.077963807409879848e-03
6.857100974238523605e-01
-1.115224511350414449e+00
1.859907184218148046e-01
1.459356700008136443e+00
-9.932781948001876415e-01
1.604066036795135375e-01
-1.944954271211010166e-01
4.181139586434348132e-01
-3.907769225158084225e-01
-6.010409150813433854e-02
-6.410523088495416744e-01
5.736705552437033617e-01
4.781980501240701287e-01
-2.801321932447322638e-01
-4.555428928874434291e-01
7.801482870982310303e-01
-6.162258853328204111e-01
-2.922626764930322807e-01
1.932181010867104476e-01
1.857551280662663729e-01
1.727679791922955843e-01
-3.557764258156730364e-01
-4.291047603522546439e-02
2.856413730547036067e-02
5.974194213047372415e-01
9.819728948686137215e-01
-1.033246873996919390e+00
4.434162948910902458e-01
9.278154826681728196e-01
5.689478579356874732e-01
4.561410683022391055e-01
-1.806251487437755543e-01
2.658513789884944245e-01
-2.040637330582031339e-01
-1.121550884279791660e-01
-1.052268103751066164e-01
5.469011405021939609e-01
-4.898829139316198678e-01
-6.188430138392346791e-01
8.992874705103162114e-01
-6.957951948204392778e-01
-8.652149637094677104e-01
-4.023552995779873243e-01
4.783641630230093256e-01
9.467927473265564942e-01
9.313971473755113806e-01
2.640377019814890147e-01
5.555339429281787034e-01
-2.449310345996789096e-01
-3.372911577217516665e-01
-5.539978433838008698e-01
-3.876294013647036962e-01
-1.524746550991125105e+00
1.590736493406534890e-01
-6.105836971026388227e-01
-1.300381553203937557e-01
-4.836246393966714407e-02
4.122735256697565021e-01
-8.770974903203487827e-01
-3.068195808263656232e-01
-1.845847298397051972e-01
-3.619689121683640209e-01
7.569215366736745665e-01
9.855718517627352071e-01
-2.501797935734542122e-01
-2.206872909587280773e-01
6.049595208843081551e-01
-1.362168111569407536e+00
3.749626266506247418e-01
8.098827785250017897e-01
-1.238673095220406140e+00
-1.147489969472665905e-01
3.266152534428172771e-01
-5.327567150218426306e-01
4.325103848653277794e-01
1.154509070382564673e+00
-4.686387834008165498e-02
4.030871970992864206e-01
-5.570235234044584871e-01
-3.778673856910614859e-01
-2.545983012230621512e-01
2.831134936572086147e-01
-5.102208895306210579e-01
-3.128360583843790010e-01
-2.185719276246453902e-01
-5.499912900783314740e-01
8.938242487849823448e-02
-1.105312519998955523e-01
5.448826707523446444e-01
-1.539068142543258855e+00
-4.366040302975839893e-01
3.642899902201568452e-01
-3.227401873369384333e-01
-1.153339153090681801e+00
-5.020874925231861852e-01
5.156011790352668100e-01
-2.100270993932724650e-01
4.680099018958898682e-01
2.253776028530900533e-01
-3.645072533391591207e-02
8.545850172498870023e-02
-4.857783509289159696e-02
-5.117025512015285216e-01
1.989539152144770284e-01
-3.619341167977774276e-01
-1.116415259842334251e+00
-1.093704067844800676e-01
1.382485376794662990e+00
-7.455216364407313279e-02
6.741723031782953512e-02
-4.550440294585946788e-01
-2.097398634815998975e-01
-2.834739413704827626e-01
-1.365959021398754469e+00
-1.806850329930942856e+00
8.472152345803332096e-01
5.128654976077129390e-02
1.452487454748354168e+00
-3.817229140376428020e-01
6.417189921085935111e-01
-1.601245193298126424e-01
-4.759201221934254988e-01
4.571812517355215988e-01
-2.383046251293503559e-01
1.349832281678702728e+00
-5.082849325149085828e-01
-6.302563155606026868e-01
1.404827948283893235e-01
-2.160866877217895166e-01
-1.325007213561271158e+00
4.365218025110078059e-01
-6.402833909443330640e-01
3.761976105306361617e-01
-1.604664372614159618e-01
9.916474463363043057e-01
8.131759042764130641e-02
4.293191683485630961e-01
-7.011182923570604686e-01
1.127334755353634144e+00
-1.021907497014703736e+00
-6.986077357930779996e-01
2.209649293728945807e-01
1.673749464773752749e-01
2.044317069854244551e-01
1.931675229226796908e+00
-7.406360893511187982e-02
-4.214323967868303100e-01
-1.472861608592532789e-01
9.267340127352188262e-01
-4.281125748359553285e-01
2.545365504964944847e-01
-3.632414512042005938e-01
-1.534515526084065939e-01
-9.081564826504919807e-01
1.071313691362560050e+00
-5.844567572826946389e-01
7.619177827537439995e-01
6.762124874187227519e-01
9.910322689818729103e-01
3.181118425969238217e-01
-8.219210659092714977e-01
-6.201520658068782055e-01
-2.054096373874259029e-02
4.993218655454629840e-01
2.566478992533518522e-01
1.145087054597047072e-01
-7.507417919004915063e-01
9.818015556834245317e-01
1.763869483621895995e-01
1.796668446330329516e-02
-6.273420798694484546e-02
-4.835694026029813131e-02
1.496661744251692738e-02
-7.766445842474158923e-01
9.679325041663666696e-02
3.139707093568588903e-02
-5.768372335684759378e-01
-5.098885546863387574e-01
-7.638939188055360319e-02
-5.192270420849514068e-01
1.072678869738254548e+00
6.275817104309755479e-01
-4.038284230026700783e-02
1.121049805965007806e+00
-1.436533166872298040e-01
-5.981393702976598448e-01
1.655299309130722207e-01
6.472866322264225758e-01
6.372766648789163213e-02
6.746242254124084070e-01
4.486281714134285892e-01
4.040334464829475891e-01
-8.587670167221537199e-01
-6.297081339179779746e-01
-2.455686839166570934e-02
-4.423626644339595515e-02
6.283693550016860030e-01
3.986053980685895226e-01
-3.778813481275129504e-01
-6.612006212205390199e-01
1.193052200917765759e+00
1.016285387811617369e-01
-2.562205780854522885e-01
2.003214444633858449e-01
-7.647311920736239443e-01
-7.290086959326060878e-01
5.623657901066927423e-01
-2.059531273350625469e-01
-6.935226056843379894e-01
-2.535298398712377832e-01
-1.530068802363366842e-01
3.612037470955744567e-01
4.021578981733320290e-02
-1.099478773223421246e+00
1.087192692902699598e+00
3.443004531669657808e-01
-4.377253632239135328e-01
-1.821446246800650925e-02
-3.016361702136149958e-01
1.763759930969799328e-01
-1.318887021752157551e-01
-6.439868699880673120e-01
-8.110586458675292931e-01
3.567571028234626240e-01
3.336526247051896377e-01
6.894134217490535121e-01
2.323426955784748671e-01
1.231185389154316745e+00
1.179601258601012503e+00
-3.782891495188867026e-01
-7.465792621508127169e-01
-2.631879683189159991e-01
-8.337109062142467053e-02
4.742470289521358850e-01
9.050865009698050301e-02
-3.136354841407023031e-01
3.890187359146946022e-01
-1.610835061523211209e+00
2.953595305407752392e-02
4.967286293354131743e-01
8.145817681477627303e-01
9.430797708546450053e-01
5.171166584543174238e-01
-8.130424260540412007e-01
-1.264649471993153362e+00
2.864965755219373023e-02
-5.919121433795169196e-01
5.755268907694777170e-01
6.882865766320342971e-01
1.318456202332534133e-01
-8.752383256099269815e-01
2.860725953132305932e-01
1.963060630367703396e-01
-2.895142746359375963e-01
1.268730547223682947e+00
9.157687996718415491e-01
-2.520658161103526140e-01
5.871077947164424771e-01
9.199782755477370344e-01
6.894543123265943763e-01
-8.803317650970345909e-01
-2.044079149423358999e-01
5.898748070504788998e-01
-1.418233687298908752e+00
1.004960794837153060e-01
3.409223811997854625e-01
-7.890321875630901260e-01
4.266373758786459192e-01
-6.373420879122786431e-01
1.916385456247171604e-01
-6.994065890599285851e-01
3.753934808097145748e-01
-3.678727243669506208e-01
-8.763097174305221060e-01
-7.845263226393504041e-01
-2.151069232785118857e-02
-3.244040930434346492e-01
3.121920401845237336e-01
3.014092108774768519e-02
-1.303123262246257408e+00
2.281209651288591544e-01
-2.507224638783771553e-01
4.125397979643787849e-01
-4.485839746506696812e-01
1.665805411344685183e-01
4.576362477807798257e-01
-6.736188867012780079e-01
-1.496476553025782863e-02
-5.293002505561776871e-01
-2.680709954047806320e-01
-4.336889704130397760e-01
4.369260297001904547e-01
-2.380936233426051984e-01
4.883794741534295270e-01
1.021441049112055133e+00
2.494144143175658357e-01
-6.733201262129204778e-01
1.872303579523890704e-01
-1.866177955967920354e-01
1.852864054171954322e-01
3.367429206740579772e-01
3.334330833241256897e-01
-2.203768272985531240e-01
-4.495293053912838843e-01
7.558882874379904138e-01
1.320201741014548347e-01
-6.866446680515814194e-01
-1.414865129833277280e+00
5.805265788832123519e-01
-4.836296673197457707e-01
1.393645776352895993e+00
4.234146580300732765e-01
2.815464257772326562e-02
-1.186676692235815178e+00
5.865082778602301872e-01
3.715178875966076433e-01
-1.456607902383441733e+00
6.993025196122202303e-01
1.440152545648416549e-01
-1.708262818714256781e-02
5.134619858318423269e-01
-9.515902956729682671e-02
-4.807047797333909855e-01
-4.240058768071675033e-01
-8.396154486203490919e-01
-6.213605028063851066e-01
-6.362487663879345945e-02
-7.931863138015087245e-01
-3.779098432651046835e-01
1.296951852222878898e+00
-1.245270950208219318e-01
-7.129656695476427331e-01
7.191961497530385827e-02
-1.652637953791453285e+00
-4.899898124010135803e-01
-1.883038385735975595e-01
9.819307504774048567e-01
-6.612842604173776451e-01
5.559007836930973667e-03
-2.602592238053436091e-01
8.467202041078945030e-01
3.792250943474932967e-01
2.208550228884211819e-01
1.039725784205563386e+00
5.631358709891962633e-01
4.437032924099968412e-01
1.964010115339398510e-02
-1.311038097399323199e+00
6.569083198935228296e-01
2.039282156533737123e-01
-2.292260305532023423e-01
5.103700417945278289e-01
2.134189374702710751e-01
1.925445816891198092e-01
-4.460439326750620381e-02
-6.974394956110749888e-01
-5.967424314737730384e-01
5.304011477794663421e-01
-3.932067166427284377e-01
-2.755092953872395611e-02
7.334018135803175298e-01
-1.126333695172035299e+00
4.069673273725458174e-01
-2.177337929385512183e-01
-1.027868155546833862e-01
8.475872053515454141e-01
-7.413366923248965179e-01
-2.065223543260152894e-01
7.151348259744247926e-01
-1.345895906072378523e-01
2.470842666026484835e-01
-1.885899749784867296e-01
-3.092375137929419537e-01
-3.346056285026817179e-01
1.967384199187396376e-01
7.090068009282575190e-01
-3.783890407848913284e-01
7.501638883407393266e-01
-1.027858186164802845e-01
-4.204722770893383199e-01
4.110675715682221565e-01
6.285756723367761367e-01
7.225602474526491292e-01
7.586085666722759413e-01
7.081825979423603812e-01
5.304047467251784553e-01
8.815688744583649594e-01
4.989948463880189422e-02
-7.773735905109679933e-01
5.714206615411328016e-01
-4.034292840337219133e-01
-6.461298396265755528e-01
-8.299406497759056478e-01
-6.082450843292850351e-01
3.000793084845332359e-01
-5.426809204770108863e-01
2.611246505825111086e-01
-1.103988933596680155e-01
-4.691149603948545632e-01
-1.572662281690124786e-01
7.079323028205619650e-01
-3.429761598340785866e-02
-7.260605423511670153e-01
7.721917789441867797e-03
-1.101220739096948620e+00
7.974978049859426932e-01
-1.815278140889349245e-01
-9.715056371226360454e-02
7.290536018578830380e-01
-6.215227225415569379e-01
-6.198444546749293238e-02
-6.672025297286054979e-03
4.139334378958707816e-01
-3.228652092619297420e-01
1.804246395355670884e-01
-1.239595112862206250e-01
-1.513072263783072913e-01
7.213396345579239366e-01
-3.917154431974658735e-01
-5.774070716744059695e-01
6.844384241343792752e-02
-8.339509880813640308e-01
-6.189451679857160826e-02
5.891735067499173084e-01
1.113747219219157536e+00
8.059252253261846022e-01
-2.762731765730226385e-01
-1.396255358780388978e+00
6.789414749542999061e-02
-2.241717251029555769e-01
1.659916248577353315e-02
8.026125056676303160e-02
8.618376573051289569e-02
6.737586128839083699e-01
-9.740313245345326720e-01
-1.779763640760734233e-01
-8.104283155412428385e-02
1.241323927327453447e-02
4.942406546635247366e-01
6.720873310406441092e-01
-6.882453693129608752e-01
-7.526619966712617682e-01
1.826767151969246328e-01
7.617332051124989789e-01
-9.258688759009192637e-02
-7.193310376650607907e-03
-6.727034670782261472e-01
1.928232457014544821e-02
-5.275527259803842739e-01
-2.595968729995199453e-01
1.371398089121109720e-01
-1.423561763699038529e+00
-8.168420502182902609e-01
7.621439941838126231e-02
-4.741850323543399526e-01
-9.608534163734097078e-01
6.513654134523783057e-02
-1.979441455296937491e-01
8.267557793738156136e-01
9.915196479166166199e-02
8.695730048589114247e-01
-1.028036858811328891e+00
-3.980635883594390023e-01
8.898276823350954601e-01
-7.417958925824104099e-01
2.654508842257010670e-01
-1.367540374304260897e+00
3.154715318868230867e-01
1.513767986884193562e-01
-5.667821330204692032e-01
-2.245953812212935219e-01
8.830766533441058996e-01
1.639899124219326154e-01
5.800523503121546298e-01
5.822311558287616151e-01
5.714929160831054844e-01
-4.795369150815105286e-01
-1.608216918772518156e-01
-8.571468899201573066e-02
4.433014907726393616e-01
1.200675626731744217e+00
6.546303622906188835e-01
1.563937082299364789e-01
-3.741758814162672309e-01
4.345199706563551700e-02
-4.238705711111254715e-01
4.554315229338898874e-01
-2.485967099188171048e-01
1.373353881764929341e-01
-9.233787042031691428e-01
-8.360778475211763094e-01
1.046056466893894310e-01
4.061307801305034104e-01
-7.909337473703823562e-01
3.695730708613371718e-01
2.829239273762276241e-01
-1.162690128519781929e+00
4.567865823111620927e-01
-5.891014258168612017e-01
2.536641900877700806e-01
-1.028463003905866202e-02
1.171594672567977113e-01
-1.232252920133012353e-01
-9.758409601577859860e-01
-5.892115604246166427e-01
-2.340832375583650204e-01
3.629007565109301225e-01
-1.450247627050913479e-01
4.941413405863919195e-01
3.797022244387200374e-01
-1.546106036194154321e+00
5.759143843723073530e-01
8.738013992430113674e-01
-1.386703588226540163e+00
2.037496930878477386e-01
-5.870281323479211721e-01
1.084253711934435316e-01
1.223520213789441868e-02
-6.146773323011824885e-01
-7.497634974288294174e-01
1.029435255890439826e+00
6.307800201665179074e-01
6.342728733754547932e-01
-2.247085344824819586e-01
1.474817408806856633e-01
-2.406921040350464835e-01
-1.596921496077587932e-01
-3.876250878232037067e-01
9.307819560163377304e-02
9.871035451897078872e-01
9.029647437213856875e-01
2.878807437512298506e-01
-6.703578433090502386e-01
4.934023513410901174e-01
8.969328233568649722e-01
4.701642195201607421e-01
-5.709546829276108681e-01
7.138629033358174780e-01
2.623311055407562264e-01
-5.195208037684082569e-01
-3.060403269296489981e-01
-1.141735367220882758e+00
7.975181648941775947e-01
4.415031896305041670e-01
5.254544163141137147e-01
-6.324016317543321719e-01
3.140476262539344532e-01
-1.962309082521516146e-01
-8.380874856942455153e-02
-1.327513241345155137e-01
3.871760619236175316e-01
-1.000276018456745852e+00
-2.277837154060202707e-01
-4.582373988345711524e-02
4.542362780160047464e-02
3.949896811647812811e-01
-4.856585375896420587e-01
-6.192802155941734554e-01
-4.755293216902849451e-01
-7.714059409478837281e-01
6.182135712994361043e-01
5.246892922492429889e-01
-9.954801335234364501e-02
-4.308378808690447315e-01
3.054702473766379711e-02
4.256743193182241924e-01
1.436394383800649877e-01
-5.448009914887119720e-02
-3.383726079522819674e-01
-1.458160416604119547e-01
-2.653019419560651571e-01
-2.001288634174782644e-01
1.872472243868426034e-01
2.377505343361141499e-01
8.189168883860897807e-02
4.727768001192131919e-01
1.932852889558596132e-01
5.749085290057465158e-03
-6.761989494515727728e-01
-7.400555728376279063e-01
3.785770169179585309e-01
4.499581450067484667e-01
8.569084483443489830e-02
-3.629656027189431811e-01
-5.641634953309768719e-01
4.362176019110020064e-01
7.690715000273264934e-01
-8.095909351676837673e-01
-5.008053874831492891e-01
-2.139409964151273158e-02
-6.171407246730975515e-01
-1.073979756728153934e+00
6.763108359574587780e-01
3.315607395817963265e-01
-3.758885108993048618e-01
5.408079238774456954e-01
-1.870928975579575493e-01
7.743270538938604730e-01
-4.458137229203655849e-01
7.549570423549303300e-01
2.919290452085370191e-01
5.368202931175964920e-01
1.646832887327853712e-01
1.042726197523879961e-01
1.013457903473251598e+00
1.710383288368921839e-01
-4.836045113841693777e-01
-2.649421420506676839e-01
-5.537051845500453595e-01
-3.743386569180726653e-01
-7.914568101643091325e-01
6.479526387732015280e-02
7.626062023342150553e-01
-1.610179381638437768e+00
3.572686833589902022e-01
5.357999385566545314e-01
-2.097060939204888896e-01
5.749872769544666085e-01
-1.773795762339140936e-01
-3.132888650546341580e-01
5.783223356646516322e-02
4.857842172158433058e-01
-8.186765959645105895e-01
-2.997726369856836826e-01
6.942631747024519129e-01
2.087567423616381035e-01
-8.916914039585934759e-01
1.823546388639085691e-01
-2.449498464462118719e-01
-1.704042723429886053e-01
-1.388893066194185621e-02
5.644838710057857867e-01
1.075822818425837823e-01
-3.584805439293639040e-01
4.319916250403448288e-01
-5.877892688521129116e-01
-1.814858115212913958e-02
-6.105099595046006300e-01
-2.083046380953881282e-01
-4.477964058962085048e-01
-6.454371074098119720e-02
5.210039436399220847e-01
4.557885983538803032e-01
-2.092507077751895039e-01
4.525021877748915955e-01
-9.065959979442244077e-01
5.535479968761176650e-01
7.619057838728560128e-01
3.362988510633506678e-01
-2.652011781170227067e-02
5.139660910165044783e-02
-9.088111507706635450e-01
5.116154325192336927e-01
-3.785584651050140081e-01
-8.439809886314559861e-01
6.699134504821744329e-01
1.177661501071014527e-01
4.151965889643420837e-01
-2.598882125408064070e-02
2.811581153686031342e-01
3.399268448930659048e-02
-2.293315843742593785e-01
-2.399814132611890471e-01
-2.000969179268983211e-01
-3.800906991872032847e-02
-7.169287766637033599e-02
-1.360626637085431412e-01
5.923281916783196266e-02
7.355257593476860478e-01
-2.429420227761749373e-01
3.179181261804391312e-01
5.897742356437021272e-01
-6.604577437905927439e-01
-2.940357614526636354e-01
-1.015760028420746863e-01
-2.301390400327356645e-01
-2.449451809281901760e-01
2.517883634735396114e-01
-4.732084976755146499e-02
-2.963405139954389256e-02
-1.900618951561581227e-01
2.254657934535568842e-01
-1.577841206440542265e-01
-1.401549482227959498e+00
1.495360842807791357e-01
-1.074751067944905714e-01
-6.212172967051783345e-01
-5.096788194791654902e-01
2.273858990681620895e-01
6.086714909321599976e-02
-1.766961952555945459e-01
1.130276226344074431e+00
-4.881591934740470151e-03
-6.898232996934119399e-01
1.898508836485408580e-01
-4.277334593956689801e-01
3.534293136744075525e-01
2.319313199090045075e-01
-4.079950381045511776e-01
4.237927587505954108e-01
-7.334227756364963824e-02
2.474271439741082546e-01
-3.810377540316363110e-01
1.343035154257652408e-01
-4.646263673954180717e-01
-9.300156460845077078e-01
1.546397078927494562e+00
8.701175358414197092e-01
5.188274147851412721e-02
-2.368155488748522330e-01
-1.165827070738523652e+00
-6.365756437300369441e-01
3.234113608707076537e-01
3.561940213445824455e-01
1.353123269109246962e+00
-1.258297684583782328e-01
1.388351742063190564e+00
5.001255253163154890e-01
3.852311775548677986e-02
4.228898652873782638e-01
9.016939133008117224e-01
-6.268835123734231018e-01
9.155514100439319236e-01
8.362840270969540413e-01
-3.160614402766572795e-01
7.274511659633020599e-01
-1.360747578832555149e-01
9.256111404863265335e-02
7.412354142173782634e-01
6.273770951850190514e-01
-4.633204779615800462e-01
9.912260819984908267e-02
-1.002264357129356576e+00
1.474491061132363612e-01
-6.516305271860467485e-02
-1.489064932174191114e-01
9.813030655308674355e-01
-1.163483190834675440e-01
-8.362156900513442181e-01
6.470722023665773648e-01
3.959688951537865265e-01
-5.964271679497485934e-01
-9.132666069114936391e-02
-1.489151131302453024e-01
5.972438196713341085e-01
6.489273881311419245e-02
-2.697675452599419543e-01
-7.388526460231945592e-01
-1.081980341380557320e+00
3.353599186549827138e-01
7.019024153677086986e-01
5.108783598387560687e-01
2.063073264550840946e-01
-8.541846799046268757e-01
-2.461128591654206943e-01
-1.973512634715781644e-01
3.828362332432009296e-01
8.204059020049001560e-01
-3.631376623980129281e-01
-1.076782111887580662e+00
6.931009146216293715e-01
-1.107075586126606837e-01
1.069859518942894994e-01
-4.790390948305383034e-01
-1.785934164743521180e-01
-1.024131426650978227e-01
-8.598240515076511770e-01
-7.519227308046438907e-02
-4.851071215070410503e-01
1.058712955151986712e+00
-2.139316293739383923e-01
-9.660802574853377678e-02
-1.009357892536133505e+00
-8.732854908578149278e-01
-4.439605474508079297e-01
4.342994142511962252e-01
1.136640395712403162e+00
5.319211276897473084e-02
-2.900267429859235691e-01
1.637338275747257654e-01
8.226188709771768970e-01
5.818419143036548391e-01
-1.350261719127283655e+00
-4.041938727867311343e-02
5.999450021068941652e-02
-8.393480123271270799e-01
-6.360889702581111749e-01
4.623766961042381496e-01
-5.152313398330923278e-01
6.114839425276219487e-02
9.593821926337087191e-01
-4.327065205696776218e-01
-7.864183194295284451e-01
4.199541562060922217e-01
3.389117217044077535e-01
4.121760034403001427e-01
5.971159339686167300e-01
-1.025241013039234872e+00
1.607340796117373571e-01
-5.612053256228595188e-01
-2.228094915666147813e-01
1.396919294759856101e+00
1.071595727394796249e+00
7.923098092274898363e-01
1.177442330222149280e+00
-7.861547791425262943e-01
1.194430620025531908e+00
4.585235752544036814e-02
4.644617741771730479e-01
3.623020211378218391e-01
-1.404207079468564601e-01
-1.762813531438309766e-01
1.741653481100406964e-01
7.695974607944595647e-01
-4.834051681072928375e-01
-3.118936116213593124e-01
6.121579632383333802e-02
-3.628621973497647701e-02
-6.106766029674552954e-01
-1.366298651152062504e-01
-6.571669767018661901e-02
2.310832471304280489e-02
-1.094911904283077497e+00
9.436413760462647460e-01
1.123921211377352236e-01
1.535018068182800732e-01
-5.001512636376945764e-01
-2.296558108445383439e-01
-9.146744026341400158e-01
2.296402694817691881e-01
7.826735692687289969e-01
1.191619781529196231e+00
-1.241930537575909099e+00
-4.664931831125143091e-01
-6.288144384914362561e-01
-1.865337987226913796e-01
7.769883698975021957e-03
-5.347879076526194098e-01
5.623172303656112092e-01
2.405980750758631714e-01
3.573665598159401213e-01
-5.421647526995796440e-01
-6.413366781843201636e-01
-6.941928893014432944e-01
2.104941628541894261e-01
2.989236478025549815e-01
-5.607845086971758874e-01
3.505553475412384046e-01
-3.547583164523890886e-01
6.847969883307181149e-01
1.782716398116610534e-01
-2.638510265607791894e-01
8.338171111270717972e-01
6.834296132874584373e-02
7.105048034874510421e-01
1.153953966804311726e+00
2.761187789871932807e-01
9.543989514287165576e-01
-1.221109553366916955e+00
-5.096904468381477926e-01
-1.818361565823920500e-01
-8.626314885146548761e-01
-1.895669131745982838e-01
-3.660763842348506714e-01
6.866695744430648674e-01
-7.803110651202622705e-01
-5.557057102833953266e-01
1.128721640298625317e+00
-2.878924391008910177e-01
8.900819793240000166e-02
8.973114155445527373e-01
1.104328472377741122e+00
-7.312480481679095590e-01
-2.350240735184572216e-01
2.467560696969437473e-01
3.058286361849651414e-01
-1.711909850188151339e+00
-1.328019695648121612e-01
-9.183951034702362293e-01
8.490957562021339555e-02
6.182474711319807525e-01
6.619892333502006565e-01
4.256138854741555733e-01
4.695859367065846612e-02
2.302587889615281824e-01
-7.148476157838077327e-01
-4.150189931513192931e-02
1.189129027750984946e+00
-1.409987630485808552e+00
1.109753391239507891e+00
-3.572751558171027852e-02
2.389487210131955308e-01
-1.066964543453110537e-01
-1.148554749523249541e-01
-5.939502902756821356e-01
-7.768341973144554657e-02
-1.936389387664503303e-01
1.943277747566991565e-01
6.221245552300906922e-01
5.358336578131321914e-01
3.973934853778899878e-01
1.250206118249832521e+00
-7.860898783448462268e-01
4.634419573414323423e-01
-4.065909942120979892e-01
5.579503313378273432e-01
-3.677971137749862507e-01
2.140381297185323106e-01
9.172270596652865038e-01
7.253806601450474290e-01
1.806533789006268265e-01
8.795916528032341475e-01
-1.364086506341638305e+00
-7.141955504368553420e-01
6.985150437565952330e-01
5.936491682308817630e-01
-6.787691247704419339e-02
-6.558330016952051977e-02
1.549981044082624493e-01
-1.060042982856164606e+00
6.791833805259770429e-01
3.261034654553309764e-01
-6.596953903776263672e-01
-1.908781138331869798e-01
2.760872849807469720e-01
-5.032697777165200392e-01
-2.068395665482958279e-01
-5.853133467955800029e-01
-4.477956947762997686e-01
-1.099136224337193823e-02
1.068161398336186174e+00
1.650246413171796434e-02
-2.957805630296643784e-01
-4.518077725262719113e-01
-9.194938609836054155e-01
-6.812576234115788054e-01
2.119576532007805270e-02
-5.013097922318792143e-01
-4.699053316727939134e-01
2.798151128419448241e-01
4.882555133588191154e-01
-8.822469748179422311e-01
3.715680234351559363e-01
-4.259490559823921885e-01
3.800811868276712246e-01
2.285444087968695470e-01
7.270249595559707956e-01
6.252118551048013728e-03
1.928771644445470557e-01
-4.013477824799274174e-01
5.429327500282408181e-01
6.951039890240915398e-01
-1.032679938331018121e-01
5.639955888210188562e-01
-4.392603533962367024e-01
-6.672591740964772811e-02
6.565111178053051333e-02
3.553601318087089567e-01
-9.355348906321090396e-01
-5.723178110240016991e-01
-5.031711257466042753e-04
1.122496121369181310e+00
1.027688662341064152e+00
-4.453761224811056962e-01
4.976145413325809841e-01
-8.107210551408288168e-01
2.277439677163703990e-01
9.022984204092132643e-02
1.158751664994164265e+00
-1.121092978748992941e+00
-1.941338959437635125e-01
-2.317608088185902915e-01
-3.062641024145751345e-02
-1.414237322624677162e+00
3.029391416237769974e-01
1.211608754994408343e+00
-3.971031219694420855e-02
-7.266152879194258674e-01
-5.354980646573430647e-01
1.963050137408099971e-01
7.914921972355948299e-01
-8.430642641330612364e-01
1.175895479582314884e+00
-7.328200678616347830e-02
-2.658978258161317498e-01
-2.704859381296467191e-01
-3.148508883889524768e-01
-7.579565176838514162e-01
1.106876546384691906e-01
-9.263001108902102487e-03
2.874905243900736096e-01
-2.241954408361470641e-01
-1.533487176447599687e+00
-8.225067254210181034e-01
-4.908593385383035468e-01
-2.518078650907407123e-01
-2.898811446043234596e-01
5.294576086738098653e-01
4.124011516879013683e-01
9.053001464893011274e-01
9.072036254448594406e-01
-9.460895510522293606e-01
1.947847880555730882e-01
-1.485770755881965499e-02
4.536396278349394962e-01
-1.912529995671903293e-01
-1.087222187432228537e-01
7.840921783077607898e-01
1.143255709743330684e+00
-2.749220952115303263e-01
8.257732798981365363e-02
1.016416166777309726e+00
-1.032518979724627251e+00
2.148124528071964079e-01
2.106349471757527070e-01
-7.715415088905617225e-01
1.691274171571421903e-01
4.211487216192724148e-01
4.617829244471494121e-01
-1.475747552147089969e+00
-9.572567731139525193e-02
8.785753349179259430e-01
3.184992345752242215e-01
5.672401349075153476e-01
2.868344399098132769e-01
3.851497793774241174e-01
7.974749517258761244e-02
-1.241798334105097545e+00
2.989806342034135866e-01
-9.321887934070973714e-01
5.234740874198005045e-01
-9.521418818678295537e-02
-8.458435229665459687e-01
6.363647206753197949e-01
-1.067521364374806936e+00
-5.545999213717180965e-01
-2.619537411969758978e-01
1.327743740036773090e-01
-4.969988346889167019e-01
-3.775426042353942080e-01
3.193732424412072390e-01
7.453949904803103266e-02
2.663414875484342303e-01
6.359172627595395255e-01
-9.174774366062177222e-01
8.140173331216882247e-02
-2.627543675179166982e-01
-2.456698933089329628e-01
-9.346456224717121231e-01
7.890533450978010066e-01
2.769936790477114386e-01
-5.947447845561351087e-01
7.508269649328225270e-01
6.902530463650036197e-01
1.957581050203369699e-01
2.059969341161860257e-01
-2.554150466710956024e-01
-3.143225889834955211e-02
-1.021251438530774269e+00
1.820357297744656933e-03
-3.319004660935709339e-01
-1.031729659841040814e-01
-7.618086858060451050e-01
-5.896319985772713324e-02
6.879042277372882097e-01
-3.763719796550368812e-01
1.330495170361931656e-01
-3.924528834139593414e-01
4.786137432118149349e-01
-6.217348871399916987e-01
7.003528066195308099e-03
-7.095787911651347812e-01
-1.406867950926456778e+00
-1.001883051737488373e+00
-1.137867030888650266e+00
3.921136138679575112e-01
-8.069416540715925734e-01
-3.533585905776215341e-01
-1.035362765057290968e+00
8.159972939941129155e-01
-3.568166508026244799e-01
-5.259447221405126882e-01
4.090256189938825671e-01
6.404915063414318155e-02
-8.996679922706611876e-01
-6.109325791157473873e-01
1.123383430928055482e+00
-1.035479764939389202e+00
-3.053795080295884645e-01
-5.459563081037206445e-01
-3.005246823470928419e-01
7.035277855080623866e-01
-1.799123045883455063e-02
-7.414142765613274122e-02
-4.509657775008886205e-01
-6.715238935564356026e-01
-7.123898343506249731e-01
-8.062488461488772629e-01
3.919417258051396402e-01
1.500307737403661079e-01
-6.908215748319879168e-02
1.773878835518143404e-01
-1.016876512781412778e+00
-5.503766488282471059e-01
-4.501808497007706578e-01
7.161458200426604748e-01
-4.895342099989434814e-01
-7.934583709085076819e-01
-1.055068836666450682e+00
1.004190201526441228e+00
-1.130654890493643094e-01
-2.849640538860978012e-01
-2.223680699168149033e-01
2.019335331579714676e-01
4.369834484271173380e-02
1.099938523031264381e+00
-1.912464531902262621e-01
7.204441964537577903e-01
3.498758670418737893e-01
-9.046795945494743307e-01
3.131495782707993669e-02
6.764165278104892209e-01
4.121640624985367651e-01
-5.189873855821662829e-01
3.202413130511168049e-01
-7.652909919220078905e-01
6.733740485866768211e-02
9.425059417444927590e-01
1.026242225391195362e+00
2.697377314679263449e-01
-7.009816613851871381e-02
8.287002659146338601e-01
-7.948693204000640833e-01
1.083637231028822256e+00
3.987457976536310511e-01
-4.424197541620209506e-01
-5.898286695766277177e-01
-1.181740221147410175e+00
-2.798201788161440717e-01
-1.323596265402526839e-01
-8.097841720532112930e-01
2.051068874262274022e-01
-1.323186203574104880e-01
-1.116832487148840869e+00
-4.874785968961914406e-01
-6.842635447973854923e-01
2.485470440504204959e-01
2.103946598861394790e-01
-3.072724684839851506e-01
-5.146538710974377651e-01
7.983576544615678117e-01
-1.453930267774126150e-01
9.597145259319717070e-02
4.983221543760389949e-01
-2.412421092037408954e-02
5.001491117903347217e-01
-5.258426690008688453e-01
-1.399703952288335884e-01
-4.385025238180864093e-01
1.264124141284304059e-01
9.861309023949127450e-01
-4.929926046316781552e-01
-1.180730895158407456e+00
-1.895594675848242261e-01
2.989941679647571959e-01
5.789190713207936767e-03
-9.821163209937733285e-01
9.462408069272898459e-01
8.999946913521341685e-01
5.840888261729020314e-01
1.037654429344598839e-01
1.693826489313643435e-01
8.618476358491431455e-01
5.724792324740191063e-01
-5.976708637712224714e-01
9.864899806981615171e-01
-1.205104424893756132e+00
-4.721394043292566067e-01
-4.761992080819945627e-01
-7.618390843782929522e-01
-1.228590536778020326e+00
-1.386214268853001030e-01
2.869483274984485632e-01
9.084218761079299043e-02
6.346612803931179769e-01
-9.635707597529643564e-01
-1.201121719869933102e-01
1.063042958695319840e+00
4.902198289313268731e-01
-5.568860499210419590e-01
1.389600914595501280e-02
7.733952867645754736e-02
-4.759811046727548955e-01
7.075277984051187019e-01
-3.511071090133608408e-01
-8.369167031781632460e-02
-1.597795314184127236e-01
1.039439382464372841e+00
3.122611022106429601e-01
-2.284205419102658396e-02
6.384272270944002514e-01
-3.318390623767264458e-01
-2.344187437359011028e-01
-9.353996852625190428e-02
4.011971418706981041e-01
-4.953625576198223968e-01
-4.413424956250606712e-01
-3.825448072614729966e-01
5.233810079602063681e-01
3.853633995584999639e-01
-1.898145471301315723e-02
-6.063169655921907264e-02
-1.828754414043025633e-01
-2.764198489830604899e-02
-1.337459117815495979e+00
2.600903336016537892e-01
-1.018315358695879524e+00
-6.682345411899284215e-01
3.550992769963734474e-02
3.685443690925964688e-01
-5.377667971671238334e-01
6.661756205285200849e-01
-1.710549841775863555e-01
1.764776448391014441e-01
6.600812825262902805e-02
-4.965620262919152594e-01
1.933498836989038239e-01
2.016627350545174835e-02
2.945089976216603844e-01
1.064717375233787955e+00
4.724128608955968645e-01
2.826572601116161820e-01
2.621862349917574164e-01
-6.435086318727476495e-01
8.074028837947402337e-01
1.014549914370244110e-01
3.662897050863129778e-01
-1.165687236355430478e+00
-1.063403292757002738e+00
-2.792510323103005732e-01
-1.872733621327355991e-01
4.877536088703919859e-01
6.767234608330952028e-02
-4.499736803740743696e-01
-5.604140097140586363e-02
9.463380958990095237e-01
6.226645097496152914e-01
5.529410836626000858e-01
1.657786305342199284e-01
5.517392745780789198e-01
7.796056148509302730e-01
-1.336326680672979439e+00
-2.169730379411234367e-01
1.657075900738655960e-01
2.451127424437480329e-01
3.270423605169083814e-01
2.863817067233975777e-01
2.597192349578216763e-01
-2.915065297106007591e-01
-8.080317356020829678e-01
-1.881740515214413989e-02
1.718407732814766220e-01
-7.240372093002900300e-02
-3.487744524068867591e-01
3.252097518183996172e-01
-1.053111720682879948e-01
-3.679016816188909189e-01
-6.882516373006266619e-01
-8.173072631467217519e-01
2.149638256412291781e-01
-4.654667941409913468e-01
-5.699008616874259303e-01
-2.071999478350665669e-01
1.516331840320166435e-01
-2.473857874906251197e-01
7.403875338202601242e-01
6.767788649622588082e-01
-4.007947521686769932e-01
2.404975893147494048e-01
-5.878216666542614988e-01
7.808212565257113269e-01
9.504722144585331378e-01
2.340936359764000940e-01
-3.650580233295821486e-01
3.956934328672367940e-02
2.343088235419763521e-01
2.190876452117853646e-01
4.430653138960778392e-01
4.045602067174067784e-01
2.266714232111208815e-01
-6.322400574401809692e-01
-5.116151263488237788e-01
-5.435658066206281447e-01
2.872049124952047450e-01
-4.348629101737238045e-01
5.683529112653484816e-02
6.316522491801563888e-01
3.084143176994222912e-01
-1.740650984142346758e-01
2.104326357938184344e-01
6.273815409391065856e-01
3.400985115512566992e-01
7.859324940506686730e-01
-5.605592592364141424e-01
3.119048510257727003e-02
-5.578953059623872335e-01
7.745167991376034067e-01
-2.783491193278289089e-01
1.721892918359380076e-01
-4.760074249725070317e-01
2.737407609242428208e-01
4.607320261325877908e-01
5.162027535044133586e-01
1.167884709585154113e-01
-2.375550048353431976e-01
-1.348367586056573586e-01
5.695525280466551266e-02
1.960374390983874449e-01
1.661711916389343457e-01
-5.473991194567515706e-01
2.528772119254520945e-01
-1.112787916257289567e-01
-2.861027891475407259e-01
-1.100462887287951830e-01
-1.171736429759945075e+00
-3.050219991383693596e-01
-5.219039258662618863e-01
5.199501681856899538e-01
-8.856445219578246153e-01
-6.083751118005071845e-01
1.962119778660964542e-01
8.079414470298198481e-01
7.399666075844564261e-01
-4.372306211262513287e-01
1.038032534865651613e-01
-6.650161908670524369e-01
-1.376657290521343668e-01
2.566805362572015525e-01
-5.231397949210983001e-01
1.678023720343269076e-01
-4.682220065461475400e-01
5.759552383992403435e-01
9.843396342659760379e-01
-4.830773227030684680e-01
5.496123361919291739e-01
-1.444807539464736390e+00
-7.537216826574884010e-01
2.215447174762221749e-01
-1.464177132789847846e-01
5.011948276967492788e-01
-4.198303347396485918e-01
-1.593148667550075004e-01
4.542236809421851262e-02
1.199702787684957528e+00
5.529911666286926319e-01
-7.394985655659311874e-01
1.037653708885320825e+00
9.223072795800213441e-02
-1.482150196196512226e-01
-1.966224129521414454e-01
-3.011580312713295626e-01
1.861106394726110835e-01
3.350302362000778800e-01
-1.245095565280793792e-01
-4.772042053263634287e-01
-6.285980390290610842e-01
-1.490990289702347482e-01
1.418797154832560636e-01
-1.302727942526242799e-01
-4.155131243366652072e-01
2.133968958958369910e-01
1.018422451656455507e+00
4.558843996759520678e-02
-8.478937671322448466e-01
8.163543673141395729e-01
1.038180768004743904e+00
-3.546037641863604151e-01
9.905333716954594081e-01
1.980154037617580798e-01
1.503960567073097110e-01
2.242814512825477280e-01
-5.412710597492100817e-01
4.273509673544602094e-01
7.188982298571904295e-01
3.710365091515432923e-01
7.063831038119294803e-01
5.025660048697844218e-02
-4.928501838409307112e-01
-5.646204613102021597e-01
-6.221103545853310379e-01
-2.433663783029729188e-01
1.941842670333819854e-01
1.125788810091599146e+00
-9.108559616493199229e-01
-5.966008939711358039e-01
-5.222809681102607016e-01
6.378117235844804611e-03
-6.311355585122839784e-01
7.068025733123706189e-01
1.278766831065070164e-01
1.274234323149068260e-01
8.664776181473063943e-01
4.492078947510957931e-01
-5.898210715309391006e-01
-1.259232099227833857e-01
-3.539278415797237898e-01
-1.741371105747266945e+00
7.848647546878613213e-01
-5.279513993018492002e-01
-2.758986435503292256e-01
-1.773157203804265336e-01
9.938281954834273790e-01
5.059533576633317153e-01
-1.459890726065413702e-01
5.673413912612783605e-01
7.603744494207642646e-01
1.097267094186267222e+00
2.230254554443655834e-01
6.145606670061614096e-01
-7.655296257989618880e-01
-1.196503382331544074e+00
-8.356266906945277739e-01
-7.379321135187355551e-01
-4.310336794986353581e-01
6.052395811096120681e-01
1.774144229136886963e-01
-9.462463558869771418e-01
-1.136812414100329072e+00
-1.237386902771584474e-01
-4.621673176920459980e-02
5.272729370266819870e-01
-3.320220988770810067e-01
-6.474379882159659871e-01
3.303976224325113620e-01
2.907419255246921352e-01
1.062084079825673655e-01
-1.417704620886857114e-01
5.094369662808881927e-01
-5.952491591696436046e-01
-5.991034429429822339e-01
4.379654662903300633e-01
-1.106815879001849634e+00
-8.989052423047105833e-01
7.250141493022148609e-01
7.186592174826413881e-01
1.228710338362137833e-02
6.057865383130112136e-01
7.666659409920288937e-01
9.180749175936142592e-03
-4.321349457556404872e-01
-6.675553277714687539e-01
5.933255747886700959e-01
3.701113491970513536e-01
4.117318106341771866e-01
-1.064488151985596431e-01
1.583850643044153017e+00
-2.215217328261349650e-01
-9.928006929002641812e-02
-3.087380208755687860e-01
-4.163344579083894104e-02
4.330047944981902930e-01
-4.541519964919906727e-01
-1.700187068237761778e-01
8.141284082606521366e-01
1.723579328149824619e-01
7.764485459715135818e-01
-9.447982127621568083e-01
4.764807658928038592e-02
6.593130205438182401e-01
-7.998555850820814328e-01
4.123737757023580031e-01
2.638757094089774213e-01
-3.026274005758899932e-02
-5.383616851401811232e-01
1.372891596684127080e-01
-1.024537282761552426e+00
8.690872772188829032e-02
-7.201975772340585280e-02
-3.952235355077569068e-01
4.688589658858877129e-02
1.560372003092735937e-01
-8.456564285959586869e-01
-7.981017561399061933e-01
5.676239963000444533e-01
-4.771369376894156744e-01
-8.844817912639602042e-02
-6.966831725113529217e-01
-6.804716290335726114e-01
3.219988278984793340e-01
7.790031822022349672e-01
-1.411250091063225298e-01
-6.760309604299781228e-01
-3.705435859900827467e-01
3.919420941505258327e-02
9.472428677742250613e-02
-5.343461044491721879e-01
-2.182190789608728920e-02
-1.269223240943917030e+00
9.725750166456368362e-01
-2.789562150781197403e-01
-1.348143167622385619e+00
-9.076130694779438457e-01
2.594961418032113443e-01
6.093376685033806694e-01
-5.332885611221227506e-01
1.134911149755000181e-01
-5.463515575240851518e-02
1.153692583500109947e-01
-7.836569717809807045e-01
5.227798279065334341e-01
-5.403767665924243957e-01
8.051453066825242644e-01
-6.701043584891879235e-01
-4.399886247740001366e-01
-6.620099640610357383e-01
-4.354972097840104084e-01
-8.783315141802336967e-01
5.866044185165550928e-01
-2.252861413697946347e-01
-4.862033585254668111e-01
-8.499155098433126554e-01
1.040842323645851053e+00
6.097130997609570002e-01
-6.092707052164190173e-01
-3.332751798887958472e-01
4.868328780080659612e-01
7.749500871921650713e-01
-1.092838437865043311e+00
-7.764668473961791051e-01
3.888545187780536594e-01
-3.011163180789280247e-01
2.084294063464060542e-01
4.377424430344394324e-01
-1.090190145456363169e+00
6.918816733728601065e-01
2.483315442968114795e-01
-7.812889669121974023e-01
6.705230876301113696e-01
-2.792320923052855619e-01
4.700224594027382352e-01
-3.989615183174430868e-01
-1.026537777618482750e+00
-3.429973832206325568e-01
-3.367705866533929893e-01
-1.535377814931051521e+00
7.518607892287931804e-02
4.773213198595991358e-01
1.470185349355279669e-02
3.908646639638826414e-01
-3.515602131640136463e-01
2.999770906314029872e-01
4.908741871712818394e-01
4.658967686956057008e-01
-3.252751088671956836e-02
1.378343936993212893e+00
2.232960846381022435e-01
-3.762317604369478374e-01
-6.417673291992178619e-01
6.503986941398309796e-03
9.764142080280535652e-03
6.646720303921487272e-01
-8.320318197520357728e-01
-1.504966588002698558e-02
1.221007782704219835e+00
1.839898540032267604e-01
-5.572244965691970364e-01
4.508993714449172074e-01
1.657028304789331941e-01
1.305498536394555487e+00
2.882481924895454739e-01
-1.464695015302259762e-01
4.109416006672290678e-01
-3.428439553275950402e-01
5.389126526876317769e-01
6.038452532462992295e-01
-3.923139421316790276e-02
7.727558089402419839e-01
3.797299767334072484e-01
-1.584613531930028074e-01
-4.315957696986831849e-01
-6.566837581525879486e-01
4.860395591014672334e-01
1.946094919595440231e-01
8.372316524721874487e-01
4.460252543796858760e-01
1.683331496304232289e-01
9.086133815751642473e-01
-2.392573832979376647e-01
-6.736245914776919363e-01
-1.668135804245247655e+00
5.267148065388171929e-01
7.956495562096330687e-01
-1.405570265654674245e-01
-3.534817836116657119e-01
1.099143971599403358e+00
1.805898889945476427e-01
-8.073828459927092638e-01
-2.972064355395565016e-01
-3.418230760244425070e-01
-3.296224444326716352e-01
-1.354542880581922404e+00
-7.882511395252143060e-01
6.351286088256458129e-01
-1.814182694938475393e-01
-4.479307614062912890e-01
-7.593649369864152732e-02
6.635712141380034623e-01
3.890772287976034249e-01
7.716379250803040435e-02
-2.442391121092502004e-01
8.001464179467907556e-01
7.550106450563012217e-01
-7.172172590088390365e-01
1.088992549662750164e+00
2.130176756490129719e-01
2.312906387436131084e-01
1.521727000392028017e-01
7.271455880052091203e-02
3.246942748456405070e-02
1.242651982930275345e+00
1.129680718462076072e-01
6.757106921323874360e-02
-9.818252989054290225e-01
9.473819249312356305e-01
-2.796151005197824446e-01
-2.688544763129829818e-02
7.333122943214149814e-01
6.409734334126735433e-01
-4.644811068554020039e-01
-5.085997213308122156e-01
3.734009793152317513e-01
7.293213831959901583e-01
-1.145105596708180240e+00
3.556853097913244000e-01
1.823447208285138288e-01
-1.240770465313620896e+00
1.741346670742105474e-01
-7.150496761028088955e-01
1.003927029170821328e-01
-4.044401579169232264e-02
4.723994886121909431e-01
7.599695421730947587e-01
-1.413007668945853723e-01
-1.253939856375829720e-02
7.727453732161446709e-01
-4.547080985573970224e-02
-3.967710060084836954e-01
2.878320715513247308e-01
1.198555831888853618e+00
1.342692162581489157e-01
2.416606901668671981e-01
-6.604490095283477302e-02
5.889035632667214415e-01
8.435147609024031823e-01
1.132780954111417770e+00
-1.531554612341200716e+00
-3.208060885279611085e-01
-5.971144548468121371e-02
3.219869871949878615e-01
-8.623411256785749046e-01
-3.999618342774349244e-01
2.509455906589366236e-01
1.374529028669293496e-01
-2.580613055147455981e-01
2.341966820719321163e-01
-5.018930171251749783e-01
6.310919706238209415e-01
-7.339835539240358031e-01
-7.733846904791032983e-01
-1.362076930883089787e+00
-6.797417562893244281e-01
-3.352425834722492226e-01
2.540057939319373403e-01
-6.881660752625382571e-01
7.922328992103988554e-01
-1.892613079254861219e-01
-2.779597820166834765e-01
1.536939008975317655e+00
1.985518335051938976e-01
7.450738687998645915e-01
2.098463416868874276e-01
1.633848947527010154e-01
-2.000386977950494583e-01
-8.057333436317168918e-01
4.852017176716998392e-01
4.122222467849621097e-01
-5.818454423051413471e-01
1.997010056073911244e-02
-2.433582015557931300e-01
3.296537806898385270e-01
-5.592907926669923313e-01
3.125666875362211883e-01
-5.312763065750463198e-01
-1.284294419644480101e+00
-2.091814975430619228e-01
2.544679740732123108e-01
-5.441193904450196683e-01
-4.409700920553758507e-01
