3.405000000000000000e+03
3.565000000000000000e+03
3.382000000000000000e+03
2.287000000000000000e+03
2.778000000000000000e+03
1.855000000000000000e+03
4.879000000000000000e+03
4.891000000000000000e+03
1.666000000000000000e+03
3.144000000000000000e+03
1.651000000000000000e+03
2.050000000000000000e+03
1.371000000000000000e+03
2.156000000000000000e+03
2.786000000000000000e+03
1.752000000000000000e+03
8.780000000000000000e+02
2.772000000000000000e+03
1.360000000000000000e+03
1.490000000000000000e+03
1.899000000000000000e+03
4.002000000000000000e+03
2.158000000000000000e+03
6.720000000000000000e+02
1.613000000000000000e+03
9.940000000000000000e+02
1.050000000000000000e+03
1.347000000000000000e+03
1.899000000000000000e+03
1.528000000000000000e+03
2.341000000000000000e+03
2.234000000000000000e+03
1.122000000000000000e+03
1.607000000000000000e+03
1.484000000000000000e+03
2.004000000000000000e+03
1.840000000000000000e+03
1.785000000000000000e+03
4.626000000000000000e+03
1.705000000000000000e+03
1.980000000000000000e+03
3.350000000000000000e+03
3.549000000000000000e+03
3.688000000000000000e+03
3.514000000000000000e+03
2.964000000000000000e+03
3.401000000000000000e+03
3.261000000000000000e+03
3.271000000000000000e+03
9.820000000000000000e+02
9.020000000000000000e+02
4.047000000000000000e+03
1.099000000000000000e+03
4.792000000000000000e+03
4.767000000000000000e+03
4.023000000000000000e+03
4.863000000000000000e+03
4.136000000000000000e+03
2.130000000000000000e+03
5.138000000000000000e+03
5.524000000000000000e+03
5.484000000000000000e+03
2.450000000000000000e+03
5.624000000000000000e+03
5.006000000000000000e+03
5.650000000000000000e+03
4.636000000000000000e+03
5.589000000000000000e+03
4.868000000000000000e+03
1.719000000000000000e+03
1.225000000000000000e+03
4.874000000000000000e+03
4.964000000000000000e+03
4.924000000000000000e+03
4.515000000000000000e+03
4.395000000000000000e+03
5.111000000000000000e+03
4.042000000000000000e+03
5.133000000000000000e+03
4.400000000000000000e+02
4.886000000000000000e+03
4.447000000000000000e+03
4.777000000000000000e+03
4.729000000000000000e+03
1.337000000000000000e+03
4.880000000000000000e+03
5.017000000000000000e+03
5.518000000000000000e+03
5.706000000000000000e+03
9.670000000000000000e+02
5.196000000000000000e+03
1.420000000000000000e+03
5.387000000000000000e+03
5.134000000000000000e+03
4.217000000000000000e+03
5.611000000000000000e+03
4.826000000000000000e+03
7.460000000000000000e+02
4.678000000000000000e+03
5.784000000000000000e+03
