4.242000000000000000e+03
6.081000000000000000e+03
4.546000000000000000e+03
4.275000000000000000e+03
1.427000000000000000e+03
1.951000000000000000e+03
7.203000000000000000e+03
1.793000000000000000e+03
6.010000000000000000e+02
3.473000000000000000e+03
1.600000000000000000e+03
1.222000000000000000e+03
9.446000000000000000e+03
2.544000000000000000e+03
9.850000000000000000e+03
2.535000000000000000e+03
9.605000000000000000e+03
9.774000000000000000e+03
1.972000000000000000e+03
9.831000000000000000e+03
6.645000000000000000e+03
3.449000000000000000e+03
5.330000000000000000e+02
9.616000000000000000e+03
4.877000000000000000e+03
3.729000000000000000e+03
9.196000000000000000e+03
8.571000000000000000e+03
8.970000000000000000e+02
9.267000000000000000e+03
4.179000000000000000e+03
5.408000000000000000e+03
9.896000000000000000e+03
9.367000000000000000e+03
8.620000000000000000e+02
2.841000000000000000e+03
9.110000000000000000e+03
9.429000000000000000e+03
1.368000000000000000e+03
9.319000000000000000e+03
1.002100000000000000e+04
9.662000000000000000e+03
9.963000000000000000e+03
1.002000000000000000e+04
6.460000000000000000e+02
9.790000000000000000e+03
9.799000000000000000e+03
9.456000000000000000e+03
9.099000000000000000e+03
5.260000000000000000e+02
9.707000000000000000e+03
9.501000000000000000e+03
2.261000000000000000e+03
9.669000000000000000e+03
5.120000000000000000e+02
8.920000000000000000e+02
6.940000000000000000e+02
9.864000000000000000e+03
3.153000000000000000e+03
9.947000000000000000e+03
7.470000000000000000e+02
9.586000000000000000e+03
9.667000000000000000e+03
3.828000000000000000e+03
1.947000000000000000e+03
6.279000000000000000e+03
9.452000000000000000e+03
6.230000000000000000e+02
9.639000000000000000e+03
5.874000000000000000e+03
3.510000000000000000e+03
9.572000000000000000e+03
5.372000000000000000e+03
9.765000000000000000e+03
9.554000000000000000e+03
9.763000000000000000e+03
9.821000000000000000e+03
9.382000000000000000e+03
1.014500000000000000e+04
9.502000000000000000e+03
9.276000000000000000e+03
9.441000000000000000e+03
4.671000000000000000e+03
1.547000000000000000e+03
1.861000000000000000e+03
2.204000000000000000e+03
2.248000000000000000e+03
4.619000000000000000e+03
5.329000000000000000e+03
9.985000000000000000e+03
4.150000000000000000e+02
1.515000000000000000e+03
9.470000000000000000e+02
9.835000000000000000e+03
9.108000000000000000e+03
9.394000000000000000e+03
2.730000000000000000e+02
7.844000000000000000e+03
9.113000000000000000e+03
9.786000000000000000e+03
