4.242000000000000000e+03
6.081000000000000000e+03
4.546000000000000000e+03
4.275000000000000000e+03
1.427000000000000000e+03
1.760000000000000000e+03
2.831000000000000000e+03
2.223000000000000000e+03
2.017000000000000000e+03
1.635000000000000000e+03
1.882000000000000000e+03
1.171000000000000000e+03
5.584000000000000000e+03
8.750000000000000000e+02
2.029000000000000000e+03
7.096000000000000000e+03
2.938000000000000000e+03
7.183000000000000000e+03
7.354000000000000000e+03
1.812000000000000000e+03
1.412000000000000000e+03
1.895000000000000000e+03
2.126000000000000000e+03
1.086000000000000000e+03
2.938000000000000000e+03
2.853000000000000000e+03
1.312000000000000000e+03
1.549000000000000000e+03
9.815000000000000000e+03
3.247000000000000000e+03
4.980000000000000000e+02
9.358000000000000000e+03
9.643000000000000000e+03
9.460000000000000000e+03
1.957000000000000000e+03
1.865000000000000000e+03
1.521000000000000000e+03
9.475000000000000000e+03
5.090000000000000000e+02
9.714000000000000000e+03
3.880000000000000000e+03
3.583000000000000000e+03
9.650000000000000000e+03
9.396000000000000000e+03
3.092000000000000000e+03
4.800000000000000000e+02
2.800000000000000000e+03
9.139000000000000000e+03
3.639000000000000000e+03
1.195000000000000000e+03
1.330000000000000000e+03
1.094700000000000000e+04
9.742000000000000000e+03
9.723000000000000000e+03
2.385000000000000000e+03
7.680000000000000000e+02
1.687000000000000000e+03
9.634000000000000000e+03
3.303000000000000000e+03
1.793000000000000000e+03
1.492000000000000000e+03
1.893000000000000000e+03
3.762000000000000000e+03
8.992000000000000000e+03
3.260000000000000000e+02
3.053000000000000000e+03
5.006000000000000000e+03
1.642000000000000000e+03
1.161000000000000000e+03
1.193000000000000000e+03
9.316000000000000000e+03
5.149000000000000000e+03
4.159000000000000000e+03
4.614000000000000000e+03
9.350000000000000000e+03
1.517000000000000000e+03
9.264000000000000000e+03
5.143000000000000000e+03
9.641000000000000000e+03
2.250000000000000000e+03
9.748000000000000000e+03
4.390000000000000000e+02
1.060000000000000000e+03
1.801000000000000000e+03
4.830000000000000000e+02
1.404000000000000000e+03
9.164000000000000000e+03
9.471000000000000000e+03
6.627000000000000000e+03
4.913000000000000000e+03
2.185000000000000000e+03
9.664000000000000000e+03
1.393000000000000000e+03
1.239000000000000000e+03
3.363000000000000000e+03
5.830000000000000000e+02
1.704000000000000000e+03
1.608000000000000000e+03
3.476000000000000000e+03
2.115000000000000000e+03
