4.242000000000000000e+03
6.081000000000000000e+03
4.546000000000000000e+03
4.275000000000000000e+03
1.427000000000000000e+03
1.760000000000000000e+03
3.876000000000000000e+03
3.319000000000000000e+03
4.391000000000000000e+03
2.941000000000000000e+03
4.210000000000000000e+02
1.315000000000000000e+03
2.351000000000000000e+03
5.790000000000000000e+02
1.382000000000000000e+03
3.749000000000000000e+03
9.553000000000000000e+03
1.394000000000000000e+03
1.972000000000000000e+03
4.608000000000000000e+03
9.597000000000000000e+03
9.592000000000000000e+03
2.447000000000000000e+03
9.797000000000000000e+03
9.673000000000000000e+03
1.098000000000000000e+03
1.861000000000000000e+03
1.578000000000000000e+03
1.833000000000000000e+03
9.666000000000000000e+03
3.220000000000000000e+03
5.860000000000000000e+02
5.620000000000000000e+02
4.940000000000000000e+02
9.647000000000000000e+03
1.523000000000000000e+03
1.897000000000000000e+03
1.405000000000000000e+03
2.463000000000000000e+03
9.393000000000000000e+03
1.347000000000000000e+03
1.347000000000000000e+03
2.163000000000000000e+03
1.124000000000000000e+03
9.481000000000000000e+03
9.995000000000000000e+03
1.015200000000000000e+04
5.335000000000000000e+03
3.020000000000000000e+03
1.016000000000000000e+03
9.471000000000000000e+03
9.612000000000000000e+03
9.137000000000000000e+03
7.337000000000000000e+03
9.609000000000000000e+03
7.600000000000000000e+02
5.570000000000000000e+02
9.697000000000000000e+03
7.670000000000000000e+02
5.850000000000000000e+02
9.669000000000000000e+03
9.442000000000000000e+03
8.180000000000000000e+02
1.377000000000000000e+03
8.930000000000000000e+02
7.111000000000000000e+03
9.521000000000000000e+03
1.519000000000000000e+03
2.773000000000000000e+03
3.119000000000000000e+03
9.540000000000000000e+02
8.230000000000000000e+02
1.976000000000000000e+03
9.233000000000000000e+03
9.811000000000000000e+03
1.792000000000000000e+03
4.811000000000000000e+03
1.687000000000000000e+03
8.580000000000000000e+02
4.310000000000000000e+03
9.682000000000000000e+03
9.554000000000000000e+03
2.040000000000000000e+03
8.986000000000000000e+03
9.554000000000000000e+03
1.317000000000000000e+03
6.290000000000000000e+02
6.230000000000000000e+02
4.850000000000000000e+02
6.600000000000000000e+02
9.275000000000000000e+03
9.735000000000000000e+03
4.075000000000000000e+03
9.920000000000000000e+03
9.922000000000000000e+03
9.775000000000000000e+03
7.901000000000000000e+03
5.190000000000000000e+02
1.774000000000000000e+03
2.835000000000000000e+03
