2.656000000000000000e+03
6.767000000000000000e+03
1.611000000000000000e+03
1.268000000000000000e+03
4.266000000000000000e+03
6.098000000000000000e+03
3.402000000000000000e+03
5.647000000000000000e+03
5.400000000000000000e+03
4.471000000000000000e+03
1.155000000000000000e+03
1.186000000000000000e+03
1.882000000000000000e+03
1.883700000000000000e+04
6.060000000000000000e+02
3.606000000000000000e+03
1.886500000000000000e+04
1.856300000000000000e+04
1.874200000000000000e+04
1.886300000000000000e+04
1.857500000000000000e+04
3.693000000000000000e+03
6.010000000000000000e+03
9.660000000000000000e+02
1.077000000000000000e+03
1.067000000000000000e+03
1.833500000000000000e+04
1.841100000000000000e+04
1.923600000000000000e+04
8.430000000000000000e+02
1.872600000000000000e+04
1.898900000000000000e+04
1.414500000000000000e+04
1.888200000000000000e+04
1.878700000000000000e+04
1.898000000000000000e+04
1.926500000000000000e+04
1.878800000000000000e+04
3.423000000000000000e+03
1.817300000000000000e+04
1.865600000000000000e+04
1.873700000000000000e+04
1.910800000000000000e+04
4.158000000000000000e+03
1.886000000000000000e+04
1.905400000000000000e+04
1.902700000000000000e+04
1.887700000000000000e+04
7.932000000000000000e+03
1.890200000000000000e+04
1.896600000000000000e+04
1.858600000000000000e+04
1.853600000000000000e+04
1.900400000000000000e+04
1.958800000000000000e+04
1.905300000000000000e+04
1.913000000000000000e+04
1.868200000000000000e+04
1.886900000000000000e+04
1.974200000000000000e+04
1.934500000000000000e+04
1.902800000000000000e+04
1.980000000000000000e+04
1.945700000000000000e+04
1.856300000000000000e+04
1.950900000000000000e+04
1.852800000000000000e+04
1.908100000000000000e+04
1.851600000000000000e+04
1.885800000000000000e+04
1.949500000000000000e+04
1.950600000000000000e+04
1.880600000000000000e+04
1.878900000000000000e+04
1.891400000000000000e+04
1.851300000000000000e+04
1.890800000000000000e+04
1.876500000000000000e+04
1.880400000000000000e+04
1.906900000000000000e+04
1.827300000000000000e+04
8.277000000000000000e+03
1.941300000000000000e+04
1.953900000000000000e+04
1.870700000000000000e+04
1.851300000000000000e+04
1.892500000000000000e+04
1.933400000000000000e+04
1.886200000000000000e+04
1.835600000000000000e+04
1.860700000000000000e+04
1.831600000000000000e+04
1.846100000000000000e+04
1.917100000000000000e+04
1.879200000000000000e+04
1.865000000000000000e+04
1.900500000000000000e+04
1.835100000000000000e+04
1.880800000000000000e+04
1.884500000000000000e+04
