-2.068637718651169521e-01
-5.441488162686578534e-01
-2.596775914763060911e-02
3.699568713448941892e-01
3.284746866673140531e-01
-6.785363271516606787e-01
-7.847540750250256991e-01
-3.352281893257558210e-02
-7.903691486838049229e-02
-5.983759053832828911e-01
-5.334532625269075012e-01
-3.444088508983602637e-01
5.164806903474996602e-01
3.382055677705668728e-01
7.782450915888698972e-01
2.651521463536159473e-01
1.192734465373792574e-01
3.701731421379905740e-01
1.302862095280312715e-01
-7.134685827236637579e-01
-2.946293144938660902e-01
7.658121648883984278e-01
2.798313573830508716e-01
-3.578287572815481710e-01
-1.995355770117175354e-01
-1.359061595336026329e-01
-1.661139018991804051e-01
-4.764327101531593556e-01
1.712450013991686504e-01
5.616608141516277186e-01
3.318687257885608588e-01
3.586830653055539386e-01
-6.776997642209687811e-01
4.523927377937493333e-01
-7.638528178877859176e-01
-2.713780172732356277e-01
-8.052180690834038757e-01
-2.259808459293184413e-01
6.389187675999536964e-01
1.691373669384006462e-01
-3.436676795890871716e-01
5.866710062112101554e-01
-1.302381149024762763e-01
7.073189949781184538e-01
-1.013846069145607487e-02
2.686959824074790504e-01
-1.149962314564598742e-01
5.662831737409090849e-01
-5.824459957538863364e-02
5.659671048537262550e-02
-3.104384075988910752e-01
-5.363886284219621103e-02
-6.746218463710453861e-01
-4.337965401489984885e-02
2.115405238175140923e-01
-8.720622805628339691e-01
-5.064278281858651809e-01
4.133880254608772731e-01
-5.165366009327385655e-01
5.738890435033825455e-01
5.075946485114988249e-01
-5.807065814609710941e-01
-8.170116049644526868e-02
-3.457036447639518784e-01
3.931066258315496498e-02
6.020996662108686337e-01
-9.198881165323697928e-01
1.839453470231777743e-01
6.438360568824545993e-01
2.461759750679384240e-01
1.691820365176219809e-01
-5.876935827957527891e-01
-3.657385341873284901e-01
1.216265049597797798e-01
2.191624606022992694e-01
-8.890497733979820794e-01
6.280214857032140330e-01
5.710673751971739875e-01
4.654811052962495310e-01
1.021891140169506329e-01
-8.760967564416342057e-01
3.226596635724998663e-01
2.813728516886548903e-01
3.780830210142749337e-01
-2.598048797272936028e-01
7.026520926636470321e-01
6.663302243200588393e-01
-7.330927048452728911e-02
-2.346394007418615146e-01
7.545373368809755732e-01
1.916630364227200900e-01
-4.680484033363985219e-01
-7.196270168205760598e-01
2.584539616719263577e-01
-4.385769668990375791e-01
-3.109899468237911080e-01
3.409170707587740878e-01
-2.143446256488470425e-01
-5.704562140841531459e-01
1.449576212526633157e-01
2.654805457163380566e-01
2.403835178246902515e-01
-3.272832820610869220e-01
-4.382689547152835985e-01
3.255804681552563196e-01
-9.094779568930331237e-01
4.233188638338658549e-01
-2.474190374073721443e-01
-3.249458591361964466e-01
1.655174969276274055e-02
5.503619874757141872e-01
2.573975183129020294e-01
2.781814168241156793e-01
5.695643935745895448e-01
-6.652804330707509095e-01
6.260041592776506292e-01
2.236970628266430339e-01
3.852929978476407058e-01
5.813004120259988028e-01
5.149265454567686362e-01
-6.426197983379697831e-01
-7.035477989095806350e-02
-2.222855658154179181e-01
-3.185671085026697824e-01
4.306860618691636944e-01
8.320231187892126457e-01
-7.213766112366073457e-01
6.164814368309725623e-01
7.082562307043378524e-01
3.080386351505062237e-01
-6.779840749297818547e-01
1.889024916102144402e-02
-1.521891478249592922e-01
4.152555839204588040e-01
4.524454319550414994e-01
-4.643650878508891466e-01
7.084695025695619819e-01
-1.325370537874261956e-01
2.049974183166902719e-02
1.362955962963763312e-01
5.842418956238581984e-01
2.056550568406283475e-01
-1.647019486112144548e-01
2.516669329838290281e-01
1.681216333778712269e-01
-4.221200577002992560e-02
-5.769325669733751383e-01
3.500450145145039826e-01
-3.508214778200482442e-01
-3.295692088797324004e-01
-5.648222870436461207e-01
-1.470986653505583774e-01
-4.629998030733588621e-01
-3.867991593964177355e-01
-9.281536781846178030e-03
4.767252207034999856e-03
-4.858486478264278929e-02
-2.819219793276364072e-01
6.941611983964417476e-01
7.090318622680982230e-01
3.848394506190091491e-01
1.322510585546563533e-01
-1.611412603579545078e-01
-6.253336856174742664e-01
4.429018753620885818e-01
5.473476178286107441e-01
-2.916559741239685977e-01
1.566040281299363457e-01
-4.374602393970388192e-01
5.564571857653097808e-01
-8.927155894213765208e-01
-1.500673522217477185e-01
-8.111277065068120962e-01
8.556309068238299176e-02
-1.631010491510131999e-02
1.284753412759993552e-01
8.600826804492172073e-01
4.162628657141000943e-01
4.725703137484726923e-01
3.068261837791208535e-02
-5.370629435201141888e-01
-2.708835714186568211e-01
2.216655882020610591e-01
5.283334428946142580e-01
-8.792307056378767527e-02
-7.223565458760070612e-01
3.985823710843758860e-01
8.492586158220412074e-01
-2.467188575079131141e-01
-6.755554800644869573e-02
3.519894545260724428e-01
2.573612831442009252e-01
-6.769034869507049024e-01
1.031650210709189608e-01
-7.606462246045007092e-01
3.080308658418129397e-01
3.143786934288161916e-02
3.436402445072346268e-01
-6.106655180733948640e-01
-1.222958915142031699e-01
-2.771003972229149070e-01
-4.740069583764281447e-01
9.408708562012435550e-02
-9.175423378801816909e-01
-2.899389033206656308e-02
8.088738247218927313e-01
2.481486861080579587e-01
-3.335275412859974864e-01
-4.161110984202291974e-01
-1.156527794151234190e-01
-7.005916735642072624e-01
2.273610247524739947e-01
6.841428292220204099e-01
-4.189299093793907858e-01
4.612827371276484456e-01
-5.866836004623685596e-01
2.243754948685001693e-01
-3.519861315782071287e-01
-8.550575990962876460e-01
-1.555850431448346782e-01
2.877139495556901849e-01
5.173258588800999647e-01
-8.177150775059374155e-01
5.610627921970756660e-02
-5.875478002579681558e-01
-1.037972402714357756e-01
-5.926671927310316335e-01
6.099811063700482094e-01
3.113267126868199952e-01
-9.107262834010843022e-02
-8.577727366951677368e-01
2.220605069471739412e-01
3.023312389513961307e-01
6.527612930822082049e-01
5.754620817177888981e-01
8.164273799456589487e-01
-1.748187634065470064e-01
-4.211697229004638388e-01
-5.409897020962581848e-01
-3.928550376296087165e-01
-4.568570012503201383e-01
-7.630056994047507146e-03
-6.141478317911897022e-02
-4.297446724766977866e-01
5.962305271477497115e-01
7.714111346671970182e-02
-2.230805765275141184e-01
8.680241423298102887e-01
-5.354193469807553285e-01
-4.488888375217845450e-01
3.048634653228532443e-02
3.357727619555106457e-04
7.693554386084331398e-01
-7.469238243048339498e-01
-7.315127622567771937e-01
-5.991790280928821488e-01
4.711174961128792305e-01
4.303756904598676769e-01
1.591051326511312425e-01
4.166388282973727542e-01
5.597676242112523681e-01
-7.116587580024731352e-01
-6.936709393324136386e-03
4.752130876212117272e-01
-6.252451325910266533e-01
3.100019922937367056e-01
6.579512181025490847e-01
2.493538891876587726e-01
-6.984185495448880232e-01
-3.306523626750337286e-01
5.936495119019866706e-01
7.256033253209093203e-02
4.258843872333626379e-01
4.430623576088610349e-01
-3.269746943868145905e-02
-4.460288387262059118e-01
-5.876972031190277335e-01
-2.707984830135847787e-01
8.114138773419279360e-01
-1.117877118036645356e-01
-5.674416112661253564e-01
-8.026486250848732240e-01
-5.196424506025731915e-02
-8.090128359579917827e-02
1.948926912760828856e-01
7.145655410989268930e-01
-3.060884871084681436e-01
-2.636317575259585766e-01
-1.417493383420573849e-01
-3.944076910706018069e-01
6.145338735799672492e-01
5.444509649982620658e-01
-8.933516337195381851e-01
-7.909409223310053250e-01
-9.725148026068186624e-02
1.771327025423863333e-01
2.301609996984055329e-01
-7.232432114343172458e-01
-7.506036748210362930e-01
4.089660204675462651e-01
-5.666438188431754952e-01
-4.432203827377083627e-01
-1.496147595214569748e-02
-3.044856988190423053e-01
-1.708396709296957638e-01
7.145309187805004569e-02
-3.696290791616423377e-01
-1.030733116317996689e-01
5.111542620400788550e-01
5.896865773359314389e-01
-3.718282834888988475e-01
-2.426071938052434263e-01
-7.116620929157395636e-01
-4.419685217655997533e-01
4.641335847626129052e-01
-9.129356411454381259e-02
-8.667842729329997553e-01
-3.337006810310789717e-01
-3.018769669635146258e-01
-3.646757052907370067e-01
1.247870889856290688e-01
4.997238282374443230e-01
4.611610037676356910e-01
-8.283281061997085359e-01
-1.967766923045033423e-02
6.504902696322121258e-01
3.978874559609444361e-01
-7.465325554246255990e-01
-1.406833554422730614e-01
1.809952312875076075e-01
4.437919826230594111e-01
-9.678915301054047404e-02
-5.269112143512550972e-01
-8.396739757122428927e-02
8.515870421741746910e-01
6.110837190390885354e-01
-1.383406960566535560e-02
1.742885123409640968e-01
-7.189409213380715258e-01
3.002703622747437961e-01
-8.515968329749785681e-01
8.851396094540309178e-01
-1.612264086202221947e-01
4.990819791094676106e-01
-8.804395041498871421e-01
7.313581278970984201e-01
2.138512240738101866e-01
-9.747582643351471177e-02
2.168219457893449942e-01
3.358274015015663139e-01
-7.162275199465355513e-01
5.338072821641715038e-01
-8.584641198457356737e-01
-2.837613613737932639e-02
-8.569790953014155832e-02
4.962577369892873236e-01
3.912241940151410802e-01
1.042452370836883802e-01
-7.102158755725502814e-01
3.854376093391955749e-01
4.590040574452043387e-01
4.322719119367608442e-01
2.055497267568737740e-01
-2.192071773211301533e-01
-8.611602526979762473e-01
-3.463498794471862041e-01
9.346287971768862946e-02
-7.416222324007382127e-02
-1.277393884305570992e-01
5.148214285476431229e-01
3.029766707330328046e-01
4.866631208183092028e-01
-1.498590801152834828e-01
-3.018559200238470908e-01
-2.271875367365492338e-01
5.659991891950078013e-01
1.809049240116555879e-01
-4.733042248518195549e-01
5.553173826825261727e-01
-6.230989278385150598e-01
6.003539054305875311e-01
3.540050986050449211e-01
-5.084082646291694374e-01
8.001951647617913110e-01
5.265994238373892244e-01
1.693805457414931936e-02
6.830583261308920129e-02
8.741036590669910566e-01
-3.797306799199908767e-01
-3.119545425429661734e-01
-9.733341910485826531e-02
-5.484602097575592694e-01
6.679621795697698872e-03
-1.173191540934945820e-01
3.049014811118873070e-01
4.833253853392669441e-01
-1.939673565991029136e-02
-1.720867287356782072e-01
-7.881762310453028775e-01
-5.855294739220031630e-01
-2.635432725126563014e-03
7.401543526395659711e-02
-5.245138181546415979e-02
-4.207511780227735088e-01
-8.470121653661735195e-01
-8.112359967631377344e-03
1.908966022689329023e-01
1.184805796787360421e-01
-2.609556329604760805e-01
1.374804178405444333e-01
3.359808532408052884e-01
-5.189543506139280282e-01
8.888241013530251422e-01
-6.091396997188169848e-02
-4.837680985655037347e-01
5.360557585781267065e-01
8.927480187000389478e-01
-5.498502797851259061e-01
4.965131510168374618e-01
-1.731209127320045837e-01
-1.411968839136079623e-02
1.529434364093322785e-01
-2.874196178348586983e-02
5.478031873889648296e-01
2.646163770551179795e-02
-2.970863169681958738e-02
1.797266791620515392e-01
1.040365358266637230e-01
6.676468314269445870e-01
-3.566086043467393552e-01
6.989119210432823692e-01
-2.224129410197788204e-01
2.326689091918368035e-01
3.118262347336706597e-01
-7.623159174107918545e-02
-7.727470892851426854e-01
-1.631938698684356481e-01
4.363002092096666118e-01
-6.409425218638045152e-01
4.920149207332791264e-02
2.294107747311757706e-01
-4.856253852237486512e-01
-3.014024260884182738e-01
8.369646872756852929e-02
2.591150113124740528e-01
-6.489629202242364059e-01
4.590417125623051930e-01
-4.082624553778666510e-01
-2.996654716617204173e-01
5.245265516728636612e-01
4.919788159942273253e-01
-4.367537861083192752e-02
1.411062847706396894e-01
2.958236686229973600e-01
7.041893307308022543e-01
-7.650737513453869099e-01
4.029222621066175236e-01
-1.741453414019975554e-01
-5.802888343714212027e-01
5.259684876418386779e-01
1.168501746183201462e-01
3.642316283358928430e-01
2.147261090308738574e-02
-6.195808896372243524e-01
4.079656273622642715e-01
2.547510510777764026e-01
-3.256993547203625994e-01
-2.057107846729087086e-01
2.973298629041796204e-01
2.357252419103481600e-01
1.008430792492873707e-01
-1.897497914945276420e-01
-1.250153922849603916e-01
-4.701089310737902593e-01
-1.881278335633220777e-01
-1.396577847035640474e-01
-2.175122341291189088e-01
-3.630486461832527212e-01
-4.717961722701993210e-01
7.388465168919982062e-01
-3.656367149214316825e-01
1.486916989300688385e-01
-3.541554889335083445e-01
3.286329315472098500e-01
1.464781854901007208e-01
-6.792032787258790449e-01
-5.080952433655996359e-01
-7.332280895704021972e-01
-6.935820848656391036e-01
-5.802935687825065969e-01
6.247134634275433029e-01
-4.198031700068387551e-01
-5.819782661987469297e-01
-3.066652223785784059e-01
3.146357016884380187e-01
-5.778894665312197532e-01
3.889507106516179036e-01
-5.491105755083856010e-01
8.200267414057327287e-01
-7.302982021210198127e-01
2.560898341137383127e-01
1.967290645668731131e-01
3.207477137273411216e-01
3.478593206241109570e-01
1.188665827681596454e-01
-5.986884409014283648e-01
2.489973026709213499e-01
4.391814102633651018e-01
3.972501256692106963e-01
-1.070642647589705732e-01
-4.733692117349725947e-01
1.848885581428758584e-01
4.989306090936231897e-01
-6.804904960948503501e-01
5.347204353758003847e-01
4.327384640634415192e-01
-3.204114308404868439e-01
-1.258973843239035162e-01
-4.651906240426164629e-01
2.792821132200229428e-01
-8.891330569479016788e-02
6.982477104092534859e-01
1.251863757607658556e-01
-9.116595078450728806e-01
-6.791055041643740964e-01
-1.691626364833709317e-02
-2.182712592903106597e-01
-1.432137576990486494e-01
-7.257860869892587274e-01
1.234441252902120922e-01
-1.235059864081122782e-02
-1.238138514889861597e-01
5.058732462702453248e-01
-2.132870175063334983e-01
3.131315642099554708e-01
-8.070412789657197550e-01
-3.647555130567585735e-01
-8.510454189267822045e-01
-7.371092374600429764e-03
-4.740569251214488133e-02
-1.933454723109653273e-01
5.910027116789473567e-01
-6.752019212438487017e-01
-3.388160994907982726e-01
1.317079791425683766e-01
-6.105917236934521597e-01
5.322720844007546859e-01
9.546216967616238946e-02
8.504472413364227990e-01
-5.753657039837314358e-01
-8.736909085501229910e-01
-5.615236667367726753e-01
-4.222327207226790335e-01
-5.811807871728298380e-01
-3.954181263830545134e-01
-4.729899807812252277e-01
7.927769784784448603e-01
4.016614622631520248e-01
6.151070910217075749e-01
-2.518370042639119788e-01
2.587726642670551414e-01
-8.859829406804387020e-02
-5.500304210144495443e-01
8.477789862821971667e-02
2.636093600789868319e-01
3.386229740363599916e-02
-8.882502320008711649e-02
-1.605359392470084856e-01
-1.251299903430673766e-01
-6.971323585158843983e-01
8.345138271661332041e-01
-2.128605438099784308e-01
1.500600015475637150e-01
1.748205431891483030e-01
1.793260954255240236e-01
2.844705862021967846e-02
2.887386810096579381e-01
-3.967909509938740698e-01
8.426197385616429614e-02
2.760659905351108279e-01
9.231475243300835132e-02
-4.463189433651768567e-01
-4.256867823190901845e-02
2.506910080239457272e-01
-8.781311442207950790e-03
-4.729003285880093443e-01
-2.932303106028424367e-01
8.957591150208532582e-02
2.703500506198919240e-01
-4.830896685886116870e-01
1.251030739799698921e-01
-4.860402849021898675e-01
4.436957997488111261e-02
1.131708365384227477e-01
6.352310506755021180e-02
-5.929487830616526622e-01
6.723627273895900203e-01
-8.384321265496383901e-01
-9.349401394690293188e-02
-4.540171295271644425e-02
-3.178962285920770015e-01
-3.159686711261588954e-01
3.562292418500074831e-01
-7.417346909657682730e-01
-6.528029483162889335e-03
-1.913259973232257494e-01
8.637201104956782061e-01
-1.820406055229222275e-01
-4.549063987392063524e-01
-4.205798550091079946e-01
-2.303113727953478573e-01
-6.632817032111324451e-01
-3.766128516952438332e-02
1.311334942037643003e-01
-6.821418327545449856e-01
-1.413996892249338444e-01
7.016419905772872667e-01
2.238034151389864945e-01
-5.069899281483287723e-01
3.485413057685473603e-01
-6.318038623552624244e-03
-4.761787417665015454e-01
1.501421746470850138e-01
2.890074913749094421e-01
7.067134658865619201e-01
-4.163210726649495541e-01
3.004891466737849015e-01
-5.098989250937560058e-01
-4.200000113644710709e-01
-3.651525314084604901e-01
1.315494650875059790e-01
4.218467681346940168e-01
-4.880545699499805323e-03
8.610760330843190147e-01
7.815804386541920223e-01
-1.794308011689516036e-02
-1.102257561967219246e-01
3.315527818265326943e-01
2.235748197842681861e-01
-1.463102725031362183e-03
8.233261478062914307e-01
7.562640404804756855e-01
-7.829737134454495262e-01
-8.176960271226016985e-01
-3.355590743432914635e-01
-5.868880575364432417e-01
-6.658258963118539597e-01
5.644179169491403414e-01
-1.659254087537256339e-01
-1.419374225118295030e-01
-1.258094346124014606e-01
-3.336385582893504065e-01
3.348307497229052743e-01
2.761561965093104476e-01
3.202512291171366599e-02
7.294246531973076486e-01
-8.119966080044234147e-01
-1.823379002134126736e-01
-9.005080272890708670e-03
5.943064338184900208e-01
1.135142720683921524e-01
-4.185844552532591578e-01
-6.867286403723529276e-01
3.272658670464059227e-01
2.692260502405554590e-01
-2.017517322338715502e-01
-5.216676716607597797e-01
2.183681873960647835e-01
7.001028799662663005e-01
9.914897297498814766e-02
3.362454098187726004e-01
6.157969220623806805e-01
-4.040851075762965650e-01
4.567927145046111193e-01
4.843626673665033522e-01
5.806907461689592154e-01
-4.238239263370635612e-01
4.038079361527815436e-01
2.527465031934621464e-01
-1.262412038456659502e-01
-3.898427428564179564e-01
-5.617015507644564920e-01
2.261119348678386487e-01
-3.871168742508901417e-01
-3.839685780972867946e-01
-3.759458629156515741e-01
-1.943034911546526189e-02
-5.287992606481957125e-01
2.526881537332048566e-01
6.771431486434842384e-02
5.439559324727980538e-01
-2.433225654475883459e-01
1.370534392501099319e-02
-2.884624334505128118e-01
-6.000221456862266933e-01
-2.348946182931719306e-01
-5.126460985810492588e-01
-1.328939546905090197e-01
1.269232054264479714e-01
7.252948507207470641e-01
-6.435449270965456492e-01
-4.942617792631311957e-01
3.696368937955565315e-01
1.621538069845165353e-01
4.947833533116794413e-01
2.912635883744734144e-01
2.942184216112586626e-03
-5.817545213870758403e-01
-2.503911048489451119e-01
7.246506479331040751e-01
7.188332562665236125e-01
-2.422940115756997415e-01
-1.514226547034205339e-01
3.167819794373984976e-01
-5.948221780284050908e-01
7.067978844661304549e-01
-5.295011792456305599e-01
7.464248448926724677e-01
1.305049868783711986e-01
-6.418823140173479658e-02
-1.529160163390876903e-01
1.102250360885461689e-01
6.288733374487085470e-01
-4.420043159957138812e-01
-9.038103145690534745e-03
5.716931387337274018e-01
2.976007280673105271e-01
-4.245817959889963689e-01
-1.658568463426153272e-01
-6.090286542492693300e-01
5.204164046345081118e-01
-4.496089688945623664e-01
6.711428957123333205e-01
-2.427290088632387821e-01
-1.405166081011577361e-01
7.373146117767381824e-01
-4.800191025657056798e-01
-4.297035396905357629e-02
3.822337813985576815e-02
-2.483762020295632311e-02
4.186641706087890213e-02
-4.429887441161559636e-01
1.213300150928899868e-01
-5.530352850450910296e-01
4.092326390899527766e-01
2.588865427242668105e-01
-1.722029077068114589e-01
-3.761124974350140704e-01
4.437755718494145185e-01
-3.267912073706904508e-01
-3.719844406696868333e-01
6.234059752716394343e-01
-5.170281873723086008e-01
-5.597181877810797346e-02
7.641559329881761897e-01
1.603609381742687745e-01
9.514421333282285786e-02
-3.643675782933453178e-02
2.420519325107273190e-01
7.321886054369368679e-01
6.726936724892791375e-01
6.160174703449570188e-01
9.232223709414029145e-01
5.725550046122753756e-01
-4.235881386541819893e-01
-3.869800261340952119e-01
4.858817694667916243e-01
3.776187388280352053e-01
2.470497850603203815e-01
6.362397723543535832e-01
-3.322934817812850383e-02
8.299301945648265288e-01
-3.080423327009418344e-01
-7.003420508694038205e-01
-3.630716131412832226e-01
2.076843844985498677e-01
-6.418005451652817328e-01
-2.135485328308943664e-01
5.495183262819836045e-01
-1.777049154250960328e-01
-3.161134281274504687e-01
-6.611321433652008750e-01
2.187530847678136325e-01
5.102804432232392884e-01
1.007513571191118729e-01
5.532171620669066314e-01
-2.725228435499991164e-01
-9.352813349955813038e-02
-6.538450994267099858e-01
-8.291907510380625013e-02
-1.303285050605973439e-01
-7.169882683641413124e-01
3.834515368116733214e-01
4.313361691348847060e-01
4.151220488579934198e-01
-1.671409154201146663e-01
4.929217111349171176e-02
-8.914795781126985119e-01
2.204997020832433208e-02
-1.651285173709027276e-01
-1.161312988988472128e-01
4.320024455077842163e-03
-8.422168463139403372e-01
-7.328240953715745576e-01
-1.869596174338035155e-01
-9.206768130488285351e-01
-6.151719133492123959e-01
-2.171450012957256703e-01
-6.592284717840124486e-01
9.676347839830601316e-02
-3.245759739949019007e-01
-3.849240197915637651e-02
-6.346463995282558557e-02
-6.943296750238765469e-01
-6.120218704604569737e-01
6.645678076703918080e-01
2.181747165227578833e-01
1.387060515134317384e-01
-3.096428782571187810e-01
-2.200361784406554833e-01
-1.329208128007532963e-01
6.955289880864192753e-01
4.893655296494179296e-01
-7.645867594558541924e-02
2.205867519198747573e-01
-2.657175668305136185e-01
-1.177210297306627851e-01
-3.473006403068614745e-01
4.934615567445055362e-01
1.853045695749031552e-01
6.185607549607468059e-01
-7.186406416513566597e-01
7.206896488871628037e-01
-2.015452869371436861e-03
3.942108307556431157e-01
-1.911455617452162414e-02
5.195221104597482764e-01
-8.315604398189595514e-01
6.660712864494300334e-02
1.260352524044874301e-01
-6.346673525593757859e-01
-6.385862017141947788e-01
6.513118617026103507e-01
-8.164369403736593256e-02
4.016651154508554811e-02
-3.230329296589218302e-02
-1.064659919840504898e-02
-2.673373327462673643e-01
-5.052880167043731774e-01
5.897701051866830468e-01
2.204868239376960304e-01
1.786882538944691845e-01
3.104732820951312533e-01
4.388444754579179374e-01
-5.219226828561076559e-01
3.547133524848042896e-01
2.336809773336039342e-01
-7.795986242439560954e-01
7.369988062719157185e-01
-4.383508442908166103e-01
-4.669065391738849158e-01
-2.835244077778709126e-01
5.396564837564366002e-02
-6.564314717633443763e-01
5.413416441033085391e-01
-4.418200137779626502e-01
-6.324445686273429956e-01
1.068820632777089941e-02
-7.292726109776710430e-01
-8.072568984290793281e-01
7.864800035006691559e-02
-8.733413128340128395e-02
3.858693539199364864e-01
-3.590151875979046281e-01
3.588439117548425372e-01
-2.288133309452486941e-01
2.044841636156737863e-01
4.536077234072823927e-01
2.321600652098165796e-02
4.200708637483057117e-01
-2.522348422500888532e-01
-7.381346987391674830e-01
4.408885384932350604e-01
2.467950362902371353e-03
6.892642981295491467e-01
-7.739625627789106233e-01
4.038072322999930464e-01
-8.037701863135477964e-01
-2.450690109757012181e-01
-3.220245718301875115e-01
-7.257627391602721190e-01
4.476074249466410748e-02
-2.550042827831902059e-01
6.656985011727094559e-01
4.554087628186227477e-01
2.248035262351164576e-01
2.976986314648657483e-01
1.192076412195604007e-01
-5.051308419738909095e-01
4.386042057622479007e-01
-4.297805320556884467e-01
4.747756339394832992e-01
4.628939045812376918e-01
-7.035177936758971740e-01
2.976411421823446091e-01
-2.047094362209405105e-01
-1.427461497988842254e-01
-3.954253692303888457e-01
-7.618382959241136732e-01
2.438238490635367128e-01
-7.447463050140186169e-01
-8.765263942129006836e-01
-4.561691585331413279e-01
8.797577030481580351e-01
5.990707146923748283e-01
5.275858183958712644e-01
3.170908707181645525e-01
6.430633970419261658e-01
6.559595432354878852e-01
-7.508765181557226498e-01
-1.555613659109269520e-01
-5.239238935380576834e-01
5.982848546523538147e-01
2.429516876767143785e-01
5.376318872316776520e-01
6.898201781390920218e-01
4.233916900866940836e-02
-8.005717977821280584e-01
3.771323896146068222e-01
-6.471115185141371740e-01
-2.767567731444833257e-01
5.701546336914002922e-01
4.999246185806232035e-01
-4.809937817219225309e-01
-3.233855058909318458e-01
-5.735204096400270402e-01
4.101419103840626690e-01
-6.655823634011586165e-01
3.542066026870740458e-01
6.316913348826078689e-01
-8.141741562294093626e-01
-2.675481213661363711e-01
1.004525821801447449e-01
-4.413575288934614704e-01
-1.448748934789838572e-01
1.677999943098571478e-01
-6.330137734392780047e-01
-8.141396387953987457e-01
-5.145866223350079594e-01
-6.887100668181185270e-01
-6.995960141256727383e-01
-4.013969789201059513e-01
8.806510955459341261e-01
-8.500906873745881498e-01
-7.499766476297873297e-01
3.528174656755460603e-01
-6.553063772206488835e-01
2.588565769359174595e-02
8.132240422350491826e-01
5.519824741930987599e-01
-4.775914453151628436e-01
-3.476163964947929230e-01
3.207283238850031637e-01
4.569895309906568670e-01
-1.801595711544639045e-01
-2.672272808102817976e-01
-3.241016418700297663e-01
-5.378825751688598444e-01
-2.628739713044598858e-01
8.807423854372098404e-01
-2.618021363321840767e-01
4.837541509193066247e-02
1.362952255386087330e-01
3.197355157360357580e-01
1.380123183440602475e-01
-3.325644319385236969e-01
-1.624225384324153865e-01
-2.220394716747673414e-01
2.752835689934887142e-01
4.715868560413385424e-01
-6.148309336400501479e-01
-1.731215893817337204e-01
5.186147909124034783e-01
3.818398085110610296e-01
-7.318106294767776632e-01
-5.094373269788032843e-02
-1.683326058342373699e-01
1.466774102517227618e-01
8.165412455592448993e-01
3.937943448236405075e-01
8.673346660281548992e-01
-6.466107303638057857e-01
3.148871525807273031e-01
2.510607345230582155e-01
-5.137436420341687793e-01
-5.167975500973023273e-01
-4.798008895313019551e-01
-6.793331213838786908e-01
-4.478807636835000494e-01
-1.708462800033530016e-01
4.044180756639885743e-01
-8.108438024463886507e-01
-2.599651402402081146e-02
6.579515172776293497e-01
5.943935031860183571e-01
-3.614889402704850596e-01
5.188046558687009480e-01
-2.151552709805137908e-02
-3.295007435622387959e-03
2.303051780722009667e-01
1.694335804733242412e-01
4.945178241922221218e-01
5.288511706350984554e-01
2.452683257254042459e-01
8.648524886446926629e-01
2.002736450195996554e-01
-4.016132108027896663e-01
-1.073536056114576809e-02
-3.127863466527003311e-02
7.039317130920172971e-01
-4.914398632865513150e-02
4.778268350916423657e-01
-7.296164435367344936e-01
-7.758259721071283366e-01
-6.056119560139272551e-02
-6.349190448053940727e-01
7.012879801062998908e-01
-5.567719816667802135e-01
-9.556855050356816150e-02
2.938338180994808368e-01
1.291095195186331424e-01
5.773293343229841668e-01
-4.201000461907948846e-01
1.371450057198186911e-01
1.587312781826746289e-01
8.924865144422664542e-01
-5.642741148829051312e-01
-6.788027286908953073e-01
3.093471306637649576e-01
-2.966364957531384405e-01
-7.886389511320697210e-01
3.906311989558268749e-01
-6.701947818909372856e-01
4.689319546559538310e-01
1.651161734955541860e-01
-6.235886190347805780e-02
-7.604622583450684203e-01
-7.771836976085895188e-01
1.821911076246749417e-01
7.480849839569856385e-01
1.076933103100019551e-01
3.805088575895396730e-01
1.772668067077542986e-02
6.752307058475981449e-02
6.909525234806785932e-01
-3.283834546216999328e-01
5.284823218879273199e-01
-7.192870955177035341e-01
-4.390396624959169714e-01
1.171561248366668195e-01
2.691833302193247235e-01
1.315571895138116787e-01
6.174185716923741296e-01
1.568957353883764227e-01
2.442912030127981637e-01
-3.337444329016712175e-01
-3.736390614235025609e-01
-2.672954070103532587e-01
3.564554239587858220e-01
2.347843022049413975e-01
-5.655731630227878171e-01
7.215816175880664929e-01
1.017758992820105846e-01
-2.424803832558879435e-01
3.316282336564704281e-01
1.006983521032376316e-01
-5.417012140188672831e-01
-5.752120054344320721e-01
9.231356966905579498e-02
3.654952882519202362e-01
2.340807641229858405e-02
1.735235159564698648e-01
2.673764667105782422e-01
-5.736627464975683210e-01
4.466145105072278909e-01
3.423411794113775386e-01
-1.343732998545119628e-01
7.685833507720607471e-01
-5.251474697174280948e-01
3.221011525725092639e-01
-7.776710323572357808e-01
7.654403865109138394e-01
-1.213871645624706730e-01
-7.407059644237383722e-01
-7.275136373256430034e-02
-4.304324546610374114e-01
4.980091328356657243e-01
1.056535755742347149e-01
-5.588745905828371718e-01
-4.711571236066083301e-01
-2.133323628061116750e-01
1.037436310977666309e-01
1.587788558743508105e-02
-6.802745305212898330e-02
-3.031214687225158855e-01
-2.335651823762177060e-01
-1.316586875683416480e-01
2.229886601923425360e-01
-6.253417511942878093e-01
2.028599730619120578e-01
9.181937181126897940e-02
-8.460797607479895177e-01
-4.466605196743982376e-01
3.887571609800088979e-01
4.539772007828135614e-01
4.658148387638236798e-01
-4.577785316300637675e-01
-8.913246852181888613e-02
3.909715388282268833e-01
-2.285434764440719135e-01
-4.080130180349872404e-01
7.675424642273274145e-01
3.142508129101564407e-01
1.967798422863271668e-01
-8.526205830776634187e-01
5.462193659649816624e-01
2.965964204251116954e-01
-5.302013731349966008e-01
6.888395580439077293e-02
8.652735255292718364e-01
-5.139642570151012890e-01
-6.464599956757375310e-01
6.111788398274997647e-01
-8.543353489460212558e-01
-6.751376239045780991e-01
5.381505524916878613e-01
-2.406940394771055480e-01
3.487608939826731813e-01
3.142596487107436332e-01
-5.845378123232567447e-01
-2.887969233506701983e-01
1.864316615225281026e-01
-3.690174007451050286e-01
-4.622053675996964373e-01
-3.350518623434606269e-02
2.986678553343304898e-01
-6.353823148427562018e-01
2.863149748723428090e-01
-6.032786892635177978e-01
3.218022269610330000e-01
-5.784699063579328282e-01
7.017868355006173786e-01
7.364619638106013610e-01
9.649561224207658938e-02
-3.615977098691933733e-01
-2.522941617084608623e-01
-5.478648147881575170e-01
-5.709668911591849749e-01
-4.762005879570176958e-01
-1.661386446280346263e-01
-6.066633488185155798e-01
7.474567827802314213e-01
-3.982298003783482088e-01
-3.574967396863915070e-01
7.157683491856374758e-01
-8.007954687772596003e-01
8.818955548381133269e-01
7.800211245584360853e-01
5.083004198831826415e-01
8.684334756906757491e-01
-4.402841708596030301e-01
7.704925730288767483e-01
-1.135999092162087720e-01
3.357985103659579806e-01
-7.222792180973840459e-01
-4.475288736231251008e-01
-4.248288768616248490e-02
-2.314809689911685453e-01
-1.803690310524856955e-01
-9.246617113109332209e-01
8.352816287422983876e-01
-1.414406913932628740e-01
5.096360747797348267e-01
4.744429831637830830e-01
-2.962658196156375823e-01
1.309493508857073607e-01
5.682394905807086616e-01
2.300507716638566791e-02
4.996777450509508611e-01
-6.074378423923487702e-01
-2.401712192642664334e-01
-4.260052033290522289e-01
9.028193146709329042e-01
5.431214005083431218e-01
-8.337740581137058626e-01
4.136616040296381414e-01
3.942639612178524544e-01
4.198119606545169802e-02
-1.513435205499309433e-01
-5.898298314646766016e-01
5.792690909850426451e-01
-2.321239247539015338e-01
1.220974581454399299e-01
6.870215460667559171e-01
6.578761141714872807e-01
-1.066994137498777917e-01
6.961971097134256325e-01
6.445650609218809279e-01
-6.536627310702849414e-01
3.299070384023696789e-01
-5.998822289151970466e-01
4.858698639308025591e-01
-5.588224195798998650e-01
-2.871753709256221754e-01
-6.092642554372815766e-01
4.447113550250447744e-01
-3.034317350403030744e-01
6.108212522275469070e-01
-8.193800571478790928e-01
-1.611398065272258151e-01
-5.897524022706939206e-01
-2.138481967919432236e-01
3.097464394466520332e-02
-4.065587427768253548e-01
-3.545116879076068983e-01
2.848391779235139865e-01
4.525321153660533113e-01
-4.692468823846516202e-01
-1.262757354639525431e-01
2.698641373246211117e-01
6.061395597558005832e-01
2.390484855337859926e-01
5.385437520416669344e-02
-9.821073830273974181e-05
3.126816106482852575e-01
5.313258986992162036e-01
-3.520036603260692232e-01
-4.103445144429329616e-02
4.718747651482591010e-01
-1.772083820684127176e-01
-7.078865029599432646e-01
-2.117797795787854653e-01
-7.539067859328856258e-01
6.372847331490714140e-01
-2.936959680575217391e-01
6.131949925925894718e-01
2.067388115368071766e-01
-7.591480369539809203e-01
-3.045945475472562336e-01
-6.112653329106496614e-01
-1.079060193080012553e-01
2.656140162772544500e-01
2.206531543639922432e-01
-6.737548219431985785e-01
7.617219835929844862e-02
2.241290240692928037e-01
-3.006593060627089642e-01
-1.192095009664129179e-01
2.805067155719775940e-01
-6.451274285108699047e-02
6.861096850763441779e-01
3.009956382516607576e-01
-3.098896057437752205e-01
2.617014727965365495e-01
-5.830435559664746137e-01
1.996203278529229408e-02
-2.778721956326739573e-01
4.582636480863069295e-01
-5.763108148421398624e-01
2.698674264700535730e-01
7.241738214982742505e-01
3.344591026064893668e-01
7.934682054961141873e-01
6.618621528006940480e-02
9.364135097856518541e-02
1.773808292865179936e-01
3.436017818619276909e-01
-3.420639392665618672e-01
1.545088139887411671e-01
2.790663471395866679e-01
7.254520232554773074e-01
-3.475341527705566591e-03
-2.902123207499052171e-03
-3.620792384489321947e-01
4.077677735899776224e-01
2.849219577087662714e-01
-4.496729258325435907e-01
-2.794868440383257990e-01
-1.784549920147693314e-02
-1.126257700630972636e-02
4.787605455850041380e-02
-3.052637001769378244e-01
-5.989571169481173740e-01
2.029167055366309924e-01
3.003252503136080165e-01
3.453075210889133828e-01
8.816345563903817961e-01
3.656452824114051481e-01
5.623384342162793814e-01
4.082898049475147673e-01
-4.984816283882880228e-01
3.177573894855232339e-01
9.200093115452556702e-02
-4.638274301043932013e-02
5.405905773661743297e-01
2.999870932006327706e-01
-3.959354564748123195e-01
-8.154350471918796472e-01
-2.576887701179746415e-01
-8.427561794804141471e-01
3.886309147137954056e-01
5.778200904940966609e-02
-4.341939288639906636e-02
-5.499875789911889967e-02
-8.416794399919327319e-01
6.432366792884298690e-01
7.387732665479687100e-01
6.143486955166812535e-01
9.302789972064822166e-01
-3.314684692171274705e-01
2.369540193033436992e-01
4.145779498117896367e-02
7.306094891078176445e-01
6.387406496910950082e-01
7.076095157858564022e-02
1.871046579112967123e-02
-3.586431979007684845e-01
6.244477989393191208e-01
-3.341864044320930205e-01
-2.828622071697459717e-01
1.204584882801107426e-02
4.745619161877367986e-01
6.872554614401487072e-01
-6.377357244219368226e-01
1.456119641011399679e-01
8.051253808343901142e-01
-2.794888778330033574e-01
-8.433040644229157223e-01
2.302737083269965623e-01
-7.728273139756742793e-01
-7.235303643434010112e-01
-3.406718164608157906e-02
1.939584692361053797e-01
4.815690149001730092e-01
7.440394929535987245e-01
9.132848973728879827e-02
-2.398618656536370963e-01
-1.237679250407932585e-01
-4.818712793091268765e-01
5.846642220005984214e-01
5.368967464776632781e-01
-2.270406479846185377e-01
2.644122448318464436e-01
6.679112029731530953e-01
5.211849870261051620e-01
8.955375861582837160e-02
-2.927895069861374822e-01
7.595045041577641598e-02
2.126038198014530423e-01
-5.521953214978694291e-01
-7.022090752134166891e-01
2.834361598964818540e-01
9.279785315089572606e-02
2.352992070963093596e-01
-8.493950618539107822e-01
-2.983305120036146008e-01
3.852252654055661196e-01
-3.543184492136388641e-01
4.285248780808901259e-01
-5.612217993675177041e-01
-6.721222920460334649e-02
-7.989724774098929672e-01
-5.012954353529810447e-01
1.467555412043743956e-01
2.919206945026244782e-01
2.250999017482255837e-01
-2.849110513053103588e-01
1.083030775242566079e-01
5.489367898869268458e-01
-2.853017367320820341e-01
8.636370998609308458e-01
1.059219705050553628e-01
2.513496455543702268e-01
-4.889263515719264319e-01
3.559428645647830791e-01
6.451991492846005372e-01
9.007897508386442098e-02
-2.896251424904923155e-01
-2.939511265992162947e-01
3.790698558410996455e-01
-9.016498571199331735e-01
5.316364170876521911e-01
-7.439048318440910634e-01
4.096338584920644621e-02
-5.711521346186829717e-01
4.192890644893765284e-02
1.684574506996741050e-01
-1.972657093232559333e-01
2.883106971431939058e-01
-1.905605511990149381e-02
1.153867613523651414e-03
-7.963322779423087638e-02
-8.223802626733167642e-03
3.511861307073607108e-01
-1.082152371578910532e-01
4.368021365562499980e-01
-3.216021475858550360e-01
-1.095126865404303373e-01
3.580471300724443751e-01
-4.994654431888081447e-01
-1.641446500447845125e-01
3.234853243352286967e-02
-1.893170569178437290e-02
5.283673812458928865e-01
-2.543790126954856845e-01
-4.909773757830491192e-01
2.967756968618804336e-01
-2.711913079962053885e-01
-2.870405367716335476e-01
-1.530405704821138357e-01
8.613351456638813630e-01
6.377162138447616258e-01
8.291639833043351615e-02
-2.825932953899261690e-01
-7.289416847132041966e-01
-7.826975012605785764e-02
1.828137087603067812e-01
5.563216249894722409e-01
-2.976339668890446433e-01
-3.055036907123298562e-02
7.627596233855902241e-01
-3.974341757230046568e-01
1.305827881445456029e-01
-4.047733123970740365e-01
6.654261518205917270e-01
-5.114366670890833078e-01
-5.393083987493820786e-01
2.901987988952701158e-01
5.732483392029363856e-01
5.375180159337409336e-01
4.670321878947110150e-01
-3.531209762420051135e-01
2.626575309783429901e-01
-3.979343209718511076e-01
6.326015911044695628e-01
-3.846362518049035728e-01
2.399129269745694515e-01
-8.073774268308486768e-02
8.477798460400309821e-01
1.267879870957493438e-01
2.247832586788316434e-01
-5.825510165914735694e-01
-3.116151933814341746e-01
-6.920105847031230439e-01
-2.115002873251352611e-01
2.994514016226634823e-02
1.547403030601710583e-01
1.216483701817221430e-01
3.829520287401164680e-01
3.402020035554986777e-01
5.023664761679755841e-01
-2.484817206599014838e-01
-6.741281603531419364e-01
2.143508925452222158e-01
1.999266172911031703e-01
2.736211997074375901e-01
-3.890221933864586035e-01
-9.082967854551622366e-01
-7.065407349453547425e-01
-6.472999775953347523e-01
8.323799134986291648e-01
8.477342814650192793e-01
-6.010072353102469123e-02
-2.105864856600998536e-01
2.525223012662225486e-01
3.967682144661015542e-01
-5.250107493309323914e-01
6.892642245767941489e-01
-4.907439709254060034e-01
-1.951505812309370924e-01
4.943770893229295638e-01
-5.327598453144197777e-01
-1.856785511307865733e-01
-8.205741823116055045e-01
-8.767408301506547375e-01
2.822396542891203453e-01
3.218113528163346615e-02
-3.948451740092586704e-01
-3.473973738415576662e-01
4.593870667559123433e-01
-2.860195100113154254e-01
-1.506746358368618033e-01
-7.990673665072955956e-01
7.147458909550152839e-01
-7.664924039002762868e-01
-5.505078969409105127e-03
3.218150401034991503e-01
-3.920783650439432222e-01
1.546502666333715581e-01
8.862445222883321705e-01
-1.410904877886984821e-01
-8.009834736533738564e-01
-1.764332599674141022e-01
3.691387576786535618e-01
7.344950792289717256e-01
-6.585278807998307116e-01
-1.240734283128865911e-01
1.237529049746282084e-01
2.361843137435046813e-01
5.852181203633737283e-01
-1.592625805378133919e-02
-5.037974007834673529e-01
2.523839088503487815e-01
-4.189783911889461976e-01
-2.205548019152718808e-01
-5.661668397055565904e-01
-6.429552844638504183e-01
7.597479279948942121e-01
-2.788816786804648729e-02
-2.216265216819310879e-01
8.039320624396477655e-01
-4.473930783027428859e-01
-4.531680503303396890e-01
-2.020007460895527629e-01
-1.532981501641526023e-01
7.286120628819778844e-01
4.418971527724977477e-01
-5.776677329357990942e-01
4.370426468536514619e-02
-7.693604971118315206e-01
-3.644532080769717908e-01
-2.182609104281247880e-01
-9.297232753838944319e-01
2.769381322187989269e-01
1.806064235594693201e-01
-8.740717530994723816e-01
6.668802961492872328e-01
-6.305876339832963140e-01
1.218004328404118652e-01
-3.016633839699851549e-01
5.703200551776879124e-01
6.443770294969120016e-01
4.266585071972421872e-01
5.834193355110963708e-01
-1.284006400387873725e-01
3.882115126257401627e-01
-1.538707050660974573e-01
-8.835233428049047433e-01
6.409128637917955729e-01
-1.271625365537154551e-02
3.075744772336168609e-01
-4.285938155074209277e-01
-1.606613483211152271e-01
7.014954729919011811e-01
-1.082419236915121985e-01
-6.385219749640285158e-01
1.628411826486715341e-01
-3.125937962757729949e-01
-2.637603410917890301e-01
4.847554119172059472e-02
7.089925361085391842e-01
-3.044050368601327605e-01
-1.380162397708879496e-01
7.952387231507183074e-01
2.084084587916832376e-01
9.340242072164173237e-02
-4.911531333731113946e-01
-5.144525894480018735e-01
-5.784153391087789586e-01
-4.912521064521611081e-01
-1.469984428065753690e-01
-1.055406796535756087e-01
-4.876993197058672180e-01
4.878457709092938188e-01
-1.800877775353022514e-01
-6.128636503039874839e-02
1.553630199141835533e-01
3.151357390642148815e-01
-3.700786549998822395e-01
-6.724349139755707583e-01
-7.234184132956027469e-01
9.224693243027504153e-01
-6.981327594066835118e-01
-5.625869784073724844e-01
3.761110803446809925e-01
1.975318487781763110e-01
-3.476694652891012538e-01
-6.426571079868583780e-01
-4.337183385118876799e-01
2.714720285434157887e-02
-1.181711194325885117e-01
-7.818404057126464579e-01
6.009607143258630657e-01
6.704387826106819048e-01
6.191238795413731566e-01
-7.323447567130125790e-01
2.632396289974456849e-01
2.221054390779997334e-01
-4.243901651155335131e-01
6.765760657621235907e-01
-3.902216023785056720e-01
-7.324164719711152571e-01
-2.296216775079464867e-01
-4.230913426198767979e-02
-3.224930848677658446e-01
3.425412560146270380e-01
7.747559483375265899e-02
3.418948685412264155e-01
-7.832293500587770296e-01
4.637398148408067300e-02
3.952320715386727912e-01
3.445002657256228673e-01
3.639321643094071135e-01
-1.470541937630098772e-02
1.034484252033207596e-01
6.737109901148787827e-01
-4.631085416633649032e-01
-3.138702643074466891e-01
-6.260160218650119290e-01
4.488962044017608122e-02
-1.992553204964231384e-01
-6.266990451703566833e-01
5.024468008739919611e-01
-3.655082268709417548e-01
-1.617250313623612712e-01
3.449404980226429274e-01
-5.872694080135332229e-02
-2.911204904925615011e-01
2.132995202268270774e-01
6.763503807788229238e-01
-4.999368992383663723e-01
-2.170676441200383167e-01
3.988016841242316701e-01
2.076250800508097072e-01
-6.887980961616344544e-01
-8.123563650895881949e-01
-6.379541667554118334e-01
-3.392179479955848009e-01
6.470815687760653745e-01
8.169482880671141700e-01
-5.186034042781439979e-01
3.924404125174651981e-01
-1.413111180263291189e-01
-3.409155350282748742e-01
-5.690888055352250063e-02
-6.874280822274814184e-01
4.229851460811060448e-01
6.759201997505730475e-01
1.201326572224559186e-02
-4.662212363885309685e-02
3.028889625116377715e-01
-5.277787885716520577e-01
7.367174941245790976e-01
-1.646509017691206722e-01
7.931262162127215021e-01
-3.905989180393021343e-02
-2.249449945888262192e-01
7.275081101771156966e-01
5.761915712125018629e-01
7.710497300512706431e-01
3.688489228153386534e-01
-3.060719401015159491e-01
-6.744548619559065372e-02
5.006564027003062023e-01
2.199473671928577900e-01
-4.347857977313758227e-01
-3.824293603679782549e-01
-4.280844168092139412e-01
1.136709058090605851e-01
7.254923891201059405e-02
8.650072382593343434e-01
8.537352324464801967e-01
3.510407402700970181e-01
-2.693587448487040348e-01
2.831162991507421012e-01
-1.744947416353763714e-01
7.592138443951839122e-01
5.987690709916257958e-01
8.395652450501174258e-01
7.538007112779361307e-01
5.262817622919611082e-01
1.533368059913531312e-02
3.336232953836040238e-01
5.548761838414542069e-01
-6.398192844574195348e-01
5.029592228517110186e-02
7.047452580617461493e-01
-7.623527735671800087e-01
-5.826626245009691729e-01
3.145330949964275646e-02
-5.745351655158383863e-01
5.749667067469221848e-01
-3.362473663462095530e-01
4.963918754758083196e-01
8.144941574477257973e-01
-1.754246869793796293e-02
4.187503758380159979e-01
-9.510584867949845034e-02
7.597636398713047967e-01
4.782122135708206656e-01
-7.577915792248060001e-01
-4.256456189104742549e-01
-1.235806203052467467e-01
-6.864892278070175990e-01
1.677616201719072109e-01
8.124409793788354150e-01
1.683610868158504914e-01
6.261215846860670453e-01
2.778750171051580509e-01
7.522405869283863566e-01
2.945405678470791599e-03
-1.745762161462627304e-01
-1.765569802842623659e-01
-5.899848223852801610e-01
-4.668525610393530201e-01
-3.545535211867418823e-01
5.321217583872606127e-02
-6.065176094985869071e-01
3.807913227307180293e-01
1.352380202271055154e-01
-8.171745441616167227e-01
3.170059709056722852e-01
-4.152316185649223002e-01
-8.273969587026765993e-01
-6.377847486829981705e-01
1.121992491156733607e-01
9.083637568488818204e-01
-3.610915600743851428e-01
-2.839399185355766519e-01
5.053199044384353300e-01
-4.362229309155853940e-01
-1.339205891386896496e-02
-4.738675326674863797e-01
1.869314957034635682e-01
-8.204924670324995617e-01
1.166053704320999529e-01
3.690494848267533712e-01
5.322852523760666088e-01
8.169576186514682092e-02
1.232404391079020556e-01
-7.714969975284411419e-01
9.101915695748559187e-01
-1.397174554381965805e-01
-6.182190764443697972e-01
-1.761280649384930896e-01
3.016946495368442172e-01
7.260759958042770634e-01
-1.992023915908287535e-01
3.788050962504350139e-01
-8.643833562535769843e-01
6.240550592200833080e-02
-1.434972378287966421e-01
2.594316902390545465e-01
6.362318923988823371e-01
1.367084703126186795e-01
3.382428589416885956e-01
-2.810653320369835839e-01
-5.730670236204815637e-01
1.228554299362549784e-02
-3.807636950169079881e-02
-4.628038480253016118e-01
7.167431021466086349e-01
-1.966917305657105430e-01
-1.823232216988044385e-01
6.254092679272709177e-01
-2.486902775635684293e-01
5.252361769452225104e-01
-2.386464025110068832e-02
4.478763321791809915e-01
1.526714657858940782e-01
-4.441853393453278898e-01
-6.061651823173033193e-01
4.986710555603686146e-01
1.631901491231504409e-01
-6.659182802537388923e-01
-1.507463298984736966e-01
-4.877598493754931042e-01
8.187580043207187686e-02
1.510850986017491238e-01
-6.719029502029796319e-01
-3.007296752901575942e-01
2.605240126538488354e-01
-7.450365706457766635e-01
4.275502183001469447e-01
3.320288849665615771e-01
1.251158475046185714e-01
-2.625376024693615307e-01
-3.631256837869747400e-01
-6.901859805275041282e-01
4.344173345732125213e-01
-5.229645223398327047e-01
1.527806637539166346e-01
-4.596176012882224882e-02
-5.205282219998643711e-01
6.768685771557976238e-01
-1.391032294419858317e-02
-1.189940969372269564e-01
-6.379907424591957366e-01
-2.010962108286236116e-01
-3.310239462522091003e-01
8.446523412030320088e-01
-1.406933022720284754e-01
3.226375233438343315e-01
-4.537031464577303552e-01
3.199436200560690224e-02
3.833717129951192959e-01
-1.997533342812864987e-01
7.259099118169238807e-01
7.823050853439426078e-01
-3.936780055384128119e-01
-2.706146918311258531e-02
8.686309442787010227e-02
4.943588177385427329e-01
-1.433513181345897891e-01
-2.149466669186317347e-02
-4.578771200914166783e-01
-5.459675586216006238e-01
-2.935492308219762592e-01
-1.448419408394645558e-01
-6.552984970172630597e-01
-8.918316637033116834e-01
-1.996250836302895237e-01
7.427500001330322732e-02
2.657946963022865816e-01
-9.861478778293442105e-02
3.581517603133494987e-01
1.430700052435929237e-01
6.196997571368765279e-01
-3.341909042110513539e-01
-3.510670436774994130e-01
-3.339601172062014456e-01
-6.760419962359947021e-01
3.789012147398924668e-01
6.072477810393603903e-01
-5.904278250500514247e-01
5.468294971821450190e-01
-7.965492764243009560e-02
9.259811528328576458e-02
2.428287585151345240e-02
7.520530870518822297e-01
2.343934379062408979e-01
5.456343311742903879e-01
5.196759974850548858e-01
6.798887392350385639e-01
4.874201102120654383e-01
5.057212951754719299e-01
6.705305595824659903e-01
1.420170121879884562e-01
-6.030604808299724340e-01
-2.718429158281328029e-01
3.738800097154424407e-01
5.019979450185116931e-01
3.192151683056732026e-01
2.401571492711802591e-01
2.493650420377235832e-01
-4.075428243939471784e-01
3.999589489290222843e-02
-5.765603321966992212e-01
-3.347221707030261229e-01
8.202373923164785197e-02
-5.307846274678063025e-01
1.844441691355589441e-01
4.618549266038396439e-01
5.318959306266792808e-01
3.132917997441007074e-01
4.800896231688156490e-01
-7.265356602088921534e-01
2.523258216938693010e-01
3.900473409317841700e-01
8.482563468665746953e-01
8.122751533057614992e-01
8.440994542979671778e-01
-5.874094226030450727e-01
5.435783398444105075e-01
7.872079718605284882e-01
-6.564303865841552010e-01
4.073394936927767773e-01
4.274559359610634601e-01
-1.536763780276926283e-01
1.630994180727629583e-01
3.710614258321252024e-01
-2.661645212096175328e-02
-8.085348685296098736e-01
-4.819876733692645132e-01
-4.929047542599205300e-01
-6.299712375869175318e-01
-5.348337158450160445e-01
-4.026848319463383064e-01
2.492039716953042827e-01
4.729806989924245642e-01
3.136866897487031736e-01
-4.581377088690601340e-01
4.240224058390928974e-02
-3.028583211443383050e-01
8.842468321782792628e-02
-2.841905626871454871e-02
-2.278484709689116983e-01
-1.166980630450078493e-01
2.458641248842576843e-01
-6.774382753988117400e-01
1.933891033168730900e-01
6.775496927510582523e-01
1.977751521791475398e-01
3.732043457784426366e-01
-7.467620073021237204e-01
-4.459199327248537514e-01
1.318623859137444398e-01
-6.639173826657254196e-01
-1.991236237342102200e-01
-6.997127545995329712e-01
2.145384940668915164e-01
-8.562713913983248659e-01
-7.759573878913581524e-01
-7.977386239650376965e-01
6.269524399766268630e-02
2.306047118483691705e-01
-5.643676735028133606e-01
-3.960400663608183436e-01
-2.559191857286844396e-01
-5.303006222465551645e-01
-2.131039587516943001e-01
-1.119083533649565254e-01
3.670620340871018072e-01
7.355561178182101756e-01
2.794858092418017748e-01
-6.582285116775112854e-01
5.174078544157021398e-01
-3.046136016465990082e-01
2.135239702358564529e-01
-2.561254475527086072e-02
-5.580734568177199151e-01
2.033360518123119576e-01
-1.344736902526424416e-01
-8.570341534265519812e-01
-2.723457386700349758e-01
7.624668134731393820e-01
-5.070324270240558207e-01
2.062937622013976124e-01
7.962379532502525947e-01
-7.707031114723861265e-01
-1.575650605745746446e-01
5.743114926547931987e-02
-5.349341510122496146e-02
-4.757697357854784315e-01
-2.420987679364490219e-01
4.238644457302704893e-01
5.878218701716697581e-01
7.070620716750273260e-01
-1.906880856065047425e-01
-6.911809325855733377e-01
-1.088270058220803804e-01
6.503923963788622586e-01
2.406445707467232964e-01
1.940782588207135007e-02
-1.294896925694377643e-02
-7.441942238894032613e-01
2.461028047427475940e-01
4.707391175345021495e-01
-3.547346547175465048e-01
-3.046398270050874046e-01
-6.978869005579184659e-01
-1.691659207134206255e-01
1.803991374622171406e-03
-7.943454328896759620e-01
-6.889299741270189514e-01
-2.394117913105020534e-02
2.111312780803675793e-01
-5.246009079760352023e-01
-2.723562871635341054e-01
3.563571955333877384e-02
-8.634738326289461696e-01
-3.404235783525777492e-03
3.301175833774028234e-01
3.394513180385843043e-01
-3.958492851866139972e-01
-4.756063840850899282e-02
-6.748881380883382519e-01
3.652051430428571166e-02
2.826559084731208316e-01
3.277801571954963578e-01
2.822193944304451918e-01
8.851151512476800320e-01
-4.520748702171317746e-01
7.711428305710352760e-01
-1.386236332662615922e-01
7.004554097156256987e-01
-2.633803164852883683e-01
-1.871384955767609881e-01
-7.667719148727671907e-01
3.830590465335959038e-03
6.732392408812799545e-01
2.934522007188258286e-01
-3.749280318129954992e-01
6.585248436485278134e-01
8.385993406202105760e-01
3.607168468194217326e-01
-4.517645732276251991e-01
-1.881854626892263127e-01
-3.221197974097371741e-01
-5.123626611772982287e-01
