4.242000000000000000e+03
6.081000000000000000e+03
4.546000000000000000e+03
4.275000000000000000e+03
1.427000000000000000e+03
1.760000000000000000e+03
2.831000000000000000e+03
2.223000000000000000e+03
2.017000000000000000e+03
1.635000000000000000e+03
1.882000000000000000e+03
1.171000000000000000e+03
5.584000000000000000e+03
8.750000000000000000e+02
2.029000000000000000e+03
3.708000000000000000e+03
1.052000000000000000e+03
5.137000000000000000e+03
3.261000000000000000e+03
1.828000000000000000e+03
4.210000000000000000e+02
1.590000000000000000e+03
2.023000000000000000e+03
6.515000000000000000e+03
2.802000000000000000e+03
1.964000000000000000e+03
1.325000000000000000e+03
1.840000000000000000e+03
3.815000000000000000e+03
9.642000000000000000e+03
3.941000000000000000e+03
9.362000000000000000e+03
9.591000000000000000e+03
9.038000000000000000e+03
4.889000000000000000e+03
9.345000000000000000e+03
9.559000000000000000e+03
9.675000000000000000e+03
1.645000000000000000e+03
5.099000000000000000e+03
3.554000000000000000e+03
9.380000000000000000e+02
6.070000000000000000e+02
1.916000000000000000e+03
1.605000000000000000e+03
5.841000000000000000e+03
9.763000000000000000e+03
6.410000000000000000e+02
7.850000000000000000e+02
1.024100000000000000e+04
2.658000000000000000e+03
6.583000000000000000e+03
9.782000000000000000e+03
9.592000000000000000e+03
5.510000000000000000e+02
5.320000000000000000e+02
9.159000000000000000e+03
1.018200000000000000e+04
9.714000000000000000e+03
1.511000000000000000e+03
4.081000000000000000e+03
9.371000000000000000e+03
8.540000000000000000e+02
2.354000000000000000e+03
4.604000000000000000e+03
5.200000000000000000e+02
9.106000000000000000e+03
2.552000000000000000e+03
9.750000000000000000e+02
8.040000000000000000e+02
2.440000000000000000e+03
1.112000000000000000e+03
1.905000000000000000e+03
2.680000000000000000e+02
1.512000000000000000e+03
1.836000000000000000e+03
3.655000000000000000e+03
2.077000000000000000e+03
7.812000000000000000e+03
1.067000000000000000e+03
3.740000000000000000e+03
9.224000000000000000e+03
7.781000000000000000e+03
1.508000000000000000e+03
9.765000000000000000e+03
7.560000000000000000e+02
1.978000000000000000e+03
1.003800000000000000e+04
8.975000000000000000e+03
8.330000000000000000e+02
9.260000000000000000e+02
5.090000000000000000e+03
4.941000000000000000e+03
9.694000000000000000e+03
5.010000000000000000e+02
7.665000000000000000e+03
9.375000000000000000e+03
9.139000000000000000e+03
4.393000000000000000e+03
2.127000000000000000e+03
