-1.207623803403803819e+00
-4.445214479428187815e-01
2.438009914090343955e+00
9.620740077332179396e-02
5.677347251454403221e-01
7.038758959126560910e-01
-7.790274664848642061e-01
6.144074044923524269e-01
-1.659333221759092147e+00
-8.702192254691363260e-01
1.879692729905890758e-02
-1.131651978795957803e-01
-5.289860281436116196e-01
1.022775958028963039e+00
-1.489766629734945003e+00
1.054487110095489122e+00
2.784351412578844887e-01
-2.395879811275625215e-01
-2.036429627284734867e+00
-2.268632658808309888e+00
2.014592248788007467e+00
1.306986344053986393e+00
-1.251398382658698516e+00
1.244617973945373990e+00
-1.261178726560041596e-01
1.338808173764780562e-01
-8.528153879339051002e-02
-1.176095200163454368e+00
4.436131795553794888e-01
-1.399068412685113838e+00
2.493578537448026822e-02
2.340014694780046867e+00
1.481942676365495259e-01
1.214614004236436173e-01
1.548876572082909853e+00
4.590444292207251920e-01
-1.732444405901341078e+00
-1.689258356214260459e-01
-1.351884047209180206e+00
1.245894193946690542e+00
1.868919743310089032e+00
2.729335599606772078e+00
-1.834841004922809660e+00
6.615496805627394394e-01
1.991985352623704131e+00
6.867914620483741572e-01
-6.938145110657156778e-02
-5.937751369705139837e-01
-1.224341817893539908e+00
-1.105409167415534633e+00
-2.044177262420641128e-01
-1.850918220474570219e+00
1.175244565788098328e-01
-3.386386884323403734e+00
-2.137963062439496298e-02
2.559720809417996179e+00
9.281119114133238313e-01
-5.392070696374240413e-02
3.302771301514482616e+00
-3.763542171650779977e-01
-2.490984922033315563e+00
-6.763508664392867686e-01
-1.124215876563308125e+00
6.376303167746328882e-01
4.807682242923538851e-01
-1.913718187925397274e-01
-2.379994768523285842e-01
-9.563254352834071881e-02
1.804036136898279352e-01
-1.490195708909269001e+00
-2.133224822704793855e+00
-2.490868461465032269e-01
-1.439772128171131094e+00
-1.263534766979596213e+00
-3.312231380721399887e-01
3.745911246216397927e-01
1.167660457567624377e+00
1.708115373764220735e-01
1.073602073295996107e-01
7.326002560454893953e-01
2.091977256866686119e-01
5.557006699220643497e-01
6.004165294487879834e-01
1.608191512668248890e-01
4.530794573023335658e-01
1.134589709608277985e+00
1.688820368137070815e+00
-8.105139133575312016e-01
2.001370170970996121e+00
-1.052124994554333171e-01
-3.442439016279736475e+00
-2.373785444403164746e-01
-1.603450248493833552e+00
-1.570453646085923083e-01
1.167867199943649403e+00
-3.858747497762538003e-01
-1.375260261643772353e+00
1.969810220389716093e+00
5.744647486389080626e-01
8.570813169821613897e-01
-8.382631203253136931e-01
-5.042219494600033158e-01
1.179460625242984229e+00
-5.144875243997342196e-01
-1.331785105928418034e-02
2.061597071769478262e+00
-2.952428391936836150e+00
-1.233094288794136961e+00
1.327320842646111387e+00
5.744796345507054980e-01
-1.265045488288638609e-01
5.879726095968162980e-01
2.831077759409650341e-01
6.517669367029021998e-03
-1.162269694907299034e+00
2.146601095328124487e-01
-1.611902383941776762e+00
-9.011990257215218847e-01
2.540687760315375243e+00
1.248800100003306213e+00
5.483625853754876545e-01
-1.343983099488106792e+00
-1.408855362147102497e+00
1.102412094105361895e+00
4.098532582867276730e+00
1.526928969141030379e+00
-2.264888147763814974e+00
1.307925253977138880e+00
-1.126696944472072914e+00
2.594840431988298945e-02
-9.760111881326611893e-01
-6.687049434261753689e-01
8.834705246741840767e-01
-3.461203591378714250e-01
-8.073610769502082007e-03
-2.053101268387687028e-01
-7.763105280076443293e-01
-1.430639011283032502e-01
-4.337919475068803266e-01
9.005436704367415501e-01
2.265176349941775413e-01
9.415521960006856261e-02
-2.900001404372505309e+00
4.635864757709295958e-01
2.986362648254012875e+00
-7.198285129024757367e-01
-1.985219800463657425e+00
-8.912284607653502277e-01
-1.535851280790110351e-01
-2.222155200426421118e+00
-9.673355119477218267e-01
1.444444024415176386e+00
3.408610324408289927e-01
-1.234957127066198090e+00
1.558305628158667133e+00
-3.286516190002179982e-01
3.232204865739216615e-01
-5.991236567601490037e-01
-1.502560515651026662e+00
-1.331636900612816810e+00
6.324129829135261005e-01
3.016230229913823280e-01
6.308368157144226274e-01
-3.738843514685149749e+00
1.214856431472288278e+00
1.945487978627102876e-01
-2.600149082840044201e+00
-1.785448369762506537e+00
-4.092754784278387348e-01
8.245886385788097073e-01
1.095141180600008646e+00
-2.523020175608744253e+00
1.101481450898531556e+00
5.889479559534294140e-02
3.243640505306952804e-01
1.043577488753579807e+00
4.405047289562959989e-01
8.198286800762133453e-01
1.852382725231396243e+00
-2.786352376630354399e-01
-2.947845489047313805e-01
3.034281781613563211e+00
7.493285518734849049e-01
7.411411193564498845e-01
-2.971346443192643960e-01
-1.426508282620440937e+00
-1.132135243053118412e+00
5.713149939350934403e-01
1.422418468164047489e+00
7.206284756004652792e-01
1.253394333129813631e+00
-7.085621184756449864e-01
-7.017273395015308779e-01
-2.422216495189837726e+00
-1.490698504387875545e+00
-1.372690723035652649e+00
1.211556170528966803e+00
9.964962134139732086e-02
1.392047629217999294e+00
1.597114705777704202e+00
-2.084133930595957196e-01
5.168984387219577314e-01
-2.206338661031224113e+00
-5.833906812433511391e-01
7.172967010800421761e-01
2.358772963198660477e+00
6.418268959999542389e-01
1.700963105787447915e+00
6.554638873635187934e-02
4.893412140526445242e-01
-1.414924255682051601e+00
2.821463966089767794e-01
-8.733654001134381062e-01
9.738414580728811387e-01
-1.052448897216561541e+00
-1.396855230307792350e+00
7.356503493979795749e-01
-2.100764037076654489e-01
-1.425295910645660413e+00
3.967654496166872491e-02
-3.867973028216429299e-01
6.494071608946807572e-01
-1.231899009689472635e+00
2.748435328349843942e+00
-5.061643334486376489e-01
1.163931937576050402e+00
-1.605595137045757959e+00
2.687678484315769722e-01
-4.489679742545940044e-01
-7.599124139288004898e-02
6.307986718519211777e-01
-1.359715031045274358e-01
1.681268055515349857e+00
8.126315075903463025e-01
-2.202852482455677219e-01
1.993444790401285971e+00
3.241140506596462245e+00
2.339865161345850986e+00
1.370497833453666381e+00
1.298002561574156388e+00
-9.456207117480905922e-01
-1.152791041845889985e+00
-1.105710966318577348e+00
1.192645452477844259e+00
3.337236700957388891e-01
-1.428269649321470602e+00
-2.385117996240539995e+00
1.138614519111390777e+00
2.825241944967382679e-01
5.061328676652188108e-01
-1.630723401048488785e+00
9.584007166026911051e-01
1.011127211837248296e-01
-1.747469422848553222e-01
-7.230672903853374578e-03
-1.463991529189620167e+00
-2.377209918426956392e+00
4.943999225646962259e-01
1.425676587552841212e+00
-5.891360953307716031e-01
1.014289520766858743e+00
-2.161670644955632881e+00
1.306813955981559694e+00
-2.370787899971031010e+00
-2.189302388056277859e+00
-7.264387472216959907e-02
-1.482879558745300308e+00
-1.249449342637296567e-01
1.349275158709907885e+00
-1.718478739325004057e+00
-1.053909663120997209e+00
1.297278496955303062e+00
-6.824888837913896111e-01
-6.686247010033916638e-01
-3.435210981141878506e-01
-3.301215581348185601e+00
2.252533045225488806e-01
-1.794678469322228409e-01
1.463742163913970273e-01
4.547037278509060698e-01
-4.393933648664942737e-01
6.585795675479912958e-01
-2.561235828256469560e-01
1.853694761063851004e-01
-8.310708324616316034e-01
1.624466590603306670e+00
2.065530097802187548e+00
-1.932935708843412925e-01
-1.879657988090661647e-01
-4.702701204144785763e-01
2.057960899535579813e+00
3.318882586568507875e-01
-5.188493602469845811e-01
-2.867093416436610198e+00
1.935578989528108806e+00
2.371785030952593409e+00
3.157597799142541461e+00
-2.841585821917496091e-01
4.327827094920335682e-01
1.440812863627307649e-01
4.503066901795467203e-01
-1.733311132555277911e+00
-3.739790902914865711e-01
5.363666134202702551e-01
-1.041616109746424268e+00
3.951534635942799412e-02
-8.582104693228238546e-01
1.113058249627457919e+00
-1.406244911517359863e+00
1.164438492619298771e+00
-7.776320871226980458e-01
3.822582946165631768e+00
-1.171084380940529357e+00
6.371856963278945685e-01
-2.499399298864410923e-01
-1.270826156878521740e+00
-5.559345528883907761e-01
-8.221292096939025740e-01
-1.178970248706405322e+00
2.047987464460769402e+00
-4.756095658208003840e-03
1.212127542629520605e+00
2.995587539848436620e-01
1.370225877683406424e+00
1.553668508960717176e+00
-8.495429078519949329e-01
-1.999593901562813247e+00
-2.209019428514863215e+00
9.838784873343904280e-01
-1.360827203406240749e+00
1.150235152200628441e+00
-7.687206594945941163e-01
-7.378768805565982802e-03
7.407708386566094205e-01
9.775331017384294441e-01
-2.966944689192061446e-01
1.958356306562087923e-01
-1.773832974102638183e+00
-9.303245320143842534e-01
-1.451633960344345553e+00
1.867669275561134157e+00
1.680605150847407359e+00
-1.038972654605575308e+00
-1.956300197610056912e+00
-2.086961932392264352e+00
-6.569501676752071972e-01
-2.360654593464398765e+00
3.632856577023504840e+00
2.040339482124671200e+00
1.988112681191189779e-01
1.269007618443074747e+00
8.267869267286904744e-01
-1.641446177561625142e+00
3.028495530344450515e-01
1.197892795475691941e+00
1.581199204712913087e-01
2.486673987152693499e+00
-4.503085504148698348e-01
-9.351677277781238473e-01
-1.249495189284721697e+00
1.623768139448821479e+00
8.420662067318396282e-02
-2.679553198234572164e-01
2.160343081518938391e-01
1.454140252146308043e+00
-9.571038492085479632e-01
1.641415703724923070e+00
9.541404353769511459e-01
-2.364425987113081273e+00
6.717610287423276816e-01
-2.231053061596046660e+00
-4.706231412996677577e-01
4.399750142164071676e-01
-5.932781130275124326e-01
-3.437010291781819049e-01
1.198359164633117757e+00
1.558475389014598811e+00
-2.149749672927926625e+00
1.991476269811047750e+00
6.594692355432751896e-02
-8.237802114642649443e-01
-3.707763530548540132e-01
-3.812496190854108846e-01
4.447727924844135927e-01
-8.568432901571654270e-02
1.676653109171269307e+00
1.962931863358557294e+00
7.737090805728126242e-01
3.871261351884882629e-01
-1.409767147883014715e+00
-1.039055005018610700e+00
8.492918666007174266e-01
-5.807268862958254729e-01
-1.922821678357367503e+00
1.402081244524920223e+00
5.662730456702478321e-01
-8.221425101093604582e-02
7.929917313739629492e-01
3.969967007008605719e-01
2.307174744497048735e+00
-9.837437648509359533e-01
1.226306890318467069e+00
-1.551705605180973890e+00
1.002305316648294031e+00
-4.695365137118967525e-01
1.807964583004633141e+00
6.343462555036447625e-01
-3.822641255334282562e-01
-3.564397339603715409e-01
1.929402598631300592e+00
-2.091931761373714060e+00
2.176255020997780676e+00
-1.171783349422894194e+00
2.519271397633908727e+00
9.749864993652401779e-01
-4.031034960365058595e-01
3.104859821133825193e-01
6.162641276218305819e-01
-1.192481329325580486e+00
2.108090585944113471e-01
2.805629895344504021e+00
7.639032609846658772e-01
-6.345069164772265680e-01
9.938900894691489185e-01
1.494616695030568820e+00
-3.966925385508437429e-01
-8.892618879270139942e-01
1.559427681823974510e+00
1.658075712866198259e+00
3.307743579559261349e-01
-3.669873165459582864e-01
-2.592995694476462720e+00
4.419267328248288607e-02
-1.611079626817313759e+00
-3.068246494239712518e-02
-2.619761238434501482e+00
-1.441056815793615442e-01
9.854315411283565140e-03
-2.657356017669949999e+00
-1.384029803614827081e+00
1.888810018465814089e+00
-1.564841389597155796e+00
-5.731477840054308714e-01
7.749565730688745546e-01
3.912763445731339829e-01
1.188535193156122105e+00
-9.243344954628254229e-01
-1.215821261952114707e+00
-1.645827858293646972e+00
-1.081559761315279644e+00
-2.691942193633219294e+00
1.457833428571523093e+00
6.414316914141195980e-01
-1.746508128810511096e+00
1.561417523801336138e+00
-7.233167187776228246e-01
-1.996931663951341029e+00
-6.909023369573299433e-01
-1.715271245643332776e-01
1.470501250003008131e+00
2.874445046663450576e+00
1.816378407506338277e-01
1.886288875767148099e-01
-7.527785287444954676e-01
8.241959791064568108e-01
-1.217791800450182649e+00
-4.719865083934777772e-01
2.862014161157135916e-01
3.692036059205019427e-01
2.005930505111660267e+00
-1.879111596741388723e+00
1.094599713251401596e+00
1.560367788207932094e+00
-7.404074403654377079e-01
1.889446269751001495e+00
-7.002275703646620997e-02
-6.244348878243064505e-01
1.863679378340687975e-01
-3.691919737826067305e+00
-1.060296177263374773e+00
1.260175682554773857e-01
1.190957541338436343e+00
2.295041714612811035e-01
-2.273724313313861156e+00
-1.806480404376708648e+00
-2.477114246892222038e+00
-1.861296478799117970e+00
-1.078458333954677162e+00
-1.245042992516971481e-01
-5.398671189390746861e-03
-2.070818432309734725e+00
-7.718877499895997474e-01
-6.629898250823096362e-01
-4.909424201313452585e-01
1.410465122729469556e+00
4.796926456066188393e-01
3.175786735955698603e+00
-8.199896576647089930e-01
1.184984111478195601e-01
-9.165743959924013140e-01
4.809110000718952449e-01
4.134927096181581163e+00
9.171565014037170727e-01
1.093090397982665607e-01
-7.103156422876626408e-01
-4.866022376978103026e-01
1.652056093817791727e+00
3.093593778510284054e-01
-3.271041037953228425e-01
-4.586585261340427877e-01
-1.984972246660861028e+00
4.137182777263515021e-01
-5.852022171742774503e-01
-2.402800088217392105e+00
3.004970372332561368e+00
6.361857839290880889e-01
-1.474725754566039715e+00
2.751608588773689412e+00
3.988473521616988648e-01
-2.285738453792858671e+00
3.249147388142048953e+00
1.387918784095854008e-01
-1.065137161317784020e-01
1.592624334417520160e+00
9.026499495107520588e-01
-4.228918243937522803e-01
-9.525564369963976930e-01
-1.077944034329147982e-01
3.335398758200192049e-01
1.195109876690637840e+00
-2.209228176612683114e-01
1.089454003843766117e+00
-1.294058982177103800e+00
-1.034187330145882378e+00
3.952756712965665997e-01
-2.815902309858753227e-02
-2.511580418122167924e+00
4.667241895494544934e-01
3.961993928064906356e+00
7.639951941899481014e-01
-5.476553631796612365e-01
2.489865161129209525e+00
4.491752950159639823e-01
6.270452139516793366e-01
6.057180420540850818e-01
-1.007305870600729403e+00
3.498456065536892368e-02
2.083796296339009757e+00
-3.323955296124205816e-01
7.198677722350641517e-01
-4.939886556564729858e-01
-1.651926806887340504e-01
1.252583971026339782e+00
1.736139932594705115e+00
-1.871447691814989156e-01
-1.246715933083079264e+00
1.750947389211133576e+00
-1.716191149150696482e+00
1.278510616923629328e-01
-4.293923348886981017e-01
-2.003059231898927983e+00
8.863823376477153460e-02
-2.660037999512040230e+00
-1.186723483964986503e+00
2.955745416020487681e-01
2.446026922592965391e+00
-9.845463078734084661e-02
-4.991069791688307333e-01
2.213798592691864187e+00
7.078319070147998104e-03
6.093069296633979448e-01
1.706010434825660838e+00
1.866628890862688905e+00
-2.198793256571289767e+00
-1.490828932730081657e+00
4.903248264332855655e-01
2.027591940899896805e+00
-7.887261559465388316e-01
-5.029710430041500757e-02
-1.235244747823371902e+00
1.456773613163313996e+00
-1.106595681633706363e-01
-3.271509893357062992e-01
-9.904032844001182667e-01
6.930159767038999163e-01
-3.673651169024179097e-01
1.079319175174564549e+00
1.287372459097181121e+00
-1.328176985252286890e+00
-2.814194283644519956e-01
-1.985328383331585123e+00
-1.627827950219018494e+00
-2.610141984357454703e+00
6.825016742943477155e-01
-1.053819512318960872e+00
1.479108047497692979e+00
1.445849402818970120e+00
-2.749225978902186895e+00
-1.359201118726405255e-01
-2.514382800569689991e-01
-2.230183018643836057e+00
1.971303018351347802e+00
-5.870324596460498867e-01
6.538045494727988682e-01
-3.180127297440611400e-01
2.227547929062366983e+00
-2.695981370871880500e+00
-2.581513342486099205e-01
-1.647182839094959661e+00
-1.477091343470874563e+00
-3.112338319839244694e+00
7.263633023291182766e-01
-7.320298362032087169e-01
6.853638199470504233e-01
1.417870529292244441e+00
-9.419973260132641357e-01
-2.284073744297873354e+00
-1.149635623491835013e+00
8.929249562441636812e-01
-2.180348497761313009e+00
-2.348432050253647319e+00
1.527780035783099066e+00
7.898209797833644075e-01
-1.490493030366319971e+00
-3.446684554211003615e-01
4.118915887013985255e-01
-1.148837467661427691e+00
3.410221255827838860e-01
1.651950363727319626e+00
1.277639720170853366e+00
1.209091463689349055e+00
8.196490241494878148e-01
9.599763554442120039e-01
2.482565914695693543e+00
-1.209307121364502358e+00
-7.932201581996203288e-01
2.263106237444119095e+00
6.983054036789058117e-01
2.108324310063736107e-01
4.866061574211482110e-01
-6.588534285758385067e-01
-5.798103057821775153e-01
-2.381001667150449030e+00
-1.253142714497975874e+00
-3.370091338978901785e+00
-1.814773837601006523e+00
1.093325895394295699e+00
1.978741875680802842e+00
3.579496446616019512e-01
-7.905555777127393213e-02
-1.367664186931772718e+00
-1.178655431621854710e+00
3.950527404118471253e-01
-8.128085982478783222e-01
8.523744034781906009e-01
-1.897554932639740954e+00
1.354678676510186364e+00
-1.346289619750637989e+00
1.327835825595089503e+00
-1.815812015530741341e+00
-7.965796261389428423e-01
-2.069336084173576840e+00
-1.700096166215629534e+00
-2.459375524505604815e-01
7.350779370844051641e-02
5.626172963396687265e-01
1.633862822282746485e+00
-7.960070868062700811e-01
-7.082468690500078878e-01
1.533709056661116676e-01
2.607460874104923221e-01
4.321336855226176610e-01
1.132110841222538689e+00
-1.162617335885791192e+00
-2.640968936708961934e+00
-1.085668117656359843e+00
8.786133908368967127e-01
1.232770533754616871e+00
-1.051125100726051365e+00
-3.924628078920555652e-02
2.862078735389194328e+00
7.070264959706920038e-01
-1.867325549408267449e-01
-3.726513531258746070e-03
6.228033777124206694e-01
-1.693631343331928107e+00
6.980039839450027372e-01
-1.944915812338532390e-02
-1.341106882795371824e+00
-7.220423735914032193e-01
-1.153373868058564788e+00
2.241360225456078936e+00
-3.245037239480759172e+00
-1.666954485434071209e+00
2.570131938354140999e-01
6.349348123970885993e-01
-3.959458686626282642e-01
-1.828059529156632834e+00
-1.515644227233226449e+00
1.123775500252877535e+00
6.002908640652124816e-01
-5.548117419492069047e-01
1.113711965632626644e-01
1.576075020074075184e+00
2.474635136932990420e+00
8.917079665812170930e-01
2.159075314522951317e-01
2.281764223008940107e+00
1.433775016180032225e-01
4.123573288156308081e-01
2.080582952389278262e+00
6.601929405405293494e-01
1.948182901828008795e+00
-2.927050463586478024e+00
-1.756506529794066296e+00
2.329954933199831046e+00
-2.147209051526868251e-01
-7.062720490550695729e-01
-1.148068644601716315e+00
3.287940989693865390e+00
-1.211734139205117522e+00
-1.015338918446459182e+00
-2.273558353131821530e+00
-9.750272441363883047e-01
-3.560390388376116988e+00
2.011673435379647046e+00
1.182299874113263982e+00
2.010524981419099078e+00
8.147787004418809431e-01
8.533578926695835065e-01
-1.736853835347373476e+00
-2.669206305228675191e-01
-1.527649901843618707e+00
-9.978262177474013228e-01
-1.083273604656439737e+00
1.767463008280774517e+00
1.957407875097876726e+00
-1.339796507814867699e+00
-1.266334427593401202e+00
-4.465191517122422127e-01
3.642719684198540975e+00
-8.828642278448795011e-01
-2.926549141841317869e+00
-1.477422136518185880e+00
-2.249657253940560153e-01
-5.241079460212567653e-01
1.891096986852780049e+00
-1.357978659430460588e+00
4.687573824399562383e-01
1.621643754270191806e+00
-1.125062370617531116e-01
1.059986268416469812e+00
2.029623177703767212e+00
7.589737287752349459e-01
-5.820936187956142760e-01
-6.982294050746400416e-01
-8.131119536168291972e-01
2.313399498024352852e+00
1.719844196347506404e+00
-1.190921639654671793e-01
2.678894550095940019e+00
2.649149754256557188e+00
1.173396108685816230e+00
-9.824789486946921002e-01
-1.030126386647965298e+00
-2.527824875125761483e+00
1.341180062972462395e-01
-7.082712707567777599e-01
1.761714137892824716e+00
-8.319668389885928050e-01
-1.312535091523150399e+00
-2.333106763002856798e+00
9.334926624987796018e-01
3.234292969770882209e-01
2.144718777660745701e-01
-1.750849953771767442e+00
-1.299308726546980708e+00
-3.219835705152552130e+00
-2.681771802050567644e-01
3.672100784868529644e+00
2.610529270003221214e+00
-1.438180376228102020e-01
2.494914550947679999e-01
3.120122682338870135e+00
1.791930111420541039e-01
-2.813620794603011177e-01
-7.730630970926899437e-01
1.055433049895393438e+00
-3.356802565656664683e+00
1.867334004410885484e+00
-1.887144517439853786e-02
-1.141348016542362842e-01
4.627348562307993518e-01
5.190908452933147288e-01
-4.968913451924068525e-01
-1.205480865166292048e+00
-1.381283736996921085e+00
-1.482231014488602394e+00
-2.098496676837706687e+00
6.148076047836070757e-03
-4.337584489624735085e-01
-1.586681466340541746e+00
2.225301774675434885e+00
1.932339503033251304e-01
-6.735755920777091177e-01
2.975082529040555812e-01
1.689773257909008564e-01
-2.319300868878729993e+00
-1.398266374012910873e-01
3.929831089017987722e-01
-1.961396881964934114e+00
-2.980526473522981945e-02
-4.316433530586092360e-01
2.289408574741105262e+00
3.933757578016159329e-01
-1.134889674134155868e+00
2.126129582009099295e+00
6.973873700686370469e-01
-1.297188071086702088e+00
-1.119531483747520539e+00
-2.234264576672817970e+00
-1.355368800855524913e+00
-1.098760168087213884e+00
1.781813342405060396e+00
-1.660951876058768484e+00
-1.488429157609981957e+00
2.695926322405028941e-01
-1.923648437078893103e+00
-1.637712012306360876e+00
3.427082159408065820e-01
3.322017943118202865e-01
1.611704045011563835e-01
-5.814771084090262221e-01
9.754915816025500064e-01
2.469303371148203752e-01
2.303803217034545270e+00
-1.337490600573234545e+00
-1.087928732579769076e+00
3.417201696276221057e+00
2.964938714285866084e+00
-7.282912984666545242e-03
1.274216112144131330e+00
2.195801057544841228e+00
1.753218661916191579e-01
-1.727309181206044819e+00
-2.128415016245917002e-01
2.845427278923299497e+00
1.051515249409908925e+00
-1.467444938502493468e+00
-1.600086676902670924e+00
2.334315546986253764e+00
9.650983327326851935e-01
6.230746251057617258e-02
-2.133078494139111658e+00
-1.867418856976340358e+00
3.110413718501124691e+00
3.468871356718503662e-01
6.976205444427732161e-01
1.100927060071800412e+00
4.498944458663718393e-01
1.183955572705466253e-01
9.367906780110599740e-01
1.898825297992878802e-02
1.884201349303791240e+00
-1.375463967199908044e+00
6.871146381751511711e-01
-9.301275974311744577e-01
-2.943241237332051341e+00
1.689448193337090842e+00
-1.280577578438314212e+00
1.850001008737263142e+00
1.928747817075249671e+00
-6.595075775216621139e-01
-7.572047634811971406e-01
2.126138376995926116e+00
1.009695757408519690e+00
-6.305234750861998805e-01
-5.917963978841651596e-01
9.628405244549718134e-01
6.017570352450185567e-02
4.200635890651902571e-01
-2.650299670259856910e-01
1.638801794714460414e+00
-2.678689337107773127e+00
2.383619794536500081e-01
-7.028504953797698462e-01
5.025585975168649355e-01
-9.594191990372724632e-02
-8.398295760350666939e-01
-8.491958592073478584e-01
1.479255981678519127e+00
-1.057702406807754958e+00
3.370313105262399134e-01
1.195051534584652408e+00
-1.613079817122005544e+00
5.085835286533404442e-01
-2.096503252136698858e+00
-1.590933555660619447e+00
8.503807580986944004e-02
1.186076616130167238e+00
2.843460083978986752e+00
-1.434857826072684972e+00
-1.058896280312436211e+00
1.015264941465235715e+00
-4.123744273899267121e+00
-1.723222737455779807e+00
3.578057329599984016e-01
-2.758270002257145137e+00
-6.437843193530898844e-01
2.382160606423782134e+00
-2.395329272882156246e-01
4.368562612719095739e-01
-4.366149520079076751e-02
-5.200825342980222032e-01
1.142176668149462060e+00
9.795237224818089672e-01
-2.567968507225675268e-01
-1.295130201621452759e+00
3.750404799071640483e-01
-4.530212320630679912e-01
6.205835855709018745e-01
-3.630323073746488660e-02
-1.422271481610335897e+00
-2.198578785214472919e+00
1.493987155782993348e+00
-8.848595909753775857e-02
-4.832080333230317493e-01
-1.466445269453174660e+00
-1.288718967468485133e-01
-2.065135739118731273e+00
-1.683543458251586689e+00
-5.535102959590876281e-02
2.307629757406814974e-01
-5.859843887384235117e-01
2.789182071952724939e-01
1.872592288221774481e+00
1.417818761365479574e+00
-4.242380537522691952e-01
-1.013516266778822228e-01
-2.131397339191394735e+00
-1.888557269870622335e+00
8.537515220338987021e-01
1.616117388137600308e+00
2.824147166771286521e+00
3.616388519771511767e-01
1.498547564673735621e-01
1.898996388802951074e+00
4.385938422762292177e-01
-1.417757970834548686e+00
-2.362451884138589087e+00
1.074473210206059903e+00
1.605722256999416508e+00
-2.857741879081980851e+00
3.054726911048746274e-01
5.713568398671302617e-01
-2.480707499640277813e+00
-2.502279989503303881e+00
-1.957794355611511605e+00
9.256153708567058658e-01
-2.733207289770609449e-01
5.106683409928516326e-01
-2.991023074029204309e-01
-2.474111974485557752e-01
-1.422827841222105594e+00
-5.106142311476293827e-01
-4.531518578647455442e-01
3.922504502754531330e-01
1.228664753054547809e+00
-7.646306694742737164e-01
1.739151797392004539e-01
9.572854535393302555e-01
1.131565853576517178e+00
6.816119337862103222e-01
6.032575543515861227e-02
1.120932627792114111e+00
6.652863818169407750e-02
1.477546169086839889e+00
1.419699605153298627e+00
-1.185959262758182753e+00
2.092390296309254438e+00
7.282054187299369374e-01
-1.940040799132853877e-01
-2.216174802862309612e+00
2.001418732967943370e+00
-1.904319239592454416e+00
-1.371899743116697934e-01
8.688001262848370487e-01
4.074256947483458902e-01
1.420151679073422102e+00
-2.316662809653227129e-01
-1.624774487009226220e+00
1.821163139031078515e+00
-1.488891582448886197e+00
-1.683536564974629002e+00
-1.217937156437949309e+00
-6.832525520363672555e-01
8.750270329846943085e-01
9.554031581622135505e-01
-1.653902023265255927e+00
6.800814333861469052e-01
-9.560633828284617053e-01
-6.564029323049105358e-01
7.420109104825449720e-01
-3.225163256686567337e-01
3.061108137710366606e+00
-2.997570901583150871e+00
-2.137875720471844154e+00
8.761216560196674052e-01
5.759520945650056234e-01
-7.284201471320264076e-01
1.681231457813598951e+00
1.311086805315131443e+00
3.081411822352366769e-01
1.611361336576767833e+00
-2.975572514077384767e-02
1.720153255501566392e-01
4.015396713583641031e-04
-1.082002428260067095e+00
-1.106711542358298939e+00
-2.810116842883211064e+00
1.500861548075338447e+00
-8.871344364147164541e-01
1.063214697148291421e+00
2.101320665262100817e+00
-2.234628647170770144e+00
-1.961825961312834821e+00
1.450841122239275194e+00
-7.481695702184723018e-01
1.235630819118862078e+00
1.318489380001183875e+00
4.524083323276570923e-01
-2.350453584159348353e+00
-4.277243315395198309e-01
-9.682375387856456683e-01
6.998278504784209986e-01
-9.261345508291753958e-01
-1.193358528842555888e+00
1.543682524558942504e-02
-1.363863205439368453e+00
4.174490520010909478e-01
6.326651186195952903e-02
-4.806564874414966937e-01
-1.855387877225571636e+00
-1.063530040243864772e+00
-2.439768486144799908e-01
9.124159204258717182e-01
1.718452814428548692e+00
-7.761267697109737185e-01
2.754884837198839698e+00
2.061213338174372467e-01
2.309852469246448159e+00
-1.460854933210435913e+00
-1.476579912590071153e+00
-9.627567188625114625e-01
-1.222624625477052973e+00
8.483067008552058752e-01
5.153715080356970901e-01
8.115714459148479776e-01
1.249400817352634085e+00
-9.574655966531251394e-01
-9.091639574322130102e-03
-6.142230915813424730e-01
-1.187918347207016723e+00
-3.530532612748071841e-02
2.745858313272932172e+00
1.255727380893123524e-01
-3.600969308114434497e-01
8.114685914289250235e-01
-1.971826337063827594e+00
-9.673000348193943054e-01
1.123055877084166987e+00
-2.961025558335155239e-01
-3.604014655521075028e-01
1.707573561814906604e+00
-4.151766677286371277e+00
2.150460331316770279e+00
6.586719280741393234e-01
1.447115492825636451e+00
-1.426182485609316153e+00
-8.251482509775840413e-01
1.828864073809201685e+00
-1.696048926181856320e+00
-1.422361568936286957e+00
-1.939400161429565284e+00
1.306489753851217017e+00
-1.943020543900667363e+00
1.284950177674819116e+00
-2.084592200401931272e+00
6.468730202505010851e-01
-5.470901326471366843e-02
3.783439382259583539e-01
-4.971035258482876529e-01
1.116128013673941766e+00
-5.595027404149774952e-01
7.613075395453705596e-02
1.287933345915490690e-01
1.467997988987352898e-01
1.680928367979985794e+00
-5.686098444175993194e-01
7.661992820721170716e-01
8.336238746520399090e-01
-6.024049203249228768e-01
3.025063971101555893e+00
-8.026307852412184474e-01
-1.839818118481773013e-03
1.188564628877875506e+00
1.244283090676905346e-01
1.491173101755984831e-01
-7.800521632268333505e-01
1.593695698173056563e+00
6.359896376086915382e-02
-1.524124733530264564e+00
1.170395286102692722e+00
-6.989686550437994583e-01
-1.845348597352094444e-01
-8.891221061119338742e-01
2.124808583081092550e-01
3.489469525422279617e-01
-3.186086168332291635e-02
2.059035520118612794e-02
-5.958878411224075577e-01
-8.349200795638642703e-01
1.122428419870970195e+00
1.807638124012356684e+00
3.988702662044918412e-01
1.918863469813844702e+00
-9.974697842752648924e-01
-9.639670244058589077e-01
1.841931419865963093e-01
1.318590827485140338e+00
-9.825934592256402311e-01
2.230496575143861016e+00
-6.043815124318374643e-01
1.364065946632411652e+00
2.080241476683308832e-01
1.028082639842525126e+00
-1.321352192470000908e+00
1.040571431756919019e+00
-8.034046318172194390e-01
4.735983615287171489e-01
-1.752500754481785883e+00
-6.329682334601871574e-01
1.950533792836638192e+00
2.525311191562642499e+00
2.343625670463929112e-01
-3.681345366195987179e+00
-1.643855101248377082e-01
3.518241089877358618e-01
4.844343044227015227e-01
2.676729695907860140e+00
-2.195807854167000084e+00
-1.990216257868260286e-01
-1.221098447662773978e+00
-6.047926398137430937e-01
-7.585994296930103076e-01
-9.195422681611811200e-01
-3.827613269430969467e-01
-1.752562607718837651e+00
1.097254905151954674e+00
-8.244416522027098182e-01
-2.660176806735426780e+00
2.867359374356919233e-01
-1.037827006808814900e+00
1.834532410192403873e+00
3.955510861544926371e-01
-3.994160864628417684e-01
-5.295127742582863561e-01
-2.669565771402262921e+00
1.081136307289158438e+00
8.939731520780043184e-01
1.070163470059011246e-01
2.548655587722388205e+00
-9.962936646839146704e-01
-1.645390435266827822e+00
-2.136243309248617273e+00
-1.229707298255314996e+00
-2.986320915851630176e-01
2.482256213272213685e-01
3.747380131416624849e+00
7.621192587472025437e-01
1.439327706134811535e+00
7.105581520971417930e-01
2.458125151146677290e+00
-5.412550089074965598e-01
-1.149191523070340892e+00
-1.157850723571751672e-02
-1.490721575066080717e+00
1.815848408745326381e-01
-1.409218587592580896e+00
2.126879503137251604e+00
2.564982310498145068e-01
-2.032747228853200916e+00
1.764424739831087052e+00
1.651808363450450123e+00
-1.559502371611393379e+00
-1.443315413899108890e-01
2.416975072977606054e+00
7.500496520554662538e-01
2.152124024042567640e-01
-1.378383982974904498e-01
7.067742241717489549e-01
3.694855748828240749e-01
6.317108810885487813e-01
7.949528093726954125e-03
1.725926624794644759e+00
2.830895711097927148e+00
1.048087002476152385e+00
-2.819731399366218305e+00
-6.415403993267956295e-01
1.425172282240771970e+00
5.918725633104831019e-01
-1.776315857394186182e-01
4.282658232940139698e-01
3.583257123756649065e-01
1.976631897441174956e+00
-2.556638300000617647e-01
2.626399028438322070e+00
-1.234812724046991050e+00
1.849325820569975853e+00
3.156467103187443612e-01
1.420602878439327199e+00
-1.830822630686684604e+00
7.666956838396723484e-01
-4.208742192462775478e-01
1.742100717450063563e+00
1.888177129754309291e-01
-5.201940845777652811e-01
-1.630088346836507718e+00
-9.684703691139509019e-01
1.552341401685700006e+00
8.630140902536354020e-01
5.935156281880216156e-01
-1.640210662529010044e+00
-8.166743702233176805e-01
-1.516712093201488809e+00
-2.090604836342624395e-01
-9.780391095666809420e-01
-1.385606408492254804e+00
-2.371365751841656433e-01
1.971908971086602236e-01
9.658404444729509208e-01
1.947853330645109793e+00
5.266952514100777805e-01
2.905144041944613065e+00
-1.453403779938795548e+00
-2.091203598066253999e+00
2.052181752974018281e-01
2.817026546922449803e+00
-1.831458525608544718e-01
2.259238345875035137e+00
-1.048683868936745256e+00
-1.791503701977530394e+00
1.412684336333037471e+00
7.313193028375302163e-01
6.357868411342266768e-01
-7.437691764204075184e-01
-1.052431304470793805e+00
-5.224920647105406601e-01
-3.761371819181746901e-02
1.780812325451054612e+00
-3.909558031822246704e-02
-9.537128327109867243e-01
-3.432380019534795323e-01
-7.047364994111244840e-01
1.438467478432983171e-01
2.679010556553022226e+00
1.332206402314259464e+00
-1.528641392360409856e+00
-4.023292680158814250e-01
-4.476802668562248400e+00
-4.015687213893137653e-02
-1.148742216215173251e+00
2.659768657402841185e-01
7.364388994216408690e-02
1.723096124977341326e+00
6.323900684554564222e-01
1.269304584352791920e+00
1.873007862652848132e+00
4.079288283077264765e-02
6.162848510900387211e-01
-7.523304268743853385e-01
-6.752619402069806043e-01
-3.097609841211906634e+00
-1.471591483789081778e+00
-9.376650643470298974e-01
-2.346371237462915538e+00
1.450359066329736102e+00
3.262501659551864108e-01
1.883254773593900921e-01
1.419603119631240418e+00
2.161313279182719427e-01
1.368657882763910649e-01
1.778416977084569695e+00
2.248181605119135007e+00
1.154529051164548292e+00
-3.533030207921541432e-01
9.869350775847509638e-01
-1.728173187403781341e+00
-2.613620141943009401e-01
-2.543884117557355662e+00
5.508349185134262527e-01
8.174522977074971664e-02
-7.746369190996063026e-01
3.756869226021795072e-01
-3.522049883122235769e-02
1.942889972678667476e-01
1.597323837618271902e+00
2.106753986694255509e+00
6.276813450440297260e-01
-3.288160836906222073e-01
7.866111216903259873e-01
-6.085280479219861149e-01
1.241061342740987783e-01
6.815717743186677779e-01
4.427416979232470240e-01
-1.525224354150245265e+00
-5.508410424537331096e-01
-2.284049489881336825e-01
-1.152591025122173818e+00
-1.393381347098550105e+00
1.067956893854322686e-01
-1.833059644007322575e+00
-1.848276221268879027e+00
-1.910975802766540887e+00
2.760913175538746600e+00
-1.040615735506669637e+00
-1.186082355259765464e-01
-4.254668324928557510e+00
4.342707092928899115e-01
-5.009819827819272930e-01
2.325589148875674361e+00
2.938487548778176972e-01
-4.882141707914033901e-02
9.177465983906092362e-01
1.368922348052823423e+00
1.926457079431388664e+00
2.308311464362944321e-03
5.576449680565520595e-01
-2.041650359739989984e+00
8.080926079960892849e-02
2.376357159905348126e+00
-1.566529970134453720e-01
2.024689776062791324e+00
-2.928660087107317622e-01
-2.051806548008750397e+00
3.795486357934503729e+00
2.631211376896938070e+00
-5.257619883779458547e-01
1.085379061291718905e+00
1.013777935111513706e+00
-1.905298176323495962e+00
-6.349730342064399125e-01
-3.058670319798713066e-01
-8.334817395844984489e-01
2.898821648457706956e+00
1.218550438998198260e+00
-5.903434297538554532e-01
1.627146168540850368e+00
-1.904933770181830077e+00
-2.098372521511417954e+00
6.015709871423391419e-01
3.029785344063240515e-01
1.484802589001623652e+00
-3.398961827678466108e-01
-1.617453480318743253e+00
9.609527903089540857e-01
6.575458802175448980e-01
2.504576141721262417e+00
-7.245625375629209941e-01
-1.053417869891580150e+00
-2.106918153391592607e+00
2.031584318628052444e-01
-2.067526634834572441e+00
-2.499071165835324848e-01
2.516119236394143144e-01
-4.985441103338139612e-02
-7.839243811080063296e-01
-2.625155497530576199e+00
8.239007129942477192e-01
-1.524254741469159402e+00
-1.423265275759847626e+00
7.627785649141927138e-01
8.510009989202957925e-01
1.532940684955047317e+00
-9.880764641267099080e-01
1.161468822542170543e+00
1.218077842174274394e+00
-8.627140777965731644e-01
1.508194744990172254e+00
3.269409691276692342e-02
-8.927887498459137205e-01
1.391431116414986846e+00
1.988934388575991363e-01
-1.803298957865708818e+00
-1.460457823257859555e+00
-3.357793486624895962e-01
-2.463670614557896599e+00
1.474669322079039446e+00
-2.183940025797436846e+00
-2.243735296823868630e+00
1.985398423239219667e+00
-2.012419461598087267e-01
-1.319357586434609431e+00
-1.263086804708386524e+00
7.878260010559889892e-01
-1.125734165768037531e+00
1.310008553096615458e+00
-6.558118029526553983e-01
9.286437051445002311e-01
2.209118949704151902e-01
-4.751249503649912498e-02
8.301998237419629945e-01
9.000207753094677798e-01
-7.305635624696913411e-01
-1.484617829799196986e+00
-1.837164196076618516e+00
9.563577023655067677e-02
1.237443561097353317e+00
-1.995962468928239808e+00
9.123909196984447689e-01
9.673708821190167839e-01
6.230580443850222139e-01
7.892040897120189413e-01
-2.117848611977221296e+00
1.145949654066517276e+00
6.577129888673614033e-01
1.494089610062809825e-01
4.445611139446192794e-03
-3.749203797724520726e-01
1.622591939480968470e+00
-3.249666903035579590e+00
-2.284046877050858182e+00
3.389286346176714204e-01
8.053629154385788524e-03
-1.795194350703264163e-01
-7.603547712271288006e-01
3.137263912736001359e-01
-9.612550848061278685e-01
-8.689274200465293418e-01
-1.634173615870349039e-01
2.200197481756383411e+00
9.117840776704451144e-01
1.136527695922309178e-01
-8.477266881570786339e-01
9.416052412281228357e-01
2.576665791590899701e+00
2.506507681975848278e+00
-3.616234342461286388e-01
1.806777768577480181e+00
3.456800909191830584e-01
6.670514694158002911e-01
6.489414507493993511e-01
-2.148493464465293101e-01
4.632351990165375355e-01
3.696832507676539592e-02
-6.417164408392448394e-01
-8.675001353239171209e-01
3.907315827502255701e-02
-5.972142025885265326e-01
4.797189597097926139e-01
9.434782206039233898e-01
5.531520999713626097e-01
1.509527068715170728e+00
1.538347248639496456e+00
-1.371084296702917982e-01
-6.798064742086316059e-01
-4.429218700256534191e-01
-1.985172010479724136e+00
-3.447751747649538956e+00
-2.778329927049751902e+00
-3.348443622692336419e-01
9.838989987804547255e-01
-1.871920116178102944e-01
1.437759206668013157e+00
1.656231769096692119e+00
-2.672412899898333194e-01
-1.170669766184069260e-01
-1.245401658276037438e-01
-8.317756063309280634e-01
-2.002694427851903214e-02
-1.285132546664780051e-01
-2.891733801596823028e-01
4.421117987596447918e-01
2.343702724810031057e+00
-5.754818503308376521e-01
2.435290201285356559e+00
-1.424751311349545801e-01
-8.596897309504658580e-01
-7.977732776283410487e-01
4.707042505732506044e-01
6.007699696935944189e-01
-2.678171786407633093e+00
-8.847122174160562125e-01
-2.501681655186463349e+00
2.360876113972305568e+00
6.133758465764760359e-01
1.238004207844540794e+00
-3.811243954812475465e-01
-1.619639307996822986e+00
-5.628891515525058509e-02
1.327988721648409864e-02
1.078333644133464553e+00
9.527440180717938745e-01
7.229064497712389681e-01
-1.261144590956414291e+00
-4.893628453353038310e-02
-1.525617416691444905e+00
-1.048646726260345829e+00
-5.121183541470077927e-01
1.165745265971231959e+00
-2.554336270204390580e+00
-8.735020842255361018e-01
2.730137168680233373e-01
-2.381456692129754416e+00
1.174167086738306942e+00
1.573844511263153834e+00
-3.633275640830255782e-01
-3.359934841696653685e+00
1.108371815989208642e-01
2.091576366056308700e+00
9.375635856016639735e-01
9.503362152079999348e-01
-5.320997819165098619e-01
-2.761944450005480167e+00
1.853502638627904098e+00
-5.362259434854550477e-01
6.744918239793769033e-01
5.847403770883552454e-02
-2.466599082380600549e-01
6.598435564303990475e-01
-1.041927090407664291e+00
-2.599186210238242367e-01
-2.602179497471444058e+00
-1.469466505986717131e+00
-3.809867220119560471e-01
-2.916106378196667848e-01
-1.686198249165047347e+00
-9.907776048411305325e-01
-2.060890350824460260e+00
7.848529437965803268e-01
-1.257519256724109358e+00
1.909785686427637685e+00
3.052973330292530818e+00
1.951366043070171585e+00
3.041751283732505584e-01
7.181001625066940619e-01
-1.374475969230197769e+00
-3.383164178380768661e-01
7.729655346507957603e-01
-6.058034679501709263e-01
1.226903174291063436e+00
-1.447473775541527896e+00
-8.247459144713618073e-01
-2.303543938351808595e+00
-1.384282408698844780e+00
6.178212295879585980e-01
-1.773668201175370385e+00
-6.628347944729844343e-01
6.109737527791185840e-01
4.694226580793223746e-01
2.815346640973471537e+00
5.176467192243467963e-01
2.350967180651243105e+00
-1.364295023858763667e+00
6.990634684483465477e-01
5.223457619876938907e-01
1.313918322806985728e+00
-1.728307975184551815e+00
-8.413495765534770854e-01
-1.171898363083199612e+00
-3.701773230561391514e-01
2.682791931937279273e+00
-1.042453617696204038e+00
-1.402983173691599639e+00
2.818295458994235503e+00
-2.511220278001440320e-01
1.019254602680383925e+00
5.560081090314907826e-01
1.194830084974927153e+00
-8.977926835565606112e-01
7.770953839808747432e-02
1.693967920626322510e+00
-1.405091989875786318e+00
-9.440921383066633865e-01
-4.315717429262436511e+00
6.582016054502481950e-01
2.759109685977083615e-01
1.614294858364766938e+00
1.215931524530145857e+00
-7.567933196007476937e-01
-1.885095298478007830e+00
8.337891237891632557e-01
9.664296222338251141e-01
-1.273044869985806571e-02
-1.906112749830173314e+00
1.371875162697202555e+00
-2.649436530348392438e-01
1.117480050349075604e+00
1.402315329111059050e+00
1.954384151908943323e-01
1.254009289179337294e+00
-1.803047550111052555e+00
1.388881272688081481e+00
-2.918956741539808775e+00
9.406594046268974552e-01
-2.803319990396193617e-01
-2.281588484194632116e-01
8.908368002511481976e-01
2.029992314862422376e+00
-1.085025313871849306e+00
-1.533000493904115302e-01
1.801525151850002615e+00
1.108177134207739556e-01
6.402201556995201770e-01
2.367072776934544542e+00
4.969869283527952319e-01
-1.067294113545079526e+00
8.955435756214118470e-01
-1.160764832496497867e+00
-1.625764402025589916e+00
4.653838075671457020e-01
1.024796658097809399e+00
-1.060656982599534892e+00
1.148331861232821716e+00
9.816620630213757082e-01
7.962043858072522795e-01
8.724870807552287388e-01
2.183292153318168616e+00
-4.184280532905972905e-01
-7.719071885715420578e-01
4.444463942965048986e-01
1.268233350212972788e+00
-4.037973255842354448e+00
-5.064937878644402147e-01
-9.838859267017721066e-01
-4.427540259578659487e-01
1.305097094484687581e+00
-6.680397504304238510e-01
2.443800372055759951e-01
2.754991741883719314e+00
-4.921295533384650867e-02
2.367424108654692105e-01
-1.517565400543420928e+00
1.122079291360766007e+00
1.718224443493209463e+00
-6.323713114712674610e-01
-2.232228949924230932e-01
-2.189874913815952340e-01
2.581409943873014257e-01
-2.413197587537379896e+00
-3.432959811005025230e-01
1.506637750170638057e+00
2.631470072909980473e-01
5.860649253570731076e-01
-3.331033149822992812e-02
-9.448774060586284662e-02
2.162868202776618176e+00
4.530966586730915679e-01
-2.005985267812788742e+00
-3.904311873862207349e-01
3.116233252229028139e+00
-1.046155485508871053e+00
-3.108498063250566545e-01
-5.563788497858102033e-02
-6.502073511575829912e-01
-1.979159018525087799e+00
-1.307401281555397254e+00
-1.579588507293597566e+00
1.179748071564857170e+00
-1.117610631768423790e+00
-1.539133803791036037e+00
9.278605012463359003e-03
1.872706702951949964e+00
1.330427255818906751e+00
-8.460105497075920411e-01
2.320823615612921387e-01
-1.386209189127419528e+00
-1.891006456891600962e+00
-4.530972467040825791e-01
8.348004431770128519e-02
-5.110457204323299862e-01
-1.956173562159380097e-01
1.312188179477717931e+00
2.682667760214886066e+00
-3.444365102031001769e-01
-8.234686433118785231e-01
2.858109139242852592e-01
8.120795758563490452e-01
1.362200964870345032e+00
2.122165675676225050e+00
8.721963805931887137e-01
-1.217934712855466728e+00
1.907148852294402452e+00
-2.911236108980903570e+00
-1.408230373919785894e+00
-2.213391771177335876e+00
2.246904980098345384e+00
-1.736611120982395562e+00
9.257128185507470519e-01
-1.856383829325034540e+00
-7.544365997908268895e-01
2.880675186346133287e+00
-7.240988465773403604e-01
-2.607614119426328259e+00
-1.857214316606428106e+00
-1.590044323864736597e+00
3.167046336495937808e-01
1.609200699785824362e+00
-2.399943763012534870e+00
-2.384482932596218241e+00
1.601974255569813543e+00
5.273836751599123573e-01
6.333637161135605709e-01
-2.652334110804970280e-01
-2.824023065466585436e-01
1.206784987241574569e+00
-4.111704308006229880e-01
2.833923498463386537e-01
6.775251860035016449e-01
1.529799031045188329e+00
-3.488899117955828189e-01
-2.976437983654522057e+00
-1.955285475181978150e+00
-1.436182852611154193e+00
1.649620443334698372e+00
-2.424174572436546438e+00
2.498497161170938341e-01
-6.462347184634449349e-01
3.478924969742518414e-01
-1.531344568797672334e+00
-1.501403843518649417e+00
-8.329599442432380485e-01
3.585073157471242666e+00
-6.372280425882062005e-01
-2.315538010017901716e+00
6.471563067409222825e-01
-9.693619330757972108e-01
-3.678674469898099986e-01
2.066993950777238354e-01
-7.706564011739960307e-01
2.618564943871721340e+00
-9.684753016869738218e-01
-2.830908028606076599e+00
-8.446799223196581607e-01
1.885252976289456761e+00
6.250759162317631734e-02
-3.547350537582119046e-01
1.149136505210179848e-01
-5.221024710480053344e-01
-1.273794500757967629e+00
-2.064504592146469975e-01
1.055875736734634529e+00
8.180042294357212640e-01
-1.430417968906312787e+00
2.468752494443915424e-02
-2.169228049786146251e+00
8.445031272315359772e-01
-1.972077622018227672e+00
1.956679313754130511e+00
3.556645064020678149e-01
-9.363891370277155346e-01
-4.210570560934634443e-01
-2.900683140661683979e-01
1.220817869389509092e+00
-1.194728221348457797e+00
2.302900555188935883e+00
-6.964268279987173571e-02
-7.420610816630812678e-03
-4.922919344793736940e-01
1.015417126050268237e+00
1.500537847102092925e+00
7.167174906903284182e-02
-8.445636060448968863e-01
3.065220818078433496e-01
-1.751678490561596302e+00
-1.073962800980941878e+00
5.316535710971193041e-01
6.149875311986230386e-01
4.822253860386407354e-01
4.174314228141353667e-01
2.899762453681998586e+00
8.752047476490751876e-01
5.097209152773141128e-01
4.129261794961003318e-01
-2.642431105069045216e+00
9.293106480322919083e-01
-1.052203199249095888e+00
-3.570983811781314188e-02
1.834200053066550318e+00
6.576394868136414829e-01
7.695021610540830892e-01
3.008857292626432312e-01
-6.175515080625268993e-01
-1.260509863902381511e+00
1.480445609075783153e+00
1.215843244048206095e+00
-2.540077945190301723e+00
2.070961093185276880e+00
-5.541057934776203453e-01
-1.139516607035326867e+00
-1.340400623563708482e+00
3.113073297933466321e-01
1.787434466592099369e+00
1.712431536159796153e+00
5.580660240440806774e-01
8.065780825553048317e-01
1.313427445375463520e-01
1.028345107408046744e+00
5.665117475499226174e-02
9.253727617215234957e-01
-2.799906554956779203e+00
2.826453501968123838e+00
-2.332499530291246792e+00
-5.829271084482572363e-01
-1.357882423354441759e+00
1.418793118051925539e+00
-2.442092472000480186e+00
-1.210797245124139110e+00
4.535567229359172003e-01
-7.009765587407157383e-01
-6.798261552899518279e-01
-1.948809899165144355e+00
8.706192891693840252e-01
8.629982163266802786e-02
-4.007304142747027953e-01
3.837236799617915750e-01
7.074819446441003024e-01
-7.229346651723282946e-01
-2.113443612503963287e+00
-1.375412423236898718e+00
1.327881559826240121e+00
1.950028779912678090e-01
-8.139048585160892912e-01
1.753751030783998743e+00
1.939669788537573325e+00
-2.171734872767038027e+00
-1.671552146012128759e+00
7.158351213954361469e-01
1.513513218357496193e+00
-2.117043212319286383e+00
-9.328567745270044398e-01
-9.178359604346564282e-02
3.172271413614002000e+00
-1.031747624051443601e+00
-9.355564653969743460e-01
-2.609224634444657909e-01
-3.118075641138071674e-01
3.765960221173578759e-01
4.241170971935233069e-01
-2.071668217397011347e-01
-4.361343047208512402e-01
1.402189747406646703e+00
-7.973492356547087212e-01
-6.272466681574577763e-01
-2.885787901239087461e-01
1.305646439460806718e+00
2.094243599662027222e+00
1.009923660016398550e+00
3.954694642682188288e-02
8.531801301246142444e-01
-2.129121055697518194e+00
-1.569822738977095788e+00
9.736248566029530593e-01
-1.342429985158964278e+00
-1.723975438131208904e-02
1.808869015685177217e-01
9.872136751686655387e-01
1.813134219060144048e-01
-7.547466156316264829e-01
-3.290804860042317870e-02
-1.714852469809962088e-01
2.349569964545619172e+00
2.371367526454633001e+00
9.339626220195640371e-02
-8.167494333958167374e-01
-1.755578112958136927e+00
5.808721511788714764e-01
-1.243022445904145457e+00
-2.147878912390567052e+00
1.290651804983947493e+00
-1.272969067916466024e+00
1.346952831832172848e+00
5.105381054526070272e-02
7.493398547297118739e-01
3.857114754367430010e-02
-1.767282409662284781e+00
2.951162982513295674e-01
6.986267514835056147e-01
9.007470274787818809e-01
1.267645305583954496e+00
-8.004595202627893258e-01
2.950526886842961716e+00
-1.653652316221245755e+00
1.214551945779457576e+00
1.608304918567990072e+00
2.359920946164775657e+00
8.751060657437639279e-01
-1.106327287593268593e+00
-2.215305219373975287e+00
4.798064561591495192e-01
1.007115006795813450e+00
7.066023181542000486e-01
9.151432854158372265e-01
-3.321879931163556066e-01
8.203394122246709941e-01
-3.209574943167528005e-01
-1.314990479732155215e+00
-1.106401349105277099e+00
1.193890071047619905e+00
-3.675271414203873377e-01
8.965344777041215352e-01
5.059608752235575935e-01
3.954973224996827241e-03
1.831684637530219817e-01
7.161498341445948768e-02
-1.553104174577892849e-01
-1.311104311277775381e-01
5.879242740735062256e-01
-2.174403217748457351e-01
-1.851015701885059261e+00
-1.002654404728726689e-01
5.828965714829861255e-01
2.713513972072105318e+00
-1.308662293824989220e-01
3.323323367513602022e-01
4.596857063005561628e-01
-9.336837764268759443e-01
-2.157631730826095051e-01
8.968296287486232643e-01
-2.174835722794558279e+00
-1.074008864555844323e+00
2.854589899350228777e+00
5.275956039770974826e-01
-2.321890759500391255e-01
-3.143266878007394016e+00
5.729978834971749535e-01
-1.300033032191829641e+00
-2.379571492819820833e-01
-9.636530401607315000e-01
1.070122728478311025e+00
2.898341297709752240e-01
8.076080701696186637e-01
-7.859028937288998762e-01
-1.706777814818293493e+00
1.897689907666961773e-01
2.187491099449898613e-01
1.998683578044353482e-01
2.269763251416181404e-01
-1.174913504382524287e+00
2.211837899662021378e+00
-1.533518197729812904e+00
-5.811419087806113382e-01
1.541430822655501132e+00
3.410479339793976550e+00
-1.145539644091345899e+00
-2.819393970969183982e-01
-8.185770048954026379e-01
-2.565586960024237584e-01
-1.384593560139856017e+00
5.515786681152148319e-01
-1.384374795595364471e+00
-5.480863047620463391e-01
8.885066791768112537e-01
1.125477416309164980e+00
4.699541038148620231e-01
-2.814217535291225758e-01
-7.316133013671919372e-01
-4.551157688018534486e-01
-5.216295395491066245e-01
-5.272733546725119069e-01
9.713773158367260407e-01
-6.422684776379181670e-01
-3.104921805010982805e+00
1.971852827343711922e-01
1.892366525988792958e+00
-9.043006377408522312e-01
-2.090147979611636231e+00
1.681004028780801463e+00
4.432803546100485548e-01
8.370234302494052869e-01
-7.879737216164190983e-01
-8.015838725742234772e-01
-2.077847661138167989e+00
-1.348271810568516749e+00
1.884537456421005786e+00
-1.801125512238574533e+00
2.514834060587372022e+00
-5.287431594800864332e-01
7.157870837903379524e-01
-1.466341476187605686e+00
-2.086088955154297153e+00
4.267937481605468264e-01
1.598723084605657263e+00
1.115557757467567690e+00
3.175196125317043538e-01
-3.890812408822341695e-02
6.595991889535728347e-01
9.235501264503209740e-01
2.219521143245700046e+00
1.731269816278593332e+00
