4.242000000000000000e+03
6.081000000000000000e+03
4.546000000000000000e+03
4.275000000000000000e+03
1.427000000000000000e+03
1.760000000000000000e+03
2.831000000000000000e+03
2.334000000000000000e+03
1.741000000000000000e+03
6.570000000000000000e+02
4.243000000000000000e+03
2.951000000000000000e+03
2.247000000000000000e+03
3.950000000000000000e+02
9.004000000000000000e+03
2.093000000000000000e+03
3.764000000000000000e+03
5.377000000000000000e+03
1.407000000000000000e+03
2.932000000000000000e+03
9.370000000000000000e+02
3.444000000000000000e+03
3.140000000000000000e+02
9.624000000000000000e+03
2.751000000000000000e+03
9.525000000000000000e+03
9.451000000000000000e+03
9.454000000000000000e+03
1.058000000000000000e+03
9.472000000000000000e+03
6.720000000000000000e+02
5.860000000000000000e+02
4.110000000000000000e+02
9.445000000000000000e+03
9.345000000000000000e+03
1.904000000000000000e+03
9.970000000000000000e+02
9.214000000000000000e+03
9.349000000000000000e+03
9.286000000000000000e+03
4.860000000000000000e+02
6.800000000000000000e+02
2.343000000000000000e+03
9.753000000000000000e+03
9.113000000000000000e+03
5.029000000000000000e+03
9.219000000000000000e+03
9.255000000000000000e+03
9.290000000000000000e+03
9.333000000000000000e+03
9.306000000000000000e+03
8.894000000000000000e+03
9.312000000000000000e+03
9.347000000000000000e+03
1.877000000000000000e+03
7.470000000000000000e+02
5.822000000000000000e+03
6.891000000000000000e+03
3.481000000000000000e+03
5.030000000000000000e+02
4.330000000000000000e+02
2.310000000000000000e+03
9.092000000000000000e+03
9.531000000000000000e+03
2.757000000000000000e+03
3.519000000000000000e+03
7.942000000000000000e+03
7.470000000000000000e+02
2.505000000000000000e+03
6.353000000000000000e+03
8.824000000000000000e+03
9.407000000000000000e+03
1.371000000000000000e+03
2.690000000000000000e+03
3.380000000000000000e+03
3.879000000000000000e+03
3.089000000000000000e+03
9.240000000000000000e+03
1.530000000000000000e+03
9.535000000000000000e+03
9.474000000000000000e+03
9.531000000000000000e+03
9.187000000000000000e+03
1.553000000000000000e+03
1.996000000000000000e+03
3.935000000000000000e+03
5.860000000000000000e+02
1.295000000000000000e+03
1.203000000000000000e+03
5.884000000000000000e+03
7.231000000000000000e+03
2.064000000000000000e+03
9.621000000000000000e+03
5.545000000000000000e+03
4.910000000000000000e+02
2.549000000000000000e+03
2.518000000000000000e+03
9.550000000000000000e+03
4.538000000000000000e+03
3.590000000000000000e+03
