-1.450677482058816636e+00
4.762179338557714914e-03
-4.133834091759229779e-01
1.088871298932229337e+00
-6.177703657974200624e-01
-6.160506331670170255e-01
5.486060710232703030e-01
4.358605176684662297e-01
5.645609686871804200e-01
-1.548813705849689804e+00
2.162397549441053002e-02
5.290730277703525886e-01
6.175595767259887126e-01
-2.731166202819901301e-01
1.556672946989801076e-01
8.738081839632876324e-01
-1.721339200671127223e+00
2.539837735700931631e-01
5.131745332475237120e-01
-3.490177450283811211e-01
6.725156713956490506e-01
-2.420633661666444780e-01
-4.414975550871149679e-01
4.941096482666029743e-02
-3.391373530813801551e-01
-1.064406919254758943e+00
5.428373855426986694e-01
4.504422581782074886e-01
-4.460004714428436046e-01
-2.911960267203479447e-01
-1.229878374608724734e+00
-1.156256625905941249e+00
1.220642091174569899e+00
-2.110779794926731512e-01
6.489666203221675644e-01
2.352630730791327451e-01
-8.186698765572479886e-01
-6.989627733367917983e-01
-3.700098474535522541e-01
-4.561264296781608607e-03
-1.033990925546551587e+00
8.049631531748238089e-01
-9.072781309606394728e-01
1.229760991842013595e+00
-1.037189063707586456e-01
1.328156744617725593e-01
-6.077492121208560860e-02
1.131281997672013873e+00
-6.004000411589576203e-01
4.085406271099056852e-01
1.801283637331918541e-01
-7.491849937246106705e-01
8.800745023577496440e-01
4.269036171219831033e-01
3.916263514802675871e-02
-1.872531965107802066e-01
7.375080098414690255e-01
9.856786042031853157e-01
8.429939212023942474e-01
-5.430215792831489807e-01
1.252309466098026292e+00
2.464806659552269963e-01
-8.740217354965613694e-01
9.002442830409762564e-01
-1.919810440031204379e-01
-1.592654960135853059e-02
1.589527969650558425e+00
-1.267272870985441280e+00
-4.605873937006830232e-01
7.373089341195626645e-02
-5.397841370529787852e-01
1.449242720243839599e-01
-1.510301203578299223e-01
3.317081282670830689e-02
-8.203195763983375244e-01
6.801776497630784846e-01
-5.195311231820625153e-01
-1.666114841387207335e-01
6.788062079321228737e-01
-4.610080254173762881e-01
-4.149264892018207362e-01
-1.510425179232884219e+00
1.366649648497455516e-01
1.141211627217968427e+00
-2.887525295240784828e-01
4.687437538079901600e-01
-3.984879937060679111e-01
6.869940293945830945e-01
-7.530974286287577257e-01
-8.859119997070861174e-01
-1.485234621068070027e-01
6.139855373188929377e-01
9.947319643820859980e-01
1.374338584925178353e+00
3.411579066824188544e-01
-2.203135806831317822e-01
1.558882551515310411e-01
-2.509877175596031407e-03
-1.291613342230941708e+00
2.945131536914775694e-01
-4.814091485875593435e-02
-8.034253580154615548e-02
5.787161437631471728e-01
-2.064785798425754493e-01
7.782327906935435635e-01
3.168989648094751033e-01
3.040885300411932946e-01
-3.924294276326367736e-02
-8.648364382644331272e-01
-6.792850694484471319e-01
1.838297241966646567e-01
-2.942101138930901527e-01
5.717288373201157015e-01
-3.225085377489982363e-01
6.501730549043394092e-01
4.667779433493990382e-01
-4.681525389449499031e-01
6.505295401209831851e-01
4.301117465571824283e-01
-6.218038743478588870e-01
5.459779924252030625e-01
-9.760242546002153574e-01
4.709592845830936625e-01
2.270475409078365203e-02
7.905874993934354222e-01
2.837268925615159532e-01
-1.209019552719329926e+00
2.243378949093450814e-01
1.077318048189273014e-01
7.434304232897801512e-01
4.313457034918286581e-01
-2.574464311417461460e-01
1.531651470815020843e-02
-3.448851578286182828e-01
8.133529500741563112e-01
-1.180194882009448776e+00
5.146017611729121199e-01
-1.416612344485065123e+00
-2.505185408966514871e-01
-1.171506702616886386e+00
-6.738323030708475159e-01
1.558283534808015958e-01
-5.170947642742698136e-01
-9.534013760472390686e-01
-1.760205248233095432e-01
3.682777806966779366e-01
2.474162881705996853e-01
3.373690158299424979e-02
4.548785217260853386e-02
-7.712354494312387843e-01
-4.333652940893992778e-01
7.214617825260480899e-01
3.721193521221630718e-01
-1.816279226329520213e-02
-7.001749175323368490e-02
3.370205709905649272e-01
-6.104957641341037800e-01
1.444301956523742270e+00
-1.109873005177783867e+00
5.204127027339469080e-01
1.184869195738916581e+00
-6.135405383287135805e-01
-3.455436292040996449e-01
1.029455726712065200e-01
-2.972689436459781120e-01
8.562238063450404724e-01
-1.932649646236646035e-01
-1.434001192926777968e+00
4.651880594707051841e-01
7.417038550541210640e-02
8.550245706427546111e-01
3.848671104458114556e-01
6.791375970824011787e-01
7.205434353947781645e-01
-1.311556589612766999e+00
-1.136397868365929043e+00
4.422143771962883108e-01
-1.938275527965007683e-01
-4.038650887757793129e-01
-8.906258420375756657e-01
-8.292210280231593345e-02
-2.193234245616553224e-01
-2.713382303197668932e-01
3.271191319837107869e-01
5.549822207075809644e-01
-7.417209460267413235e-01
3.860955697298162903e-02
3.155820089722585209e-01
4.664294131157369350e-01
-7.469771499772139833e-01
1.333575457983870116e+00
-8.454329872599286588e-01
-4.131801601981930361e-01
-2.816691204220376221e-01
4.544621136210880152e-01
-2.427143443377710597e-01
-5.879519780762514358e-01
1.054483007087374524e+00
2.850251416754447931e-01
-1.247089107994768575e+00
-3.632228516626021531e-01
1.923044541280374276e-01
-8.018173285120449023e-01
8.403787925869243836e-01
-1.167587608387544940e+00
1.126579495243069218e+00
8.571489275370574035e-01
-5.037892452307328739e-01
3.222728260719120996e-01
8.276478538083456016e-01
1.027660346579819972e+00
-9.166001073005407562e-01
6.837517841911422423e-01
-4.127042037763910542e-01
8.201068358942720238e-01
-2.719790549972778138e-02
-1.285667722311467642e-01
9.317810287425567495e-01
1.519610014674453780e+00
-3.311301495412566354e-01
7.750190905008764730e-01
-3.060810437897938385e-01
-1.105344835333106346e-01
-6.556989180134342732e-01
4.053540090099296833e-01
-1.364874048217066260e-01
-5.676400680481572536e-01
1.378113281950873237e+00
-4.660295320297747068e-01
-1.006657669494321006e+00
-3.528369999072511476e-01
-1.454981678807480971e+00
-1.724780069524332049e-01
8.519870943424203702e-01
2.908866204093465413e-01
-2.050453999577985797e-01
1.035594536482395966e-01
-7.345949448141233518e-01
1.463708672537979538e+00
2.478831600425852599e-01
-2.251929336832052542e-01
-1.039938733095423729e+00
-8.413872175084247118e-02
5.183974233207404581e-01
6.651384765342864824e-01
4.833795950690822352e-01
-7.876177505538226598e-01
-4.411345425803006037e-01
-9.947711509200605207e-01
-4.685017437612888358e-01
-3.638586173369109389e-01
-3.215115237336281240e-01
-7.392229368831735314e-01
-4.618006460476067332e-01
2.796446792630069567e-01
-2.158373312240717823e-01
4.111177661348204282e-01
4.989546352201825741e-01
4.120373270911876773e-01
1.958914477727571324e-01
3.004650567692213059e-01
-2.454573497556271633e-01
-1.322342882665319408e-01
-7.693700474392706212e-02
-4.140566716770912592e-01
-7.393495912880512222e-01
1.622036974875342707e-01
9.118460045703544736e-01
-3.079569371492372198e-01
-4.918106208767953902e-01
-9.902373544977374209e-01
4.154064813617708296e-02
4.848844327963055534e-01
-5.767634918541215683e-01
-2.264306258428341323e-01
1.077494377183585428e+00
3.599170403430749232e-01
-1.253365953705074531e-01
1.065587988505793504e+00
9.519357190608683794e-01
-1.001255163727012842e-01
1.808876166382047401e-01
-2.261723244687772194e-01
-6.123949976864828670e-02
-2.466844430633656771e-01
-3.269922707588861499e-01
4.846384983784890466e-01
1.381108534858314307e+00
7.943385794586443893e-01
-1.006825411234224532e+00
-3.305165332699022684e-01
3.722498050494218447e-01
-5.968845238427080702e-01
5.826187822015427287e-01
4.127651970644556911e-01
4.951287905576418069e-02
4.758499469595616205e-01
4.837944248412764381e-01
1.511055467085071768e-01
6.663553721067136948e-01
-2.677628566346692551e-01
-3.405744644943773380e-01
7.313390082878274967e-01
-8.403667242703374285e-01
-4.495454243215979417e-01
1.509998774518736653e+00
1.091426088768568725e+00
3.150190169400710616e-01
2.525589343040373080e-01
-5.716404209519136970e-01
9.082982890216957372e-01
-3.973211259412732232e-01
7.784422921608857848e-01
1.462638410712292725e+00
-2.345498042845335362e-01
-9.399945334247830075e-01
-1.039132341493104850e+00
1.093190670787238972e+00
-1.995006745389176217e-01
-3.102130289791817930e-01
1.316322844679466364e+00
4.008525653307470904e-01
8.733336744850470623e-01
-1.194723065693408248e+00
-1.017665756158204537e+00
-4.153631393042607201e-01
-7.223630426827902795e-01
7.807959188343129853e-01
1.584857703729269929e-01
1.201655202778091791e+00
4.258257186860250343e-01
3.622037560541695456e-01
4.703638992451653067e-01
1.376904486047775045e+00
2.600031107341704839e-01
3.077107432642716134e-01
-2.439966249539811116e-01
-8.680760153595681317e-01
4.721068912968569009e-01
-9.395318468514730625e-01
4.294760999705342641e-01
-1.062196825141694667e+00
-4.088456368554505005e-01
1.156977906694364400e+00
1.667282245163992371e-02
-7.961230306821445168e-01
-2.828611524395956422e-01
7.234867137090184031e-02
9.553105732511504300e-01
-7.173590135124676692e-01
4.600827063339902878e-01
2.815733783988827454e-01
4.024051544719871032e-01
5.021100496439032668e-01
6.777023072214234389e-01
8.688835340957909992e-01
-5.226137345316672622e-02
-9.824332423805968162e-01
-5.136363043404763573e-01
-2.574939649005560938e-01
1.196082150685214174e+00
1.312592647027592818e-01
-6.848698888241422367e-02
-7.325146360609613438e-01
-7.933075211717497410e-01
-1.243545844914486498e+00
5.984879318314817453e-02
-2.223839309931374686e-02
-9.626355445756997753e-01
7.608027472919429712e-01
-1.173315767875446891e+00
1.491560827645166398e-02
-7.904614507909641929e-01
1.253560692275645927e+00
-3.767937034394188700e-01
3.117300875624913203e-01
4.720980651180983756e-02
7.781425967149875333e-01
3.740926173554086631e-01
3.731029650396351371e-01
-1.349724180237688032e-01
2.069081751327352947e-01
9.411486371594897093e-01
-8.449245879949209836e-01
1.137092002290787107e-01
-3.720202207836917907e-01
2.442541007502265771e-01
-1.116387784567863584e+00
-5.546056824311422773e-01
1.445232228114456063e+00
3.749387621912010360e-01
7.899181855131303109e-01
5.429291388521875206e-01
6.265850443414002768e-01
1.603150306743836850e-01
-1.545686152048446615e-01
4.364815349240735998e-01
8.749995357520639061e-01
-6.084679016134275642e-01
-3.834805851321654302e-02
3.932137043820045363e-01
2.273151657383660762e-01
-1.291346997935527430e+00
1.837718242588799455e-01
-1.404305395962156311e+00
-3.720835476117443363e-01
-3.068613099979247139e-01
-4.677011487094731024e-01
-3.729254920763160897e-01
-3.496146015917354077e-01
1.031135123903492712e+00
7.148380638536409037e-01
-8.759990030315378817e-02
-2.355053319533686462e-01
2.443506994069277738e-01
-1.761893492789203819e-01
-5.058559403178515268e-01
-1.011379609093672638e+00
5.700266369470678995e-01
-1.057621183399894971e+00
9.767767153822290993e-01
5.302487090739980147e-01
9.852721267577990716e-02
4.538237877215935967e-01
-1.173216970030596329e+00
-1.689008026913194627e-01
1.272758442706830806e+00
3.268685491212988126e-01
3.683013961892243060e-01
1.408390962997163598e+00
-2.978985478880353810e-01
-7.423187093798482294e-01
5.349539957426321379e-01
5.345584804205110174e-01
2.473574557861528689e-01
6.057192900353722820e-01
-1.211038710436404209e+00
4.092356501151197534e-01
-1.500671274240215070e-01
-2.856983996115518565e-01
5.005859777738130845e-01
-3.558645457325866346e-01
-1.068054238125950572e+00
-2.584780675063287347e-01
1.085642879970487584e+00
-5.101195557853461793e-01
-6.086778792802309823e-01
1.732511657717930476e+00
3.383905566095446460e-02
-1.213322871943468328e+00
-2.935834898459344089e-02
1.259464545639193744e+00
-4.318799275141653737e-01
1.247361476529115443e+00
-6.271169635280680055e-01
-1.176569433808740239e+00
1.800228776790113727e-02
4.203608895592267913e-01
6.142049174886139440e-01
8.565886514465157475e-01
6.397450238572091052e-01
2.307057027228989199e-01
-2.892071043045705281e-01
1.358829535161126145e+00
3.235706023496902617e-01
-3.138057330555286129e-01
3.744242439642873066e-01
-2.544243328373863022e-02
-3.422164790816086821e-01
-7.481149926467347555e-01
-2.036029035732980219e-01
3.424290670643568291e-01
-1.640563662979488413e-03
8.153327334131770243e-01
1.090301349795540276e+00
1.463698912935287311e-01
-8.631071260690479363e-01
-5.301883850252107067e-01
-1.156490341786051257e+00
-4.353419712359496430e-01
-2.927682044800929972e-01
4.612701463794177670e-01
-1.044791393542101599e+00
1.898873726476857371e-02
-3.833550765304352126e-01
-1.065758936037192850e+00
-2.068172649758537318e-02
-6.103658589761593589e-01
-2.818540124300454863e-01
-1.112413757099461886e+00
-1.121301443174438361e+00
6.317385344312249629e-01
9.086671719660692759e-01
-6.098621167106603735e-01
-1.612671353910801741e-01
-7.358779652687772455e-01
-2.120510174929597369e-01
8.128261519100732357e-01
4.454258567130224833e-01
1.209907926162115288e+00
-3.953289122114895804e-01
-2.813206196423614358e-01
1.154665230190774494e-01
4.038235442723472346e-01
-1.160407594649520036e+00
-1.661610615812751490e+00
8.337084668058984960e-01
4.585957672962326370e-02
8.646406307276404135e-01
1.744903447997181445e-01
1.895937500036914969e-01
8.460214202527431837e-01
2.018999956470235446e-02
-7.141477774630358155e-01
-1.387828965837096806e+00
2.700641016913127856e-01
-1.981813756812309535e-01
-2.718476169799979303e-01
3.109098246389772058e-01
-4.251731248074319680e-01
-4.620016452729212020e-01
9.660072995445112554e-02
-3.455792678705318366e-01
2.757524335164420748e-01
6.800380991977936773e-01
-1.023300461300220565e+00
7.032736081069295153e-01
8.248633915342020728e-01
1.624024677668245431e-02
4.512273519579377279e-01
-2.304096548676071166e-02
-9.173650050480457452e-01
-1.490788546517904933e-01
-3.490017689434852244e-01
1.273647385829201006e+00
1.038907572310821870e+00
8.004786709584941207e-01
3.493898179272285631e-01
3.608997850882920133e-01
-7.094388242210163398e-01
-1.178110274973405147e+00
-6.087776643532381016e-01
-5.477735140500810118e-01
-8.417713195407472426e-02
7.143163030100652122e-01
1.084288200807081992e-01
1.526051736106232681e+00
-8.344016900250670332e-01
1.629381843672071284e+00
-8.157536872873212275e-01
-2.892541267917412284e-01
-7.631074755616475969e-01
4.831662339415121465e-02
-6.308501226863914013e-01
-3.867397957378857498e-01
-9.649880557901608924e-01
-1.062650150905239954e-01
4.657909233940591420e-01
2.499688563732487268e-01
-9.123559470240971692e-01
7.879981917656415646e-01
1.285528386674103629e+00
8.347444351136470431e-01
1.737455129661382713e-01
-1.155618773998997817e+00
-3.764025277563662897e-01
-6.037584953986803171e-01
5.725744942444208618e-01
3.932275975981971428e-01
-1.211088620763947077e-01
-2.140732892240659879e-01
1.266256719148058707e+00
1.783925434822952738e-01
-1.345577660267275100e+00
8.651474297290651094e-01
2.114129616787074895e-01
8.439233481835124451e-01
9.363754262695422881e-02
2.224117252468307271e-01
-1.065983635324354140e+00
-1.962638486949348504e-01
1.185013857223930600e+00
7.498927495079845684e-01
1.034159027415394227e+00
-6.064032798753000719e-01
-2.804411816445622208e-01
-2.776319624348353443e-01
8.388526214653380109e-01
-8.544774296725829998e-01
-1.527150231471177122e-01
-3.420282660954949705e-01
7.906906352871718724e-01
-7.347614941966860158e-01
1.911677936064864802e+00
9.969340108260276168e-01
-9.756725567714497060e-02
8.929847964054520304e-01
1.043856062268634588e+00
8.463071843091132251e-01
2.147106466703441185e-02
-8.262863538632814198e-04
-9.825181673619720613e-02
-5.614266641043919037e-03
4.222091467967405976e-01
9.353740312708378468e-01
9.233723044085007103e-01
-4.783738803037653753e-01
-1.150377130746829124e+00
4.062467807417426968e-01
-4.700301995861808635e-01
-8.335093748847892670e-01
1.580587168497594064e+00
-6.871268472310898545e-01
8.109762260695987379e-01
8.954623274609527783e-01
1.429056405616860204e+00
2.524117856524075165e-01
1.578515939958160530e-01
-9.205418230603434893e-02
7.379809582019580816e-01
2.227658359944184596e-01
7.838959412710666541e-01
3.967427912768251019e-02
-5.997800356270737154e-01
-2.524249632233122043e-01
1.161259573155858149e+00
-1.730521470190664601e-01
1.730050565317544198e+00
6.118784985243408414e-02
6.008461288870181605e-01
5.224589505351682206e-01
4.408191307174647022e-01
-1.016066602622935910e+00
1.427720394216152044e-01
3.927509924129779506e-02
-2.027865890027307216e-01
-5.402585792479950300e-01
2.734586226146085153e-03
-5.252042458724854868e-01
6.904244621068666987e-01
6.602420682113141481e-02
-2.214148542087839289e-01
9.077786929827347251e-02
-7.845278112833824480e-01
-9.883962467197635604e-01
1.106916924528247748e+00
-8.940898802458718819e-02
-6.733599473024547422e-01
-3.590151321911090321e-01
5.886436411377360400e-01
5.296104169941546758e-01
3.041399635164321325e-01
6.829622129297501232e-01
1.650919036539510998e-01
-1.440045395897988634e+00
-6.540442861366599914e-01
-4.463415378681023782e-02
-2.913508089781746691e-01
3.888069880936404488e-01
-8.426865776367939986e-01
6.943047034018459129e-01
7.839470873578573418e-01
5.348957762240971192e-01
9.520720935132338525e-01
5.722432452832117988e-01
-2.619421351160617917e-01
9.665902102030479170e-01
2.201646827661765116e-01
4.192031333650252378e-01
4.349222755951274166e-01
3.912315193177207107e-02
-7.472892903379015905e-01
6.608937809517918538e-01
-1.160040842084697488e-02
-1.600158119939489865e-01
1.049399929324660974e+00
2.961130480685412181e-01
-2.366859782693460090e-01
2.501625637730873208e-01
-1.002509296089657997e+00
-2.344657347748437815e-01
-1.770324102688174417e+00
-2.470207012896166177e-01
-2.327490473488804668e-01
-6.216142508245079412e-01
-1.469584794717312626e+00
1.110107958154170404e+00
-7.241159454255097216e-02
2.120673159200130442e-01
6.159301937791372694e-02
-2.761667301226067295e-01
-5.154310067406520091e-02
2.477348668723600156e-01
-1.221800658902924219e+00
-5.462480855190916529e-01
-7.993146277480542850e-01
-4.500954772950889193e-01
6.339858421808042266e-01
-6.816502285540515516e-02
-8.229431908540663088e-01
1.920687013790898234e-01
-6.075299154136644120e-01
3.217984258509165585e-02
4.004570959752493664e-01
3.541845263948015798e-01
1.359772305609681098e-01
-2.796934776170898473e-01
1.316374823367203462e-01
1.769704034290278116e-01
6.883240926054803310e-01
8.718794000350786888e-01
6.336863505264309637e-01
-2.336393554348035195e-01
2.618364174525424914e-01
-1.247373462576204517e-01
3.997522475147583521e-01
-1.875528649879036891e-01
-4.245502634368794048e-01
-5.497676013303411935e-01
2.102099025692998779e+00
3.820770914955922137e-01
-1.528183315484774596e-01
1.974448720779093946e-01
5.283505309004006278e-01
1.149273789531838119e+00
6.181446205188834142e-02
-7.784990277777303902e-02
2.114221772959554713e-01
1.887134597430524252e-01
-4.177955756273652455e-01
-6.494997897100525108e-01
1.766514368127749535e-01
8.824075980246988138e-01
-4.834671443050284623e-01
9.357211329920858134e-01
5.877090601936254544e-01
-1.653950657400201862e+00
4.110519549549183083e-01
-9.028842583736240712e-01
-2.546707017655434058e-01
-5.326634595810659789e-01
-2.037470487032972954e-01
7.772610192858770972e-01
1.138982902370937467e+00
8.088203921882861636e-01
-8.414326464767825087e-01
-1.908744045310841742e-01
-7.897659681465984960e-01
-2.379971588659826054e-01
8.533841286532961590e-02
-2.518423134859153478e-01
-1.923466651150294027e-01
1.452784382726424184e-02
2.115955023486026931e-01
-2.630404269082031732e-02
2.612663262625609661e-01
1.548337144381584096e-01
-5.804441695692172942e-01
4.783411025167829678e-01
8.327466288147977735e-02
-7.453824127407671085e-02
-2.082084295470512103e-01
-4.798695689915373208e-01
7.122041572407145082e-01
1.313451527977852251e+00
4.985337193966454805e-02
9.244083635612909688e-03
3.095874773394537982e-01
7.514613944406001167e-01
-1.394816639137459902e+00
-3.361949875487901807e-02
9.830627501790445422e-01
2.376521059106515565e-01
9.021823536838189384e-01
7.917627480805355944e-01
5.625973317385382089e-01
2.116079463529114690e-01
-2.698267439836037340e-01
6.292848998942979222e-02
-2.326592622702303714e-01
-8.099682712501028448e-01
-1.058764464751859258e+00
1.163967995895331065e+00
1.940838373258948479e-01
-1.652979277156358950e+00
4.192785746297333915e-01
-8.477850735318455122e-01
-2.216546507922236842e-01
-7.025927904292297299e-01
-8.120252566936763117e-01
5.695427674310860056e-02
-2.406636033140525655e-01
-5.523497199919535916e-02
-3.672220963623669121e-01
-1.094991794045002020e+00
1.153461321680776308e+00
-5.509176951212770845e-01
1.042622476101452200e+00
-3.506275404425451825e-02
-4.092608355400200182e-01
-9.003638234956650166e-01
-8.776808016632955400e-01
-1.225297120477666368e+00
-1.776050231148378344e-01
-1.251824959196420117e+00
-5.831742422261907421e-01
-2.641662486893734396e-01
1.073738891391926131e+00
-1.025308045879107510e-01
-1.101467176413244431e-01
-1.140154702126130903e+00
-1.844382262308972287e-01
-1.636599218419028112e+00
-5.202294578889841148e-01
9.722076767065779279e-01
-1.251410947015267894e-01
5.053333063527976066e-02
-2.598071627077160883e-01
6.940334406683925650e-01
3.090519014951205179e-01
3.658784915199699839e-01
-1.302810165381344198e+00
3.296729307254722130e-01
5.926544522676202575e-02
1.288138154334273366e+00
6.148289932954131842e-01
-1.107299209674748042e-01
5.608095787024991452e-01
3.342855188739974892e-01
6.834863260628072368e-01
-6.644237497916787305e-01
-1.020757606800977157e-01
-3.428919123017690751e-01
7.601405073926468248e-01
9.046892088568387891e-01
-4.993683303727891598e-02
7.512932335987310140e-01
3.713707143959368295e-01
9.073631327965241411e-01
1.004107416626194293e-01
5.862651278579988912e-02
-1.219263437532127625e-01
1.585394197481794443e+00
-7.941053263504302961e-01
-5.986252287518656345e-01
-9.273853915238570167e-01
3.684906254664799263e-01
7.440172543949969963e-01
-4.749393284337433130e-01
8.437018474832260750e-01
-4.757875640842357257e-01
-2.110808476004457646e-01
-1.220966468790820603e+00
-6.899283132493128079e-02
-5.123388153189267769e-02
1.951908590518023345e-01
-2.336800324111969474e-01
4.933000749398814833e-01
3.704959993304832722e-01
-4.986243568915247337e-01
-3.856390649832501794e-01
1.465168850136491230e-01
3.215046275418700361e-01
-1.036219200258496009e+00
-2.656946261769146389e-01
5.734077217168378482e-01
-4.117611998296082376e-01
-8.786662893942702723e-01
-1.014475697390928577e+00
5.943784409178629602e-01
4.270815159310981102e-01
8.427849857724236671e-01
-1.282575061342485778e+00
3.181525744334088301e-01
-1.325091736363640749e+00
5.044194449608232489e-01
-1.537442223938926489e+00
-6.198153248529738590e-01
1.350928812313727079e+00
3.760209693878824311e-01
-4.241271191439199839e-01
-4.319705644561988578e-01
1.016973497816202610e-01
9.862233364289316739e-01
-4.260798009995125923e-01
4.314241180398434850e-01
-2.216895917266956673e-01
3.486119990641070032e-01
7.910177836056373479e-01
1.492548354522799769e+00
-1.389585343937297601e+00
7.454099197396679699e-01
3.609228675542368592e-01
-9.067222028242092335e-01
1.123959654605597436e-01
9.737745593084472517e-01
5.235475842866899043e-01
-1.233587515676546342e+00
-1.524693200299884310e+00
-1.108542647546282289e+00
-3.563904941307027840e-01
1.324634850493069393e-01
-5.508229265864299506e-01
-4.420887768640548998e-01
-1.828264583005765331e-01
-1.987116786791638390e-01
4.558666549774805787e-01
5.205047517738137230e-02
-3.283442283832282982e-02
5.648706010620987428e-01
-5.692955561378729712e-01
-5.347731454136859242e-01
3.042926505316545516e-01
3.429786244610610879e-02
6.990004204559108203e-01
6.394212339769378417e-01
-1.008832442375107163e+00
-2.417851833209470058e-01
-3.578024870258600387e-01
1.456072181553478728e+00
-1.170409251475126311e-01
3.432098761448205693e-01
-1.287930894527169468e+00
-3.185433665999646280e-01
-9.331524209855164287e-01
1.134989690092203851e+00
-1.403216388494995748e+00
7.303546265426588135e-01
1.250319782500451282e+00
-9.564515678973517510e-02
-5.946051345853575754e-02
5.745608292897506075e-01
-8.051399342204330623e-01
3.802133991885909836e-01
-1.435335972307711927e-01
7.808144218509616152e-01
8.770829704579918840e-01
3.398890978956927711e-01
3.456664851745774314e-01
-6.811227966314863380e-01
1.054207401046696191e-01
3.534392598797539975e-01
3.855717503527955614e-02
1.656667477050888237e-02
-8.984094670933640003e-01
-4.434235876140766308e-01
9.121168917815358768e-01
-3.852989784519369465e-01
5.069087860410972368e-01
8.064089438798660581e-03
8.783040775149917323e-01
8.856519797226303226e-01
-5.004191933271870951e-01
-1.412570266541246511e-01
-9.818958286875529851e-01
1.469640926860962260e+00
1.027517167688076327e+00
2.570283611511658961e-02
8.472979680994194851e-01
1.921171872551949988e-01
-8.912788652828496083e-02
-3.875928715034797634e-01
-7.625515938155613682e-01
1.308665154438520162e+00
-4.501013553540609280e-01
4.575445507510575993e-01
-4.363503690197720886e-01
-6.114977704251565171e-01
-5.798201893565355647e-01
-2.342063136892651443e-01
-6.696241354365053411e-01
9.792568239011059106e-01
-9.033063354324184502e-01
4.919522239996751978e-01
1.017042768135462794e+00
-5.032109600252940851e-01
-5.598796541625032930e-01
-3.851059729567429812e-01
-1.131964908550289195e-01
5.612233811208628964e-01
1.652789536057539976e+00
-5.142684714364778031e-01
-5.346650789783593538e-01
-3.233137998322010986e-01
-1.537061457698412070e-01
6.977915209444383038e-01
9.566342374162317697e-02
-5.968804260911859672e-01
1.055477217627968756e+00
-5.229428431234603991e-01
4.078790559459815057e-01
-5.969794137138686452e-01
1.577433205725160548e-01
4.423541359166351938e-01
-1.128366608494779655e-01
-6.575405633499755709e-01
-4.838712318565558945e-01
2.412037464956240385e-01
-1.702635216399785989e-01
3.672654787804976451e-01
-6.889745911730997818e-01
4.935364339362386943e-01
-2.855988664604236504e-02
3.261112611892178492e-01
8.339306781860731377e-01
2.946250816669682138e-01
6.725329257756040846e-01
-8.347084625770095911e-01
2.433967965836592029e-01
-5.941108481154362408e-01
2.979414519153529284e-01
2.709458276363179152e-01
-6.929525553795468085e-01
-2.252652897595686099e-01
3.955784499044279201e-01
-6.685340912350010711e-01
-1.719475200089100042e-01
-1.128495857442716854e+00
2.914202572099968691e-01
-8.414782953249320130e-01
-8.140762514505732739e-01
-5.322876924717379055e-01
-5.709125851142511365e-01
-2.581242194450972249e-02
5.882768806441553977e-01
1.379652773037758351e-01
3.453668313789908240e-01
4.703001913244904131e-01
-3.166998899907236265e-01
-1.045549586603531811e+00
8.612894773279311522e-02
4.616181103450394119e-01
1.203038033361531589e+00
1.037272632979378884e+00
7.652240627759230307e-01
-1.982339219845288270e-01
-3.742970148359869853e-01
1.360598304905860090e-01
5.791872982290762195e-01
-2.469631863736765354e-02
-1.354636253846726035e-01
2.047829712143309777e-01
2.525474989075586763e-01
-2.158813413406184267e-01
-2.757607931164951509e-02
-4.443230751172198012e-01
1.945090468799932637e-01
-6.703175641174556887e-01
4.434844973706750793e-01
2.590139981859067575e-01
-1.520400894332482267e+00
-1.857573928022677734e-01
-6.743032630905556601e-01
-4.662539237834657513e-01
1.344377894820816266e+00
-4.785001338003391780e-01
7.986697455826128333e-01
-7.412150163992219376e-01
-3.434395093729039061e-01
5.352321905471937313e-01
1.618611217945692182e+00
9.113773610957744964e-01
-7.155893707324789688e-02
1.545651778444884883e+00
1.073577585603699980e+00
-9.958303426799730573e-02
-3.460990521529083708e-02
8.687941964008292217e-01
-6.712301070201966979e-01
3.644656913799328990e-01
3.180889359604481825e-01
2.571937210953878505e-01
-4.770013785146058893e-01
-8.697448448911329066e-01
-6.270068063954159499e-01
3.732144016289362654e-01
-1.032114517403108778e+00
-1.221674642513086440e-01
2.587534779046389843e-01
2.136798573115825661e-01
-9.768433676200150018e-01
-6.849825425080435792e-02
5.907835380852333174e-02
-7.028216247102756498e-01
9.549824008763785343e-01
5.535495247217507853e-01
-7.245179082983810304e-01
-5.187733342954050642e-01
-8.779178618888465735e-01
1.428944379016350297e-01
-1.095565537811125534e+00
-1.291512612889464950e+00
1.351405319567837715e+00
-2.209397894433955400e-01
-9.278821723196699622e-01
1.278743792784267086e+00
4.944098982085254335e-02
3.359645576220495755e-01
8.638708801348906619e-01
-8.168234361374056007e-01
-1.109745541472797470e-01
8.969939828104402935e-01
9.808473412980980299e-01
-5.847643499419419300e-02
-4.013413384949924279e-01
6.742021914407780869e-01
8.211027079891897174e-01
-4.938586019201007815e-02
-1.650239332203788933e-01
6.393724808481202615e-01
-8.618567158227001812e-01
-6.676673707470559549e-02
-9.724475284253912832e-01
6.090334237834236220e-01
2.121860259485162103e-01
-2.221597108883859306e-01
-1.188804898803432319e+00
-2.833149375388632762e-01
9.893884566345310105e-01
3.063314126533001058e-02
9.966108244128619731e-01
6.621133020894305332e-01
6.773382297014061137e-01
1.821577874911154638e+00
-2.608957429165519315e-01
3.243533030347904855e-01
9.669053270159224667e-01
5.678350279394575040e-01
-9.849710379846072783e-01
-4.896323944305489562e-01
4.588621355401922841e-01
-3.972877898680238218e-02
2.989404621582458788e-02
-3.650138264153817147e-01
3.947033122475085420e-01
9.356401483839906774e-01
-6.643676667075002484e-01
-1.201565157028855246e+00
-3.854366803267819108e-01
5.346689271158329149e-01
-5.031358130418777108e-01
-5.929493728513817175e-01
5.810353193025230567e-01
2.576214539075394327e-02
4.050413770488523468e-01
8.260937164667403465e-02
1.091098195954344874e+00
1.097416980798604058e+00
6.045300266634985320e-01
2.868206791399066091e-01
1.615407203426579841e-01
-4.839515002219965112e-01
-4.503773114338605055e-01
-1.310931461754911265e+00
4.153809777837524919e-01
1.021690264150749705e+00
-5.761478660513308370e-01
1.669648287558622712e-01
-3.230261416043278544e-01
2.201014923987685279e-01
-7.975048127543260534e-02
-6.853783515335711840e-01
1.166789188561807578e-01
3.782200502607775405e-01
-1.873160916731189118e-01
-6.927536196586085993e-01
2.553668209796944311e-01
-4.036998340913005023e-01
-3.337283613415475969e-02
2.196677641220485810e-01
-2.777466032226527659e-01
4.686753855761569554e-01
-9.886617246686020266e-01
-1.222424968328153838e+00
1.617657126235238607e+00
6.475548273531641641e-01
-1.080235859978841972e+00
-9.468674383431077146e-01
7.682785670943959033e-01
-5.011857627646945090e-01
-2.298951442973340420e-01
6.133705598431902217e-01
2.229013705473592566e-01
-5.650019985659948674e-01
1.639301164392348298e-01
-1.624481399350849564e+00
1.505619599465687131e+00
4.508924374677736324e-01
4.524737953059609907e-02
8.127442168882295093e-01
-2.793434520705071478e-01
9.396620689133587945e-01
8.818753394933152023e-01
7.910187952011948909e-01
9.183389045226668657e-01
5.811798000507000239e-01
1.414624408095614072e+00
-9.749914428595483074e-01
-5.399346142054284314e-04
-6.667185788049083683e-01
8.564007458116229543e-01
8.928484534379492743e-01
1.605861967898007947e-01
-6.480712277276596822e-01
-1.716973082666124917e+00
-2.006872832091701753e-01
-1.535036735372621308e-01
4.321432728395455669e-01
8.111027981001894815e-01
6.996817529117382861e-02
1.154295214450415941e-01
3.095942001445486369e-01
-5.288110941079446903e-01
3.178542219373534650e-01
1.314436582627036998e+00
-8.986139304476745693e-01
3.710073692227568998e-01
7.985876712654915721e-01
-7.537410760574889679e-01
1.244759304403151745e+00
-1.294766241956422093e-01
1.794571293381697075e-02
-3.879619658960367090e-01
4.146224087516747758e-01
3.164787294280468899e-02
-3.363574654339007708e-02
1.501670874252347687e-02
1.234546706365672541e+00
-3.484148194978677893e-01
-3.409917986998367567e-01
-3.198153527229461446e-01
-4.855021252722879765e-01
-4.836114412728740319e-01
5.012476049404090972e-01
-4.698148822150125525e-01
1.598193987439344710e-02
2.019987277586032803e-02
2.112648502678373674e-01
-1.508144515496363525e-01
1.738368810021295729e-01
2.132529085733150254e-01
5.100092044760984322e-02
-2.219489283618960584e-01
-3.748947010467054142e-01
8.987680329380172140e-01
-1.438537020563128266e+00
9.646100361188665318e-01
-9.450022924957828252e-01
-3.412997085692150989e-01
-1.205141741342941053e+00
-1.869018003219933277e-01
-2.761258406065607574e-01
-1.490311341084081143e+00
3.586292283620586829e-01
1.174354350548503234e-01
-5.064150699236558140e-01
1.345638846903092656e+00
8.308426685871239670e-02
1.149750744292111548e+00
4.560095955314489302e-01
-7.136472540072116288e-01
-9.093321047544833391e-02
-6.743310244805948983e-01
-9.680357851278564851e-01
-3.194214495897993444e-01
-5.924533559992255505e-01
-1.117259553102504022e+00
-7.770384434088253300e-01
1.539402008311281378e-01
2.289179452321548069e-01
3.979610697241913186e-01
4.618422196474680774e-01
-4.302539055249932076e-01
-2.548499181161814064e-01
-8.447506269545845825e-01
2.816093285483365349e-01
-2.907465092815364471e-03
8.864868871682327622e-01
8.780612956328859298e-02
-9.573164574025225804e-01
-4.173906902392161555e-01
-5.231010971840017731e-01
6.096739702690099350e-01
4.937495061334153945e-01
-7.326710194966548073e-01
-8.738327441585882482e-01
4.803932808743773819e-01
-2.360444910798733531e-01
-1.348636344721694247e+00
-2.347020618383117707e-01
6.754451731459187869e-02
-7.087983914840458866e-01
-2.615774812859186227e-01
2.864403076089594435e-03
4.074313370033859627e-01
1.801473622941767161e-01
-1.178220377076044656e-04
4.862677188198096800e-01
3.856453075509982398e-01
-6.156770345926867449e-01
6.349891864993271184e-01
-5.020327729894287216e-01
-3.743538997797619672e-01
4.634918234091980338e-01
2.079462067040536155e-01
1.583317588885909899e+00
1.720647576442857485e-03
-4.291089163800752004e-01
-1.593270423772494837e-01
1.129006006179684718e+00
9.842431583263167028e-01
2.285021759988481449e-01
4.628484892218542868e-01
7.964506517866087876e-01
-3.803485065409866195e-01
-1.463763529622328363e-01
8.075869976818150775e-01
3.633747339249815411e-03
-1.402508952642707030e-01
3.432018018804665616e-01
4.792283854292742618e-01
3.045285226212612884e-03
-6.132395345721910473e-01
-1.058597145262556438e+00
6.711304864697620332e-01
7.726152959939192044e-01
1.605174871395202985e-01
-6.200387537426745865e-01
1.064333095263814144e-01
-5.641216902132661914e-02
-4.899711006489662068e-01
-1.685499593693424725e+00
-1.262826631218629814e-01
5.602038331257901405e-01
6.998736695701914812e-01
-6.576005176203789659e-01
1.000203465993463325e-01
-2.297943584165267339e-01
-4.089588975530347170e-01
3.492044603963027072e-01
-8.268916893593400985e-01
-7.037496039236472711e-01
-3.528419399984485949e-01
-8.265351268814313812e-01
8.442497234518064886e-02
2.325070967333502381e-01
-8.237207221318678663e-01
2.581404051963769319e-01
-8.068650516949666951e-01
-6.264584864383113683e-01
-2.796194150777111531e-01
1.758857627094077003e-01
1.054825756224628819e-01
8.234699130020874946e-01
1.337648003856579670e+00
-6.770605344565296946e-01
1.069377047165948724e+00
1.214620374004714343e+00
9.669380735614652167e-01
2.783907737115498549e-01
-1.642128643950180322e+00
1.068364308317915068e+00
4.496875732315874785e-01
1.014935440298271097e+00
1.617843879830357601e+00
5.252923625002985375e-01
-1.650093113382542498e-01
3.178981913938239146e-01
4.114718890862043565e-01
-1.106177639078414821e+00
-1.389060337657595401e+00
-2.262712246567195606e-01
1.326748999806943274e+00
-5.848939997113857814e-01
-3.928061822131425629e-01
-1.126169713895563085e+00
-4.224179950667341643e-01
1.239369490994483236e+00
7.864676767836211724e-01
4.198835352346330652e-01
-4.088826923890858112e-01
7.650818463283259874e-01
-3.387448949003637466e-01
9.048666743646496258e-01
-1.937313535472213744e-01
-8.810982595863992017e-01
1.394831406901878346e+00
5.321801211244103769e-01
-5.138928886313269828e-01
5.983774234269931824e-01
-4.738878018015260096e-01
2.890004266954369072e-01
5.666641308014863654e-02
3.294744271295959592e-01
-7.610632900666072231e-01
8.659373606032243487e-01
7.729399864083941196e-02
-5.979449267781031807e-01
-7.815212820723971276e-02
-2.378631358362799375e-01
4.441142198369352201e-02
4.277172867920580046e-01
-2.011303055820654606e-01
4.772506261574331887e-01
-4.150474752728978700e-01
4.877597912595099672e-02
-1.098965638289952640e+00
4.246002901044381161e-01
5.225261379824708285e-02
-6.396084534351231810e-01
5.276382223145894557e-01
5.377196699437885030e-01
-1.557450552060402060e-01
4.225247017760036528e-01
-9.106992605754928860e-01
-5.243078837741057541e-01
4.834285633062131993e-01
-8.161993953247135281e-01
-8.438560252809086393e-01
9.774664375504835689e-01
-2.664109749338354760e-01
1.139022978938186270e+00
-7.500624025252538019e-01
3.503285301270047114e-01
-9.487442664559164740e-01
-2.203343970720474942e-01
2.713002783323759104e-01
-6.005754327425467665e-01
2.276245231675977365e-01
4.795878834372899746e-01
-3.816671289907871412e-01
-6.672899646395338280e-01
6.403351430666806010e-01
-1.449761387316641503e-01
7.456732562115853113e-01
6.677065233461281224e-01
7.911311681768484760e-02
-2.652223787390122212e-01
6.184064057791509583e-01
-5.432296340784166233e-01
1.989864721886647203e-02
-4.407445107278995522e-02
1.510553853354688059e-01
-1.220069653595444947e+00
4.422223907806923648e-01
-9.436647837350697898e-02
1.884340952978895700e-01
-7.725009574710561822e-03
-4.641195037983241178e-01
-5.570099720646162211e-01
1.474645509871770344e-01
-7.367692489987192062e-01
4.305655448664458262e-01
-1.007017041965467818e+00
-4.246260066998850391e-01
3.939179914894976875e-01
5.928643150704981934e-01
4.959517489494400522e-01
6.044700054344254170e-01
-4.901405488334535931e-01
-1.286855152983363837e-01
1.070836347915538056e-02
1.010412286530693038e-01
-6.814955082738105574e-01
9.797715207618074018e-01
8.835475366320437729e-01
7.007076742912676792e-02
-2.051652033385789053e-01
-5.387520909678134018e-02
-4.715850621894546180e-02
-5.411060640242322251e-01
-5.840362235439897631e-01
-3.346825829103021732e-01
-1.458289905975620471e-01
1.287678572403176958e-01
4.485082118481997782e-02
-4.769461891649768859e-01
-2.203438420107692863e-01
-9.344998030653162147e-02
1.285731476811326601e+00
2.591693517742053032e-01
-3.478721825647808075e-01
-2.152700583537363599e-01
-5.391866649005798706e-01
4.686444976197998713e-01
9.116324915234308435e-02
-9.233056958816350246e-01
6.869110236115947288e-01
9.722614435346965678e-01
3.563821136346536633e-01
-1.504405390624077299e-01
-1.107285837044262866e+00
-3.451180027512066317e-01
9.313581402500492601e-02
4.675719122135806316e-01
-1.561017543443131927e+00
4.827904738880501867e-01
-4.098516926754589562e-01
-3.289264597954302261e-01
3.405166304373601349e-01
1.172965591803887264e-01
-6.727872090064064281e-01
-3.066612465601092907e-01
-5.276467566222393657e-01
-7.397791852382278321e-01
-1.235271523313707931e-01
-1.760813736745001634e-01
3.527986652326076111e-01
-6.388274745707969160e-01
9.504771325912919622e-02
5.955768042273525964e-01
4.615161307503630184e-01
-9.949343078793226880e-01
-7.067640658624076977e-01
2.349919887693019405e-02
-1.081523679235525393e-01
-4.654281640119650731e-01
4.513520112900710757e-01
7.156287629073592171e-01
2.093071237132626550e-01
3.912879323977005441e-01
1.957145406068965698e+00
8.091858816069343874e-01
-2.041006160477856213e-01
-2.814639478835410102e-01
3.307692429234165843e-02
-1.018910226014431597e+00
4.332342055937621339e-01
6.559181514555234571e-01
-4.514493450981404976e-01
-4.635538733415973667e-01
-2.255701485396608419e-01
-7.833088239000751685e-03
-3.497114541796673137e-01
-6.243851957495270000e-01
-1.399869099248167714e-01
-6.584012356409303379e-01
4.139660018488777737e-01
-1.791153987012252813e-01
-3.906665217752749442e-01
4.362559881595338140e-01
9.830382404763380322e-01
-2.310142113120381424e-01
-4.985038069674452288e-02
-7.016972736169213576e-01
-9.821796232215866951e-01
2.956512104065911473e-01
-1.141054246995327759e-01
8.775823499102051173e-01
1.094499634188061954e+00
6.982417374169838098e-01
-1.301750292521077323e+00
-5.175635653398567015e-01
-1.022775029796937574e+00
-9.449027912078911129e-03
2.016729530409087090e-01
4.053186927989855803e-01
-1.403476254746847118e-01
9.311747084481369896e-01
2.761487047436794739e-02
5.741206263944009791e-01
-1.887849861345447522e-01
-7.107958295169005680e-01
2.180497441694262406e-01
6.556812552268365124e-01
-7.628543862205550141e-02
-1.547661272970062285e-01
1.177967259830836610e-02
5.215748988578710055e-01
2.268841930834506471e-01
-3.062498773048467626e-01
5.582596316752770349e-01
-6.102580239322374922e-01
7.375523747259489227e-01
3.437534108681914446e-01
-5.973905826841754418e-01
9.027753946384979855e-01
-4.029720174393478516e-01
1.022047973861814896e-01
2.032280569114917057e-01
-4.403344356311880148e-01
-2.998541698708034886e-02
4.995934915869675308e-01
1.035530073371306869e+00
-2.414078220915767403e-01
3.476528165430234907e-01
3.242501772627814915e-01
-8.767508908670560430e-01
8.208036024306224476e-01
-8.850192145966868651e-01
1.334925538822222535e+00
-3.688677259435539924e-01
1.068955191306977248e+00
-5.898687563129110245e-01
-8.190442128430008850e-01
-2.861250744815864167e-01
-6.557039043280044055e-01
6.349119566624317201e-03
-1.184344924373538888e+00
-7.370441220074583910e-01
-4.079372173090414222e-01
-3.339935234072042292e-01
4.271318001681123633e-03
2.770130323545085815e-01
1.317017507460773729e-01
-8.111135862155620657e-01
5.207411802947214952e-01
-5.927482189475306029e-01
3.429834510298750416e-01
3.812515927931237059e-02
9.878018189526738269e-02
3.585565987586916137e-01
-3.630554771006835324e-01
-4.087033904608663448e-01
-9.427209481217699860e-01
2.530321120032095195e-01
1.537218800250714779e-01
-2.225316982369731633e-01
4.959442369975164411e-01
5.252123045019354564e-01
-8.755584626021910566e-01
1.883643765700648842e-01
2.696068257358517073e-01
-1.321414379593228716e-01
-5.601130077819149733e-04
-7.017821835069275593e-01
-1.992366680555085701e+00
2.464340502263775434e-01
2.342017527168156477e-01
1.892567507948861305e-02
5.454565386075742595e-01
-4.804769008448435130e-01
8.074638235388746921e-01
1.116223013714105150e+00
-1.905706135159075387e-01
1.309502790109894121e+00
3.884060053962423709e-01
-4.073755088182675621e-01
2.483609814063072463e-01
-1.048722243614108596e+00
4.149451810637856397e-01
-4.880552242162927712e-01
1.417221944414492896e+00
1.144528649109392227e+00
5.291775915286596188e-01
-6.906385880058980575e-01
1.204243233540047697e-01
1.039295322276854172e+00
-7.546922009691199307e-01
-7.027532587479425885e-01
4.493228605726731217e-01
3.183174905972983026e-01
-9.468744864410512108e-01
5.702914871872302172e-01
-9.256095115104088222e-01
1.823531208600233100e-01
-3.710207883994645073e-01
-2.024544217278432257e-01
1.274889179130390460e+00
-6.813627998937068497e-01
-1.311514177896802025e-01
4.776148853516213322e-01
-3.782359640894483732e-02
-3.761472954585620698e-02
2.528052182422619865e-01
7.055926882364129682e-01
4.544298357330598392e-01
-1.000342707464000114e+00
3.484806062749612465e-02
2.657259694179590070e-01
8.132676350413561295e-01
-2.924197804220201036e-01
2.017409753308241349e-01
4.176899046141135941e-01
-5.135952852312204442e-01
1.835592777064077197e+00
1.268049671537442080e+00
-1.283246880420608527e+00
-3.549584519866364474e-01
2.690474156529010230e-02
4.254034912739959040e-01
3.865088606264563964e-01
8.298044346314199515e-01
-3.428336019827451508e-01
-7.507308364075235829e-01
-3.200317018662088842e-01
1.241950528161865464e+00
8.231674773599504391e-01
-2.544272762275632260e-01
-1.164847336808705780e+00
1.866313006869049218e-01
-1.739046946400950588e-01
-9.274779771394694450e-01
-2.477766036104576131e-01
-1.092790905475694352e+00
1.534403973348066330e-01
2.399989676964580099e-01
1.234376202431626268e-01
8.270288115161603670e-01
1.330729135568411436e-01
4.835064651251705925e-01
-1.732105865194792926e-01
2.190452767461472661e-01
4.026332733225252980e-01
-8.534124892554864061e-01
-3.060119979982447447e-01
3.012791413331559198e-01
-1.319478475431088871e+00
-2.961871011830554679e-01
-2.856432311638270605e-01
-1.139947625805124432e-01
1.255764431537203407e+00
1.076092955390477002e+00
4.085925045822449420e-01
1.391896437226753491e+00
7.209242278754670608e-01
8.791479527045584774e-01
1.576274304444497787e+00
3.559360114282483778e-02
-1.329272633879747811e+00
-1.332188664972964176e-01
5.952613214186897039e-01
5.657614367477030726e-01
-4.630394360743688154e-01
-8.626101212537591323e-01
2.736260998284461010e-01
2.347094114799492814e-01
-5.283021653749901958e-01
7.624585399105399119e-02
1.115562191913107348e+00
-1.442146944908698103e+00
-3.212393917331128890e-01
8.289477969944503144e-01
-8.821058637251688594e-02
6.535027757737887910e-01
7.092161665889662459e-02
5.384044688717715132e-01
-9.489028410193522944e-01
1.507298719114293917e-01
-3.647542922018178757e-01
-8.309360363101978564e-01
-4.619720522258186080e-01
1.085476081420280181e-01
1.994229366772461987e-01
-1.157179018104766310e+00
-2.979592966958497513e-01
-2.572606769527805426e-01
3.229796594079505923e-01
7.195623431162392336e-01
1.444992442836356972e-01
1.384937211568557203e+00
3.523210763549915470e-01
8.329745422001870736e-01
-1.518759403143867814e-01
-2.341652757896728332e-02
1.016092492407878467e-01
-7.209258636386657315e-01
8.083970960438335851e-02
-1.235160926376295265e-01
4.139814042878864342e-01
2.966096136832430119e-02
1.014905466694413505e-01
-1.515892694862484014e+00
-2.537013346537042580e-01
-3.799737703615875262e-01
3.733346364866072520e-01
1.031006944296222194e+00
2.662023645219102619e-01
-4.736199788333070870e-01
1.189989578666773795e+00
4.170792044750157856e-01
4.485248675564523779e-02
-7.345139964385758446e-01
-3.995281739683180788e-01
-1.221129458056235961e-01
-1.642256672566269060e-01
8.451733697382763921e-01
9.572411742241708765e-01
8.420515910896853029e-01
4.445827757255678137e-01
1.081711057405794207e-01
5.442902004895611157e-01
5.213938587216144782e-01
-9.769947964509304583e-01
-8.957243197946329616e-01
2.985906861496658848e-01
5.103583698491380716e-01
-2.475930173730294115e-01
-7.592752296671942958e-01
1.964915649906142647e-01
3.180810453861129261e-01
-3.970379466553763947e-01
8.166665373110060244e-01
-4.135607747337539664e-01
1.394093064615608668e+00
8.891477906314175783e-01
-4.280422157956031981e-02
6.070063075026297383e-01
-3.295910494249376654e-01
1.719226172011190101e-01
-5.390524757545209766e-01
-2.574868430914456496e-02
5.436749899004613695e-01
4.424346087464527955e-01
-1.830816028192412404e-01
2.795929867116484502e-01
-6.142677125021513973e-01
-9.769646268706617676e-01
1.060212576238761528e-02
-2.309628722085772523e-01
2.699574500814607703e-01
4.434011741031360643e-01
1.433560758048813000e-01
1.634617868220722414e+00
3.819063355043557095e-01
5.352732276148755020e-01
3.445204183183960822e-01
-1.222572837551976654e+00
-5.062461801001445494e-01
2.135729513548145775e-01
4.477822463198730674e-01
6.004894136768506030e-01
2.653101064528424757e-01
2.012971246481685128e-01
-6.234071776871745740e-01
3.229079265782779373e-01
3.142321119612470071e-01
-3.215803698748267436e-01
-8.674217405292328209e-02
-1.300200040664645229e-02
1.203864250284514270e+00
5.080183041788721710e-01
6.635140578917333443e-01
-4.978928662833475016e-01
-1.146316743068444666e+00
-8.679447745724697683e-01
9.715024110679149061e-02
-3.736687002104916999e-01
7.893836002879179858e-01
5.258725527030705393e-02
-4.257791205381327160e-01
4.701436109455805479e-01
8.670658090856164790e-02
-1.720553319620155008e-01
-2.411551257671931126e-01
-2.415536318082605050e-01
-1.334451757842500808e+00
-7.018434340455925735e-02
-1.947427304229005784e-01
7.885639789010188139e-01
1.250416967584691008e-01
9.482986227056322548e-02
1.325796128218748038e-01
5.498144578271659810e-01
1.933505212180710586e-01
5.310114313978475664e-01
7.760508235498502216e-01
-9.762245797209594400e-01
5.241731238591036401e-01
4.972842783686273194e-01
3.234661470708308784e-01
6.480054039311191616e-01
-3.334998223676679530e-01
-2.178887203122812366e-01
1.136174133891652005e+00
-5.890194702524693682e-01
-1.333537993891027007e+00
3.009797738240740372e-01
1.401046185191665572e+00
1.329770161113925653e+00
2.528679696723203918e-01
-5.385642979671931840e-01
-3.245070857932157438e-01
-8.718701560519281912e-02
-1.560043507359791803e-01
-1.938616776922330587e-02
-8.891951807647693329e-01
2.719669121512691135e-02
-1.187724235246356841e-02
-3.481198698646981171e-02
4.890350976377817460e-01
5.458759268534061349e-01
-7.570837281024935805e-01
-4.268431167375039692e-01
-5.828412017126183287e-01
-6.087211016265383634e-01
6.408872975600887756e-01
1.936753684650005525e-01
2.272448915607920839e-01
3.872024690851105788e-01
-4.812530330660260702e-01
9.121503507603776484e-01
-1.637776165338741929e+00
8.485642225429437246e-01
-1.860617236122941165e-02
6.515331180145711443e-02
2.719168464786498873e-01
7.798096323251915152e-01
3.304208189596904433e-01
-2.152884615565238136e-01
-5.957670259865439633e-01
-1.201620023997724829e-01
8.326868762289585391e-01
-5.618442750139687192e-01
2.705039314088262259e-01
-7.011399876423123345e-01
-2.503239860712920262e-01
1.771870857091073503e-03
8.980605959088165946e-01
-5.174340928913139237e-01
4.094734719709247628e-02
-2.315322073095922306e-01
-9.545569571865240022e-01
3.835407762602738302e-01
2.577053727269404959e-01
3.411504183404892032e-01
-2.760353944200666376e-02
-7.728420430491036441e-01
3.106244104868105538e-01
5.591839621928738069e-01
5.234073107036030237e-01
-5.008088247427355810e-02
2.283811449850521313e-01
-4.626761880926721915e-02
-7.870131450551038910e-01
-6.303999103409552163e-01
5.974730576559217354e-02
-4.721523177963433682e-01
1.671188362769164826e-01
7.434950515419691541e-01
1.264182861711724115e+00
6.510806329488394439e-01
8.450923523401954185e-02
7.475494364602477404e-01
-5.186504744415945112e-01
6.188655242567691062e-01
-2.112565797296319658e-01
1.571378689860445377e-01
2.229734162616807680e-01
2.261316631390775100e-01
8.838528545636812339e-01
-5.269528746044631617e-01
2.623851056248618363e-01
1.648413029769191240e-01
-1.476159887670292381e+00
-8.537729131641782487e-01
9.110601337489629969e-01
-1.738315836544881421e-01
-2.290882142697476809e-01
-2.517840432676514695e-01
-3.857171556855956140e-01
2.282639685399789897e-01
6.134862187511567200e-01
-9.039094188087135606e-01
4.223696891745252202e-01
5.623342781131412949e-03
-9.290154816526960957e-01
-3.202526612548091123e-01
5.864291946368389574e-01
5.935907352626070832e-01
3.053130834540453975e-01
5.061667947547672242e-01
4.845326785363521793e-01
-2.109069077148879590e+00
-1.320915871123288454e+00
3.895398222841306435e-01
3.290203748274524997e-01
-4.119908339671392028e-01
-3.864357011912913364e-01
9.817277749230077788e-01
4.478008432208779865e-01
5.576037007553278357e-01
-1.451701952216737368e-01
4.444640124096643774e-02
5.228137727415260727e-01
-9.293579204646462699e-02
-1.025786465725075924e+00
5.210176950408049734e-01
-1.708882558154414255e-01
3.646771800902515182e-01
-1.059438189287604359e+00
8.738619436578503041e-01
-6.176798999821908609e-01
-6.096255454116938921e-01
-8.209554718268110562e-01
