3.913000000000000000e+03
3.398000000000000000e+03
3.464000000000000000e+03
2.727000000000000000e+03
3.540000000000000000e+03
5.354000000000000000e+03
3.030000000000000000e+03
4.468000000000000000e+03
3.119000000000000000e+03
3.464000000000000000e+03
6.730000000000000000e+02
1.322000000000000000e+03
1.745000000000000000e+03
1.129000000000000000e+03
3.202000000000000000e+03
1.566000000000000000e+03
1.743000000000000000e+03
2.274000000000000000e+03
1.769000000000000000e+03
2.649000000000000000e+03
1.012000000000000000e+03
1.249000000000000000e+03
3.398000000000000000e+03
1.317000000000000000e+03
2.920000000000000000e+03
1.207000000000000000e+03
1.979000000000000000e+03
1.621000000000000000e+03
1.630000000000000000e+03
2.843000000000000000e+03
1.757000000000000000e+03
2.100000000000000000e+03
1.590000000000000000e+03
1.776000000000000000e+03
2.363000000000000000e+03
2.194000000000000000e+03
2.911000000000000000e+03
1.922000000000000000e+03
1.637000000000000000e+03
2.103000000000000000e+03
3.287000000000000000e+03
2.320000000000000000e+03
3.285000000000000000e+03
1.806000000000000000e+03
3.142000000000000000e+03
3.278000000000000000e+03
1.894000000000000000e+03
1.611000000000000000e+03
5.039000000000000000e+03
3.329000000000000000e+03
5.487000000000000000e+03
4.391000000000000000e+03
5.834000000000000000e+03
5.022000000000000000e+03
1.191000000000000000e+03
3.824000000000000000e+03
4.251000000000000000e+03
5.177000000000000000e+03
2.789000000000000000e+03
5.878000000000000000e+03
3.710000000000000000e+03
5.002000000000000000e+03
4.887000000000000000e+03
2.532000000000000000e+03
5.973000000000000000e+03
5.350000000000000000e+03
5.362000000000000000e+03
5.470000000000000000e+03
3.602000000000000000e+03
5.632000000000000000e+03
4.983000000000000000e+03
6.325000000000000000e+03
5.115000000000000000e+03
5.041000000000000000e+03
5.266000000000000000e+03
4.687000000000000000e+03
5.097000000000000000e+03
4.542000000000000000e+03
6.660000000000000000e+02
1.697000000000000000e+03
2.145000000000000000e+03
5.521000000000000000e+03
4.999000000000000000e+03
4.696000000000000000e+03
5.262000000000000000e+03
5.217000000000000000e+03
2.935000000000000000e+03
5.690000000000000000e+03
4.501000000000000000e+03
5.116000000000000000e+03
5.580000000000000000e+02
5.190000000000000000e+03
5.323000000000000000e+03
6.270000000000000000e+02
5.280000000000000000e+03
4.635000000000000000e+03
4.841000000000000000e+03
3.873000000000000000e+03
5.418000000000000000e+03
5.293000000000000000e+03
