-6.292077833945057819e-01
2.212699656003538351e-01
2.049120759575657758e-01
3.629718634755541018e-02
5.396782752187601062e-02
1.221953772830550733e-01
6.698824406612047255e-02
-8.082735114297783241e-01
-4.368412756590442925e-01
3.317744154979154203e-01
-1.375032897956609990e+00
2.760044490584672161e-01
4.512135441783557965e-01
-1.200795502392357328e+00
9.072781175843127599e-01
5.357565379278774742e-01
5.711636235322670174e-01
5.859966670883398621e-01
1.731503178116593489e-01
6.678085614430528949e-01
3.221538256338662976e-01
4.654054825724749378e-01
-3.220070442081599538e-01
6.908431293888996905e-01
5.458034199417767240e-01
-4.549014961406898649e-01
-1.054224126191032340e+00
-3.979999912890184177e-01
1.793529860450866487e+00
-4.054173657471880077e-01
1.110013163504801170e+00
-1.020257535819014905e+00
3.626976644640889091e-01
-6.227506491052254844e-01
7.488090061748398085e-01
6.452665551207221739e-01
-5.231224891103645191e-01
-2.541755933939686685e-01
-1.923193283551931643e-01
-4.387069497357032333e-01
-4.819214553647190868e-01
4.218925520123404382e-01
2.285197008299757471e-01
3.996591884570799280e-01
5.354747072962986465e-01
-4.418277982311327179e-01
3.051199238689683568e-01
3.280277270230946840e-02
1.690374887488532707e-01
4.272358339687993833e-01
-1.243722902869856650e+00
-4.972065643862668693e-01
1.342169967045254708e+00
1.490039388699759826e-01
-5.576810484216165875e-01
-4.498533777250637300e-01
-1.070115322307065853e-01
1.080177129431555194e+00
-2.545230110974472382e-02
3.535761033301074718e-01
-8.455029019157755954e-02
-7.190480237262555363e-01
-5.630969978886790628e-01
1.831838420524034561e-01
-7.779862755885176284e-01
5.350730111006365419e-01
-1.615041646630368533e-01
4.219093814266638987e-02
2.400030322974675556e-01
-4.492466277018758447e-01
-1.450849194234118400e-01
-1.001895442456461005e+00
-1.714571182211530598e-01
-5.293907077632820091e-02
8.376444886440017612e-01
-6.398524144976400763e-01
3.594515616135298686e-01
-3.810582404818934066e-01
7.754456448882196540e-01
-1.797911758278578631e-01
2.092382806478765289e-01
2.562862153071643334e-01
-1.103485859024244675e-01
-6.324649960314578934e-01
5.961111356635306890e-02
-6.146209827018509486e-01
-4.674169930000626749e-01
-5.521400554164515029e-01
7.110122761182404716e-01
1.255469111769693669e-01
-1.650595311190450332e-02
6.565117046647470644e-01
-1.350988507956092821e+00
-2.987612843959190911e-01
-1.052193288530249848e+00
-3.458029372687851932e-01
2.543235021749721270e-01
-6.197916914020140666e-01
-8.935287765318067343e-01
-9.460981836272637224e-01
2.139770592477603373e-01
-1.023031100970404950e+00
4.700587775573428218e-01
4.664669291696119657e-01
-3.480380892791918868e-01
-1.076110373553545330e+00
1.087605890285972876e+00
8.139133185483053978e-01
-9.108512998360476232e-01
1.005811716002780187e-01
5.106171983445983997e-01
-9.855366703275354467e-01
2.275180408397092791e-01
6.777298986625011068e-01
2.332577282488283998e-01
8.186377462388882975e-02
-1.456602735407948046e-01
2.974035942052069004e-01
-1.159434150277285358e+00
-8.305904140145550230e-01
-2.212816427370070116e-01
-8.123326901559124735e-02
1.178794477711527122e+00
-5.905041011201017653e-01
-8.387605188007185575e-02
-2.415195620304624313e-01
-1.204875858292195900e-01
-3.059763009481120122e-01
-3.303297160450107128e-01
-1.023225312354711036e+00
-5.270906794306799981e-01
-1.713311721329198178e-01
-7.515048238335708675e-03
-4.304990818318579215e-01
-1.988427125561953446e-01
2.295446727609569137e-01
3.028962765254021861e-01
1.628024915301544695e-01
-3.856631108276600273e-01
6.191625411558900893e-01
5.024910307688479350e-02
-6.337785175502288482e-01
8.557080357078756805e-01
5.482381902799149387e-01
3.516392075803373984e-01
1.584893970754119863e-02
-5.289709867463541215e-01
-8.553560402337918589e-01
-3.857501055569834136e-02
4.196874378878758804e-01
1.127582790354070497e+00
1.392860326773170065e+00
5.103779436354525245e-01
5.761756588022661774e-01
7.972882713439854996e-02
-1.669791522986407983e-01
6.587645946686260245e-01
-2.331843312060541962e-01
3.340714296702866903e-01
-9.332736270255104216e-03
-9.775214350891321402e-01
1.623920282589672581e-01
5.026899771349899737e-01
9.054516856676189107e-01
4.978296862165318970e-01
-4.275827800755243047e-01
-1.755339114423000169e-01
1.248719004919241371e+00
-5.766803950481858010e-02
1.282337265557771389e-01
-3.775035311327386012e-01
-1.770241769994029823e-02
-7.653976017403465448e-01
4.061304165741397298e-01
1.278073327200761611e-01
4.704944408141304990e-01
-3.868799342485171877e-01
1.333287620997789524e+00
9.202097561855460128e-02
3.004260184759459662e-01
-3.796555697340284752e-01
4.177558580207811900e-01
3.403644973766120074e-01
-1.127089492855588126e+00
-1.774772059965053828e+00
-2.768317321848909884e-01
-5.290697955458352197e-01
-1.220947885762833085e+00
-4.021509600060522160e-01
1.361989073887564849e+00
-4.923758875132948631e-01
-3.940246660302531012e-01
-4.693316464252292874e-01
-9.739509391549594497e-01
1.612982834940113186e+00
1.187126901838153614e-01
2.825809107200827341e-01
7.617676363904690717e-01
1.599720030178986008e-01
4.923721802757992094e-01
7.516452670277136150e-01
6.562641978507324225e-01
-1.971676929404351242e-01
-2.553343882017014010e-01
-9.897876317532077195e-01
-1.656906661701954775e+00
-4.251286444778274998e-01
-2.730256213513886365e-01
3.771270423108212810e-01
3.774247845950418068e-01
3.008337176905477861e-01
-4.941129977501246273e-01
-2.533237112050015227e-01
-1.273347362713583841e+00
-8.828199201428681420e-01
7.619934683875539960e-01
-3.430505696497050394e-01
-1.023118559443031650e+00
-2.675010087635767420e-01
-5.901014116799290221e-01
-2.084122828109435943e-03
4.972591892256854607e-01
-7.826013956501975954e-01
-7.326107493603295495e-02
7.185202280684679366e-01
4.129560651228025847e-01
5.341935304061813383e-01
8.932200715293969751e-02
8.093759749306839169e-01
-7.137503262112074864e-01
6.177484659801102396e-02
-4.504682245419111553e-02
-5.687140809629864791e-01
-2.134359619814212294e-01
-7.752444944557810302e-01
4.105674757731794244e-01
7.016379707580346903e-01
-7.842785988396006047e-02
-3.688329000309042982e-02
2.567155107996388352e-01
2.139748704358357401e-01
-5.089965366213426989e-01
5.129471025365726078e-01
5.329930666279096840e-01
-5.590741357033524039e-01
-9.537079926858211820e-01
3.111394070634396769e-01
2.776239632972901106e-01
-3.054421966832787660e-01
3.681400733443673801e-01
-7.391387450768158729e-01
7.982578165612475019e-01
-2.652849142516160441e-01
-3.086287020703988304e-01
-5.886773652876797769e-01
-6.588611987319126229e-02
9.522973414799444924e-01
-5.772770905037871714e-01
-1.406486110818701896e+00
9.130891625912074261e-02
-2.162057077878918321e-01
-2.662991447950648904e-01
1.075592663192681542e-01
-5.473233416974121468e-02
3.293386932486352947e-01
1.621390045394495161e-01
-3.498468540307095864e-01
-1.445436732698865967e-01
-3.842759988654087522e-02
7.755910014174238754e-01
-1.005295631114907273e+00
-4.112554182137850844e-01
6.830266651939957967e-01
8.253245078344857433e-01
-4.555462824605607253e-01
1.224701210902829907e+00
-1.454463002723027643e-01
-2.466108766101120509e-01
7.185006053914158031e-01
3.303165860882053551e-01
-2.195121997389408719e-01
5.050254293310452169e-01
8.256344204715695412e-01
1.047510123536470772e+00
-3.933702273530412796e-01
5.592752244524703542e-01
-1.482149970118848969e-01
6.419085108770570258e-01
5.984145672178788899e-01
-7.035707941640545471e-03
-3.815225778719328886e-01
-1.324334160843552155e+00
3.008018778032273133e-01
-3.700895949251217232e-01
7.206439590334632328e-01
1.488650687907577819e-01
6.319217945404620451e-01
7.890392727574946363e-01
-1.574630330976409809e-01
-4.333218011796917679e-01
3.472420860322777969e-02
-5.679721382879625580e-01
-7.142021219038996449e-01
-5.314287517446025788e-02
1.564531421883161855e-01
7.361154683063642068e-01
-2.288715298940751097e-01
2.870523428372244723e-01
-4.627658608811753282e-01
-6.347460121557890744e-02
1.061553513201385357e-01
-6.343505158915831998e-01
4.421630918332848381e-01
-4.563081993192703578e-01
3.093550297006251171e-01
-4.086209748344691306e-01
2.559216643109865075e-01
-2.860240431026364050e-01
-5.799645804349129463e-02
-9.522650945866679706e-01
9.959128920491000514e-01
-5.274316230271001160e-01
-6.233887225750347483e-01
1.445262715861250769e-01
-3.818746165614621546e-01
-8.696712964381649869e-01
-3.479854380523761392e-01
-5.336534589368717718e-01
-7.445885012187138940e-01
-1.951840329746339364e-01
-4.437883852803894413e-01
2.857370064420052813e-01
6.155114669172192521e-01
-3.162763514032622680e-01
7.599700221538778777e-01
-7.118690080534477715e-01
9.127589799388857728e-02
4.479015015327636462e-02
1.048667169816771327e+00
-6.812273600495633019e-01
-3.944214701290853498e-01
7.234423196680754842e-01
-8.558034994156953346e-01
7.511347394407508204e-02
-6.970239347825648579e-01
5.167638529245550671e-01
3.979068975160338084e-02
-7.503837184550654626e-02
5.890996548110285502e-01
-4.532812465608300201e-01
3.959431657281884398e-01
-1.924991829949620481e-01
-2.984540325303965957e-01
-5.054303139306961512e-01
-1.110974223431782093e-02
6.967619365644805995e-01
-6.432650935338104503e-01
1.969307593174063342e-01
-5.721824622643563174e-01
2.302495329325804363e-01
-6.399155869528572183e-01
-2.992496136616926705e-01
-7.833313109884540992e-01
2.580619275639408627e-01
-7.388897942359200499e-01
-1.024871307544330534e-01
-1.754620540689257879e-01
2.358061916754419229e-01
1.001103103709866105e-01
-4.387038268287914988e-01
-6.852254961731700789e-01
2.889603005814116443e-01
-8.679784728304369423e-01
7.151520724231819059e-01
5.671614132776037209e-01
-4.716750091099193298e-01
1.241838596650246984e+00
-4.732822941276966233e-01
6.064376761078182909e-01
2.467111414970304395e-01
-3.684510822354321036e-01
-9.464196178995347708e-01
-2.611988964538110025e-01
2.268726047018985170e-01
1.224014870326719517e-01
-7.874233912840580274e-01
-3.920648857672972554e-01
-3.701791693989999743e-01
-3.985619528543269396e-01
-1.311489457648011836e-01
2.436835835363204694e-01
-3.280383442313805631e-01
1.060049497895613868e+00
-1.041626114215680410e+00
9.145805935451321034e-01
6.424147455302131604e-01
-5.103738167104419077e-01
4.162839341733102216e-01
-1.636344649452832201e-01
-8.934990120950185855e-01
-1.116682650237729391e+00
-6.118552619349006960e-01
3.768260967409329254e-01
-1.596367324966960766e-01
-5.916251936902234831e-01
-8.943937987810191004e-01
1.458486995311308654e+00
-9.609161792057054896e-01
2.112539826900725615e-01
-8.408218063803785114e-01
2.849793982513260104e-01
-8.071095817870554967e-01
-1.297284397234428344e+00
2.411800370524366244e-01
7.518038731053842127e-01
-6.728257498549181648e-01
-1.877219365319291455e-01
9.160927704047647779e-01
9.579165698393410366e-01
-9.511685956364077654e-01
9.880463104880332637e-01
-5.684715316035298116e-01
-2.707871517922697535e-01
3.962751670358297673e-01
-7.066584006878660063e-01
-9.854499486569761046e-01
-5.757293749999128352e-01
3.476110498390543313e-01
4.736137327689204923e-01
1.421058955060550133e-01
-1.217067194447150058e+00
2.601796855984526147e-01
6.774608969832787153e-01
7.789053320767713728e-02
6.276790717966385102e-01
-3.158112978327389797e-01
5.066131887417384405e-01
-9.443720361575271838e-01
-7.430266264196463410e-01
1.449781707248787299e-01
-4.226959809550390190e-01
1.028282408366816725e+00
5.744886713617116669e-01
-1.814085215303027354e-01
4.063884347818973453e-01
-1.021425428266543811e+00
-3.239723161618215386e-01
1.717974262218779913e-01
4.628812227993961415e-01
2.770809785640029332e-01
1.249397961365746212e+00
2.795632397816696368e-01
-2.051321360202216226e-01
-7.988117670283649829e-01
9.235941536376968131e-01
2.141517344695920144e-03
2.804388570176961082e-01
1.935863809029081395e-01
5.049599167669054367e-01
1.347638199875529352e+00
9.832972825043384546e-02
4.918901530412522760e-02
-1.045687910283532585e+00
-5.239723108528506756e-01
2.953538079467445954e-01
-9.000939247480230776e-01
-2.455493500262733164e-01
3.551431561939653037e-01
-1.140177329367233483e-01
5.793448136928347481e-02
-3.002393053791365674e-01
-6.168405108338745890e-01
-4.658700553253458665e-01
-4.616859116089866433e-02
-9.990586213641226010e-01
1.409190618826858810e-01
3.712095904442129779e-01
6.721992297671164351e-02
-4.831281795624855491e-01
-2.375681694976936598e-01
-1.036271336385255815e+00
2.142729876746374273e-01
-3.997281410662818502e-01
6.489016498128785670e-01
1.008131328440904362e+00
-7.622287372239355818e-03
-1.603924983715474983e+00
2.650574680523885007e-01
7.094556230493687110e-01
5.832784146001603887e-01
1.054231781760837983e+00
8.547112299034065330e-01
6.072673360135292242e-01
-5.258770016780456302e-02
4.385164378799633056e-02
-1.914543357128364320e-01
-9.417186906738068686e-01
1.113814143351099517e-02
6.280888290361446025e-01
-3.938884017514059366e-01
3.095779002915941547e-01
9.013834851912863044e-01
-1.235852741761347406e+00
-1.291821754191068372e+00
-7.662308879730588274e-01
5.087334134438501465e-01
-1.473240464262763894e-01
-4.399238130549223413e-01
1.123356065445130447e+00
8.865996440256296296e-01
6.477189564582968018e-01
-9.694698685872182864e-02
-7.088934216961817469e-01
5.465737856504144787e-01
-1.243263812724784145e-01
-1.047594859932012845e+00
-3.433984734559283325e-01
-2.964829303843625752e-01
-7.377806256016841147e-01
3.326059630250233212e-01
-4.795275035306225675e-01
2.065014298168250662e-01
1.042678593377754481e+00
-3.230525617257260507e-01
1.789278985945630396e-01
-1.600015048600056389e-01
1.649624672397420611e-01
-9.350158778006125715e-01
8.240556614800462754e-01
-6.271556848459081124e-02
2.010742255134818635e-01
-1.450235873744979642e+00
2.178911238521239468e-01
-8.738320003714905582e-01
7.057804912559264565e-01
3.376042432368722146e-01
1.447617466888324600e-01
-4.511147220785973744e-01
-1.005682044484421667e-01
2.970240571235844840e-01
-2.716830308167592634e-01
3.343600045184258462e-01
4.031054322479121765e-02
-6.975832224789266789e-01
-3.234054011803042528e-01
-6.323720099816600992e-01
1.161013958539767188e-01
-9.548082888448270467e-01
-3.965112230090888090e-01
3.487753127266142172e-01
-6.385202635050237774e-01
-1.600582394237832773e-01
7.033475640540380880e-01
-1.786426268446632548e-01
4.935843607172962777e-01
5.143831679775088261e-01
1.070931735877318047e+00
4.243065161483752235e-01
-3.610039529150901316e-01
6.583652502978889487e-01
7.553013439424827169e-02
7.637014720725785466e-01
-1.218194516078471068e+00
-7.267638736138781752e-02
2.316217584735227319e-01
1.164787050916320510e-01
5.141476141192891092e-01
-1.079026777401272952e-01
3.059272672823531991e-01
8.786131546633102474e-01
-3.594111980637757497e-01
7.905732738232558177e-01
-1.042982225524513584e+00
6.415433160224566222e-01
2.483714716573821590e-01
-4.839167085726252537e-01
4.057184480483666533e-02
-1.371350181989525296e+00
-6.678596135464545114e-01
9.798629553434103912e-01
1.424965509550979448e-02
5.776182598610990482e-01
-4.361931656124671264e-01
-2.681295397398955060e-01
-2.973033037548997726e-01
-3.101610461113164519e-01
-1.885735538780970444e-01
5.182398989131264955e-02
-3.851313943743726043e-01
5.976193088631243100e-01
3.807812406760389123e-01
-5.320595176787339398e-01
5.504782844889568594e-01
9.157405689227982037e-02
-1.514423744035733321e-01
7.301346642625814454e-01
2.312725539918547568e-01
1.183305426899038615e+00
-3.254284029766552067e-02
-3.488610368421696251e-01
-6.331156715692030090e-01
-2.824482835537320824e-01
-4.476243527048451298e-01
4.824359316270756537e-01
5.378680931778490049e-02
-3.689976574858366831e-02
2.495634319368491560e-01
-9.191143305705384847e-02
7.525918005075560302e-02
6.196304483122929696e-01
-1.079270479115255199e-01
-5.144194018427663551e-01
1.019175015297021147e+00
4.437104185390552402e-01
1.134762912329342122e+00
-2.137586235018469338e-01
8.310996239300969535e-01
2.868137489760709258e-01
9.815388026317153347e-01
1.099794346540052814e-01
-3.179221405033816339e-01
8.222359462598305413e-01
3.487384305595959688e-01
9.256087893538236244e-01
-4.657013674254208979e-01
-3.919176289236450117e-01
-7.170507122727745042e-01
-1.280295391847344089e+00
1.596489827357294722e+00
-4.175513422761030213e-01
-2.010277654515215673e-01
-1.451820794206089005e-01
1.405566135897040603e+00
-2.874177384854998962e-01
-4.252643677708780601e-01
-1.160263758502019016e+00
-4.684263255239331514e-01
-3.921970233705796005e-01
-3.894071171471304993e-01
-1.499447611659849855e-01
2.421172327831664361e-01
-1.922590320674011366e-02
6.022858537285653568e-01
9.913626117593876685e-01
4.596827105351186660e-01
-1.175578489869399945e-01
2.807612964649264242e-01
-9.021855704960941580e-01
-2.826176432175708797e-01
-2.603615498810532003e-01
7.777607580201362225e-02
8.190380039345868113e-01
1.303543524473509407e+00
-5.669234693235081224e-01
1.040123140053902162e+00
3.753059095871176254e-01
-4.772294880654097682e-01
-1.258613045950136566e-01
2.959571837076913070e-01
-4.680372259590024342e-01
5.803897717501946829e-01
8.315386574240957174e-01
4.424284565690417281e-01
1.046734989204178845e-01
-5.951097106598721709e-01
-4.054047678308165814e-01
1.856266744936121427e-01
1.571156142992373717e+00
2.445473886262661267e-02
5.311734187060155321e-01
7.659979487964125866e-01
2.858157098003886176e-01
-4.200888718961497403e-01
1.072186796672758291e+00
2.743672353606010361e-01
-9.423217484321346760e-01
-4.761369805297643865e-02
-6.338517030887649284e-01
-1.772491144623371540e-01
3.129468764506260214e-01
-1.167561795652165557e-01
-7.478480500427231448e-02
-1.106361172620346167e+00
2.809347977706018185e-01
1.314586760751090821e-01
1.402559355579153788e-01
-7.040482561839880304e-01
1.191735992902609453e-01
-1.186410765298245629e+00
1.168071231647564545e+00
-9.190359387902047317e-01
-1.057870577346151642e+00
-4.272897140814508887e-01
-4.704428728905085677e-02
-2.361124349408676437e-01
1.493500118292034884e-01
-4.779644813292271976e-02
-7.462713554512996339e-01
2.663141957857053654e-01
4.989080674809294180e-01
-7.039552745107355847e-01
1.011261722150836206e+00
-3.839397256329046826e-01
-1.823093376857904957e-01
5.466690541269532133e-01
-6.956543737377955949e-01
1.083786628641583150e-01
4.973029837698881295e-01
5.482234655965489978e-01
-8.806392027592373495e-01
-1.866763900641341678e-01
8.870395069016030476e-01
-1.126058634294260230e-01
-1.456538121604280533e-01
8.560453084078183394e-01
5.748785662047062317e-02
-8.740482734763279637e-01
-4.250709908005685378e-01
-1.016502210564945941e+00
1.978991001844843112e-01
-4.681963010289864613e-01
-1.146931874105717952e+00
6.586513958159834203e-02
-9.885897789393887081e-01
3.137570695291147516e-01
-2.358205080437940637e-01
-5.428067958504989576e-01
-8.434828016952629071e-01
3.382517895903847105e-01
1.185288277781282318e+00
-6.314619160857688485e-01
-2.890958840672119834e-02
-6.067022171490314975e-01
-4.116647584394339532e-01
-7.951959056459401154e-02
1.203715178682331910e-01
1.459063999897800556e-01
6.718533241356734464e-01
1.316781286126627037e+00
-1.272367306978736679e-01
-5.958709518430858054e-01
-2.145150001414961594e-01
-2.689196752112357203e-01
3.184058004537879683e-01
7.377125809449234239e-01
4.460468227933214180e-01
-5.226400252022287418e-01
-1.859862705572421504e-01
1.365201234370303496e-01
5.190084194714783550e-01
4.116125475852525639e-01
-1.293587035593533940e+00
-1.146800210625524841e-01
-1.289276540093098333e-02
-8.313687873450792409e-01
-5.914829791946782933e-01
-9.449401885580224203e-01
-5.700547710689090053e-01
-7.142510013410614533e-01
3.082050637388284997e-01
-4.520182875994436245e-01
-7.041065327209397040e-01
-1.996399597398612613e-01
-3.989196168986355318e-01
-1.642511390732117604e-01
-3.747962568273734973e-01
-4.514025407596120587e-01
4.286774030863398366e-01
-9.205781332201947720e-01
8.948589444309575924e-01
1.011250347002601302e-01
-8.515871855286984982e-01
8.007264230997162002e-01
7.605562498843863040e-01
1.380945963867432624e-01
3.318655820799119027e-01
-1.154932499332250728e-01
6.835340953458892699e-01
-1.386916520569714706e+00
8.724895018860179263e-01
2.565559263225267728e-01
-3.412338454432974899e-01
-4.389554199001963752e-01
4.453067063389610780e-01
7.358338835325888283e-01
1.234645683110882075e-01
7.210961174280647867e-01
-6.334743821170309985e-01
-4.756937758988142306e-01
-1.241576693489038874e+00
1.261474815422154450e-01
2.055480850752067212e-01
-7.965821525511476153e-01
7.207627997937917641e-01
5.725865376419196906e-01
2.589210378949129421e-01
-6.094151196603387888e-01
-2.091250036318648142e-02
9.952463714023318531e-01
-1.259226445427529484e+00
-1.577353609414231528e-01
-5.952185982876372350e-01
3.624191826539373551e-01
1.357766093940197649e+00
3.466855201370746542e-01
-6.033021961339581907e-01
3.458913106338545873e-01
6.211530871140338306e-01
-1.147268304191463972e+00
3.986097621332538310e-01
-7.699807807200453880e-01
-5.211787099396900658e-01
8.564656622920026052e-01
9.346326877129662591e-03
2.871254447322240111e-01
-9.275166447254958868e-01
1.494240001781976801e-01
-2.440721332155977308e-01
7.037521061719775872e-01
-1.367642882467279719e+00
-1.264474509448199058e-01
-1.398211551035855038e-01
2.903784935278608259e-01
3.577211301108738084e-01
3.632120516195698201e-01
9.684987756084417754e-01
7.957734956857853703e-01
2.914535170196153047e-02
-6.296663669601443303e-01
-1.757737654242799152e-01
6.618293190232735768e-01
-1.304342864252125977e-01
-6.800253410970347190e-01
8.459034386582064968e-01
-2.918600968041582533e-01
-2.782505286500631669e-01
2.440424390299043012e-01
-2.667455790334907206e-01
7.518641550861850931e-01
-2.698737524638570306e-01
1.094567609179382117e-01
-1.265335751095706396e+00
2.604923180088150048e-01
-4.601986268858304641e-02
-1.049586786361421886e+00
-7.063126603434408679e-01
-2.016956992956941974e-01
-1.443584292641295619e-01
-2.849081763802105982e-01
9.500515812685623729e-01
4.290551603808445691e-02
5.122361899004514996e-01
3.399206654509256964e-02
-7.220190406659021676e-02
9.590032754983077723e-01
-6.340378103393602416e-01
-8.681507128213672431e-01
3.117574107541853934e-01
2.050879354578860614e-02
-7.418191844310477734e-01
2.262498940613655307e-01
-9.228824948808300732e-01
-3.664027824692972501e-02
-4.765032692432216166e-01
-2.201191557503836549e-01
8.687171858238054156e-01
1.277892622667922140e-01
-2.779530836231991486e-02
6.962456202049471798e-01
-9.313065766720720617e-01
2.896819515557877978e-01
3.238635038182327008e-01
-1.842013306726881794e-01
1.122237942579522141e+00
-6.685131825043537646e-01
-1.515404926919359241e-01
-1.266763947974975935e-01
1.204537402945929259e+00
4.443482130240914429e-01
2.729641519018146667e-01
-5.327387587711616135e-01
-6.077086822652706388e-01
-2.602538975870078986e-01
-1.097169739639842767e+00
1.237289517992574694e+00
2.106032423578092505e-01
5.160836484703166249e-01
1.688339376854210983e-01
-5.200148582180075252e-01
-1.783429656279800213e-01
-6.287752019642693924e-01
5.983413906329300147e-01
2.901836932068091457e-01
1.119454675914929531e+00
6.510297095882950913e-01
2.083068567285630834e-01
1.014485717802084963e-01
5.877689028535915128e-01
1.045108650104591419e-01
-3.091794081116265858e-01
-5.296358287240261475e-01
-2.862084304761012277e-01
4.333291910400918212e-01
2.322938101728606597e-01
-1.570834746401192916e-01
-4.759441741086121169e-01
-3.608597032830056506e-01
2.393780390654507428e-01
3.753237467277301675e-01
-7.220205395058805209e-01
-4.248332512396704175e-01
8.831908277634301641e-01
6.176428604073214146e-01
4.032240955238339808e-01
1.785294140202964286e-02
-7.940788997417467243e-01
1.024711166310963151e-01
2.339899124050734969e-01
-7.088566761757117973e-01
1.280096637639900337e-01
-8.643971253252047404e-02
-4.538625631056003584e-01
6.685426966251739600e-01
1.681816316516446363e+00
-6.024400191884167199e-01
1.154837979750432453e+00
-2.327578766300577584e-01
2.945337879918028534e-01
5.601453097743203102e-02
-2.881240593667984129e-01
-3.633916065744866586e-01
-1.154301529278934257e+00
5.021743324131113795e-01
-2.426889901439901465e-01
-1.539170165631276177e-02
6.134979153687769582e-01
-1.915951865814111699e-01
-6.798317362881354242e-01
-4.532970903148578756e-01
6.213742637732195817e-01
-5.370647402234176582e-01
6.762185855966649228e-01
4.867669886829588677e-01
7.082141365247371922e-01
-7.440827217766079471e-01
-4.693507766738811426e-01
-1.941944326356859207e-01
-7.255699040616203632e-02
-4.458552364068912865e-01
-4.762579714339931769e-01
8.244903080707466358e-02
-4.523266869687301295e-01
1.198042760270903173e-01
-8.242008413733881156e-02
1.293695127852210192e-01
4.389889529835464543e-01
-9.831148727904519546e-01
-4.576023617271740562e-02
2.006397498954708425e-01
-7.867335448282650745e-01
1.725932890009165277e-01
-2.872735399574333215e-01
-1.382577554788371188e-01
5.381136572937181839e-01
5.911507862282459058e-01
1.530962492264620778e+00
-2.543474322686387623e-01
1.242658328123678046e-01
-7.233709788414977027e-02
-2.541544421539496668e-01
6.105607268613777450e-02
2.797024459459613865e-01
5.003991296494181285e-02
-4.760825641847761247e-01
-3.039522454195866530e-01
-2.964147395176546240e-01
-4.433005560593716865e-02
-4.462739273401350459e-01
7.835464417172923746e-01
2.387278703834185833e-01
-3.022613361972767976e-01
-6.305813457636393338e-01
-4.411354162578895455e-02
-6.404382286844345629e-02
5.691669802626471153e-01
-9.610604875013875059e-01
-7.544685005631794894e-01
3.584267649548609214e-01
4.657239354903621731e-01
-2.296708980384991605e-01
1.248799009408606331e+00
-3.638220128869908976e-01
4.611904185000303968e-01
-4.523407881798080510e-01
1.708319212075632976e-01
6.968035389263427248e-01
3.296219967508111637e-01
-1.026729548056859009e+00
9.426245718215806590e-01
-4.893762960323222444e-02
1.097351204497126531e+00
-5.570303649930963275e-02
9.721660417068900273e-02
1.053514174011649374e-02
1.063702093984764119e-01
-7.343357768389680018e-03
9.185234566145430435e-01
1.402824158407240951e+00
5.213519952312513084e-01
-3.040554120370089208e-01
1.835107181439639135e-01
1.039712324817836375e+00
3.694526492643266380e-01
-1.126718422717204682e+00
-5.872883446795471585e-01
7.410770381081235314e-01
-5.298338750017110854e-01
2.608655291335679749e-01
-3.060649499946102026e-01
-2.297422309662300322e-01
-5.360850433680628413e-01
3.447043472923212448e-01
1.223932988911338171e-01
3.150221559902002255e-01
1.256885679061960914e+00
-8.324368064638036913e-01
6.428028893307153879e-01
9.250803677790386814e-01
8.431167483281010178e-01
-1.988538170137177374e-01
7.337523037213689037e-01
-6.528916538128015645e-01
2.035138552820914271e-02
-3.311328314148953567e-01
-1.115396931148834980e+00
5.546190498355931808e-01
-3.757550381737928546e-01
3.367792436318852722e-01
-3.168991300194354821e-01
2.818530927744822279e-01
-3.092851012984123571e-01
1.367209425773587839e-01
4.265004206139320075e-01
-5.187853647773641441e-01
5.591117174700777070e-01
-1.807317966265529208e-01
3.822719297444265862e-03
-2.153932388321342373e-01
1.641793783506040327e-01
2.440976606042619679e-01
-2.783467338233958088e-02
-2.380093577168826968e-01
-1.782830396506920323e-01
2.220859295212731510e-01
-3.245436637303775740e-01
-3.113991959213819882e-01
-5.899148732772063752e-01
3.222460686571979593e-01
1.713495434293177411e-01
8.049873800335820562e-01
8.953180458579268475e-01
-4.751202830839078572e-01
7.720678678442203235e-01
3.436342725786136754e-01
-4.619094537226642316e-01
-2.168018337563371034e-02
1.741413424648783348e-01
-8.684721428386499298e-02
1.137064288811435731e+00
7.133221938072198398e-01
-9.509124864942819499e-02
-3.335655079827368752e-01
-1.127718635338884390e+00
8.134471995269709765e-02
-3.951940381299579030e-02
-7.829112728166327528e-01
-1.618603869133607986e-01
-6.094633107019085116e-01
-4.940450598217083211e-02
-5.794060583851745605e-02
5.430458867418863633e-01
-3.816431998197993281e-01
-7.492015347222125143e-02
-7.223522627181386824e-01
5.418807199538200337e-02
-3.700656176236778450e-01
-5.994082052527360815e-01
5.013056768014969578e-01
3.289581756700066251e-02
9.204553513310713697e-01
2.526603611519728787e-01
6.920540308423506204e-01
2.581722342384829005e-01
4.911908602394854384e-01
3.367859510979869242e-01
-1.682836370611733301e-01
-5.845373009209193782e-01
-7.913941676034879080e-01
-8.107896545763306762e-01
-1.751048050696026870e+00
-7.502633104740414893e-01
-9.509987407510145374e-02
1.201560262217000741e-01
-3.354986143913478713e-01
9.599599473180919773e-01
3.526468453598283759e-01
-8.359118657234088090e-02
1.563549825663422155e+00
-9.209129192394289731e-01
-3.859288216036080854e-01
1.458741849829010562e-01
-3.168015436258926343e-01
2.729357686628199886e-01
-4.501758600759924178e-01
-3.203480544779049310e-01
6.643690201011365204e-01
-7.788055198923009570e-01
1.921256286398520530e-02
-1.046599237197741061e+00
1.147972335209646033e-01
-5.126692841187860950e-01
-6.843873809209011227e-02
1.751981104513333776e-02
-6.296393978803287439e-01
3.598424812819978058e-01
-8.726943254902206348e-01
-5.081836883598498389e-01
3.674934057678420629e-01
-6.105880080287331424e-01
1.050549771365300700e+00
-6.290463837012083559e-02
6.389984785802216294e-02
8.868698031118000813e-01
2.389856645591574846e-01
2.686903985089887925e-01
2.475491425325859751e-02
-1.331242248753119473e+00
-1.130515302356149832e-01
8.587996088989671151e-01
-7.532336680982094634e-01
3.751443376934915364e-02
-9.772367207317973481e-01
5.139322797912111440e-01
1.959031253397842676e-01
2.669634111195398063e-01
1.496972806841898596e+00
6.684812758076237316e-01
-3.809171569800184898e-01
-9.591144658572483550e-01
1.119141180183316209e-01
4.914356768152785548e-01
-9.861290100974429151e-02
7.721247451598944878e-02
3.153570016866069636e-02
-2.955594423595888642e-01
4.586215234934876150e-02
3.351151215014915863e-01
-8.092863647738628430e-01
8.787494253393646204e-02
-3.018749866093912715e-01
1.487920121534900275e-01
-7.524765167659781540e-01
6.984689873403748805e-01
3.759978257392475598e-01
9.875843092299607662e-02
-3.663925582569378392e-01
1.165486396260241975e+00
-3.149150312705648602e-01
-1.820865360885974837e-01
2.858939649850782416e-01
-2.027169509644002332e-01
7.905283110033654026e-01
8.466231383881712702e-01
-1.109481717903653575e+00
-1.459912464488600570e+00
-5.120631664213997070e-01
1.092730862913615653e-02
-4.654374545395398854e-01
-9.541391009993205330e-02
9.896892508997501281e-01
6.186615170330256319e-03
1.095737409456543077e-02
8.282473877389273653e-01
-2.934810043402444890e-01
-4.106433424211868299e-01
6.711183736307289038e-01
-5.813904770269129330e-02
-1.598420379234717359e-01
-4.336684482368342586e-01
4.771246359324852193e-01
3.503614158102594800e-01
-2.204262941777130891e-01
4.239671119546484235e-01
-1.256980100902225672e+00
-6.455417926408806295e-01
-4.351463467393310580e-01
-7.094833082979166150e-01
5.617545236005749842e-01
-2.592511350519526303e-01
1.852250333002611882e-01
-5.850654885007520178e-01
-9.245583372330079541e-01
-6.409345936980024305e-01
1.011566134003842876e-01
6.057697731565392374e-01
-8.329003582151930374e-01
-5.558525879899320898e-01
8.162531004683426517e-02
-9.190278664270961073e-01
3.144217021116428867e-01
-8.062153828787010923e-02
-4.841559674224962251e-01
-1.403152240807052920e-01
-1.023035072153972713e+00
-4.792441988078453008e-01
1.775346535783004498e-01
-6.221028634263392476e-01
4.237121739309266388e-01
7.185301424655499147e-01
7.621692971410540807e-01
-2.023039039526892680e-01
-6.612070670281076090e-01
9.671095879908442328e-02
2.462140267424839379e-02
1.441722569681234134e-01
-4.181982802498653840e-01
7.351641624155860200e-01
8.476717505949915576e-01
4.098471331255506556e-01
-6.846162038605809741e-01
-9.814983807553829820e-01
-2.700609606556358955e-01
3.444505361322933723e-01
-4.777368932078207564e-02
-3.393656422755988444e-01
-1.733243798542645209e-01
-6.072114359364082503e-01
8.335169455463153909e-01
2.347167684664714926e-01
-1.441893975925401250e+00
3.449645842716666522e-01
6.939360784072157173e-01
-2.654004565915890623e-01
1.067840381472553446e-01
8.251681151926817392e-01
2.902443665385572302e-01
5.222141421040937814e-01
3.117562872080901215e-01
-6.478852029949955238e-02
-5.186191558200068386e-01
2.950751105083968540e-01
-1.159165406396551745e+00
-1.078508303714456051e+00
6.894138357125578764e-01
3.828405804108836463e-02
-4.417097226810486887e-01
-4.919853847445363471e-01
-8.152004417409504100e-01
-1.000907146090250777e-01
1.355853418410291056e-01
-4.296111977348839872e-01
-2.497346711585635148e-02
7.305525692722074638e-01
1.015929214575708173e+00
5.058801646274595498e-01
-1.561169683735563751e-02
-6.922227587013445316e-01
1.007218566447480868e+00
2.501383309767639673e-01
-3.932479763145240170e-01
2.389400590347756648e-01
-4.515786610747687391e-01
-1.306375539722637313e-02
-7.507495609449090779e-01
1.052651327581601848e-01
1.099381742485245006e+00
-3.542397119573816866e-01
5.171276489162179857e-01
4.988987220528482425e-01
-2.523197564494434886e-01
1.750587624675317144e-01
-1.319370062196796312e-01
2.209841189472827594e-01
1.865633008440328311e-01
7.123093559139936914e-01
-4.783207286614068465e-01
3.474880856508040239e-01
4.110912060555573788e-01
-5.627996195148838865e-01
2.661009723575933350e-01
2.840313369495293117e-01
-2.809535854613036676e-01
4.131522879409530447e-01
-2.720145241330964581e-01
3.817653226778272568e-01
-1.195729119135380270e+00
-5.197993540685708069e-02
5.171900258201747036e-01
-2.963800435029977365e-01
-1.557999354309211881e-01
-2.959846506966181678e-01
-8.028275325572691301e-01
1.497214232130952283e-01
-5.540649722876356265e-01
1.955580244482488794e-01
-1.684376508567702047e-01
7.470532942887633254e-01
4.971292494523886774e-01
3.505461668991030066e-01
1.043366320573739792e+00
2.667157905751516012e-02
-3.069266227614866338e-01
6.723872901351866105e-01
-2.679577591309838525e-01
-8.788743225697359662e-02
9.932132757057843264e-04
4.265930396483597065e-03
5.506348113790471288e-01
4.295641957884193118e-01
4.055640588832059024e-01
3.689915485634109871e-01
-3.349972974442305684e-01
9.019807745969199431e-01
-3.153925642842727584e-01
1.812790222193463308e-01
1.221235738305406215e-01
9.424710383671097702e-03
-7.195121638397843356e-01
-3.690102548547979922e-01
9.426620951738318155e-01
6.858047406008269675e-01
-3.743457498911872960e-02
-4.494746177794377573e-01
9.584276269984783880e-01
4.141315140667156669e-01
1.086216512076191520e+00
-2.236957155579757384e-01
7.166971326631399464e-01
-4.721069494564344993e-01
3.833208485727599424e-01
-9.039557367074673166e-01
-5.531570308400066693e-01
3.505515315789411446e-01
3.125118786476033250e-02
-1.226311069635714901e-01
3.396557807010367469e-01
4.400626692281575103e-01
-1.233433491518809433e-01
-3.794931371006242671e-01
-3.623254853891761940e-01
-3.781631679474148910e-01
-4.761579049995550150e-01
2.441274474212011825e-01
-7.662081532162101638e-02
-8.041008901595425584e-03
-8.601819955545275675e-01
-4.119534216648634839e-01
-4.017627764283204783e-02
7.579048340497429592e-02
1.435817993730350572e+00
-3.404855557435046975e-01
-5.505799844466547910e-01
-1.215721629358679223e+00
-8.881311252884840357e-01
-1.203235560266806559e-01
4.616222822147006966e-01
5.972921669388639998e-01
1.353426750070335416e+00
-5.048215604758423680e-01
6.751918785479427143e-01
6.179630910868203486e-01
-2.777686185663146290e-01
-1.252501108156713894e+00
2.061870393537779123e-01
-2.441718565643284933e-01
-5.287210566277966706e-02
-3.469826688573931506e-01
4.666462893765697117e-01
1.006535819277956101e+00
2.198386131757388284e-01
3.330978060649592010e-02
-9.050392924660659588e-01
-2.306377155588279493e-02
-3.254068707735404686e-01
7.697731986505393920e-01
8.228027821306937994e-03
1.670885738864305914e+00
8.831624173250336440e-01
-2.517587644795327151e-01
-7.279427350823510778e-01
7.764067498077507068e-01
-9.870359415368223921e-02
5.044650312368723633e-01
1.088926717423043478e+00
-1.147308958959558201e+00
3.353476708510250148e-02
1.467998093909645974e-01
-4.172192453899281617e-02
2.156326615822656834e-02
-6.715446633697741419e-02
7.642516166679058642e-02
-1.201195818722764486e-01
-3.388539865752449032e-02
-1.169884114912713713e-01
5.637685762831807779e-01
-2.336680634236376619e-01
-1.734811902758401914e-01
-6.838340162432210434e-02
5.846413563830976656e-01
-4.607070267610486880e-01
-3.864515974239592921e-01
-2.796134311906373071e-01
4.917848783136857804e-01
-7.088471661369659671e-01
5.777578660811677480e-02
-1.271487705813340696e+00
-7.538453645263398784e-01
1.901038431783739213e-01
5.474545914946968850e-01
-2.873368442189709882e-01
1.294608564464981626e+00
1.103987048726722264e-01
1.488179099504716163e-02
2.052769023405627280e-01
1.080553206980683356e-01
-1.277546642452653813e-01
-5.629850088380541351e-01
-4.624754471526539845e-01
7.901095693065274261e-01
-5.076697498762694494e-02
1.198898404929162886e+00
1.682870768865720734e-01
-3.516970987152179262e-01
4.589052968244011765e-02
3.012025788061709619e-01
-8.437248227099800602e-01
1.342990825377191833e+00
-4.371897991305919717e-01
-7.740207943468533358e-01
1.108604741824077422e-01
-1.189469850001270146e-01
4.105363769735248525e-04
1.423255229671925193e+00
1.843524894296795225e-01
-1.035048233268511808e+00
4.952491565922887418e-01
-5.391675129879818229e-01
4.982015078635750882e-01
-9.214955209643402867e-01
-3.766049482550446470e-01
-9.102388835355945673e-02
3.989152099490738124e-01
-5.674595054120299409e-01
-4.281229029866260305e-01
2.388013543650622239e-01
-7.406395722290790573e-01
-2.655365354232692710e-01
-8.194105469860986091e-01
-3.755206959253687415e-01
-3.341582060329724158e-01
-8.353259476319152554e-04
1.413713420291635714e-01
2.718216225602585467e-01
3.608918273203194360e-01
3.999606348615696305e-01
-3.500664316961614730e-01
-3.158523526546623827e-01
-3.473066019620265621e-01
2.293345365975163475e-01
-8.957081224458534052e-01
5.509885332931414581e-01
1.047423368676314581e+00
7.486654337063569642e-02
4.291540578349071211e-01
1.176364119071111602e+00
1.274831772220665904e+00
1.170770020194856542e+00
-5.339114831279614393e-01
5.510573916399961192e-01
1.534197916889814550e-01
1.434562584664266893e+00
7.382281251752882412e-01
-1.088301160132498779e-01
-8.542676378785207802e-01
-3.030097289716922049e-01
-7.241707268248811502e-01
1.690486077714750124e-01
3.300503705820565514e-01
9.733360125961807441e-01
4.739948699940432775e-01
8.960311058577943299e-01
-4.438976087470560827e-01
1.775096933213093919e-01
-4.151357126984098755e-01
-6.945003517458117059e-01
1.587138882755034786e-02
2.768879965797150788e-01
-8.063298770541926785e-02
6.798263031824269831e-01
9.806121820378770337e-01
-1.551947626367304878e-01
-5.258182025805133719e-01
7.282447959295756945e-01
3.319963682495696844e-01
-3.994485773003830786e-02
2.259668785059867346e-01
-1.124815309925160101e+00
-8.523575445607090018e-01
9.937835229565283868e-02
-4.016625723805722359e-01
-7.283446601997987102e-01
8.866881565394058029e-01
7.841047668365161982e-01
-1.655064005013765716e+00
-2.099092828718402970e-01
2.301622852974283262e-02
1.216632703407731775e+00
-1.747775875721089278e-01
2.186440570017271767e-01
2.723638340608927066e-01
-9.330191995374246261e-01
-3.602208579823500401e-01
-1.707037696690143491e-01
6.613210755994689549e-01
1.115958127057266047e+00
7.773725418616450611e-02
5.776064954396638029e-01
-7.944847894375186570e-01
4.646862837855358919e-02
7.086741602537527385e-01
-5.184392515900437814e-02
-7.959980922018461413e-01
-9.895450986310114772e-01
-2.039637260402935581e-01
3.418408392005547469e-01
-9.533366687043276499e-02
6.400827347534532308e-01
-3.674467577801108220e-01
3.294649089307677414e-01
2.834909133234129186e-01
-5.745817652622582372e-01
-6.899918159797664430e-01
1.774549656501847039e-01
3.171308209762679908e-01
8.304660507025936056e-01
1.321174687261752467e-01
1.708711560910778360e-01
9.402377606058749393e-01
-1.786458890154127843e-01
-6.014303118236332679e-01
-5.534720835868034428e-01
-1.267283411104163093e-01
6.452328836090881481e-01
2.474731577310826935e-01
-3.335730467818542877e-03
1.631030782137079527e-01
-7.671444187859686181e-01
5.434143513624745125e-01
5.084566609356269140e-01
2.068367051501951437e-01
7.447261956972877073e-01
6.836855054233268447e-01
-2.459227600252713586e-01
2.372907489854299001e-01
-5.916036700428763950e-01
5.728395372394849971e-01
-1.960360651906993823e-01
2.174251939377711551e-01
2.850576623369294182e-01
-6.640292954365278888e-02
2.122299019567694955e-01
-1.752249541207735462e-01
-2.204894473305323288e-01
-3.037029094471659363e-01
-9.888651490908708652e-01
-1.747611399894051232e-01
-2.169773879372085545e-01
-8.209638239743703991e-01
7.958619224919338819e-02
7.201430776424615487e-01
4.167705530614282949e-01
-1.918596323391073000e-01
2.405972288420352712e-01
4.333392953521197910e-02
-5.192082227512493375e-01
2.663012063158092246e-01
-1.117580062727308921e+00
-1.698427722959401365e-01
4.195829432522648617e-01
9.857706737219906756e-01
3.439167502672919596e-01
1.951946968055189302e-01
3.208167078109180892e-01
-6.845842291641641708e-01
-2.520712195995953309e-01
3.702174700546105868e-01
4.533551557180715008e-03
-6.011718399117071954e-02
5.569876075785149538e-01
-1.750188197483542041e-01
-3.938827032036869014e-01
1.515260406081715416e-01
-1.813057238197650634e-01
4.774421510663762191e-01
-1.152804294467799195e+00
3.758139895265220076e-01
6.853959377545404408e-01
3.647352649195543250e-01
-1.000263095994189388e+00
3.070382775241142781e-01
2.681465038216348518e-01
-6.614404162358340500e-01
1.337450638530591540e+00
3.745378047341958450e-01
-2.989612562929888639e-01
9.163339634013052404e-01
1.734674577830173092e-01
-4.834581908948143436e-01
-9.961657148517524263e-01
-1.231070178036821616e-01
-6.023325598591977581e-02
4.647679551759908989e-01
3.428833671575350905e-01
-5.950213838510656217e-01
-6.946979803305142198e-01
-8.102433968108586626e-01
6.706526672182651083e-01
2.255170635114511768e-01
-3.760942353468852417e-01
1.901232427477195230e-01
-1.390106820507214458e+00
-8.495645637226623137e-02
6.017259217851105291e-01
5.643042019012760591e-01
4.844004365758758368e-01
7.818582780284675238e-01
-4.685804253138288189e-01
9.961714633752807302e-01
1.074457065943938971e+00
7.248613510878820776e-01
2.095448989626991221e-01
4.143581836904655091e-01
1.046428954975908709e-02
6.538778505865030510e-01
1.443047652813298498e-01
-5.037145478921747355e-01
-4.004789138167179630e-01
3.542215923241665010e-01
-1.828990582170666457e-01
-4.480750823343226941e-01
-2.422665251204252357e-01
5.377216017451100782e-01
2.481173390853630423e-02
-8.979701839353637638e-01
-4.487557062217497617e-01
5.109341872172290522e-02
6.632326394375738232e-01
-1.544517056841554492e-01
-8.280799780022212175e-01
-1.192071567697965406e-01
-6.987130846194755662e-02
-3.460825956325024322e-01
5.998199414425293696e-01
1.443631574433918985e-01
6.755054077386475342e-01
-5.181273238900248046e-01
6.455137841936897658e-01
6.486370463138584341e-01
-8.578991069260828439e-01
-1.124279928436853204e+00
1.471667204345683544e-01
2.863328432287044478e-01
-1.573527946751669404e-01
-5.248041473281954694e-01
3.797850682256438404e-01
7.158191557919391101e-02
1.090757316075912087e-01
9.299505709404973786e-01
-1.184547196928491530e-01
-2.491219444043002440e-01
7.438232134179267874e-01
-8.326892995840129430e-01
3.622888115864864034e-02
-2.190615787631555733e-01
-2.557499601084209928e-01
8.496873642734499299e-01
2.027395822695847727e-01
6.617687236221829750e-01
-8.501415501536566666e-01
-3.710121747184595975e-01
-8.159815501166125529e-01
-4.879101755301835652e-01
-4.468915656671121894e-01
-9.134565563315542036e-01
-3.330824505579679240e-01
-7.683320954201908748e-01
-1.575850116445858262e-01
-5.067301491902549415e-01
-7.466016037613787404e-01
3.290888439254793241e-01
1.044363478132817491e+00
-7.739117365214651656e-01
1.044525229604697181e+00
-3.000537435822794308e-01
9.196131231099968772e-02
1.177451367064961119e-01
1.575673857855246496e-01
-5.568664482926157788e-01
2.256637199813678052e-01
7.569809375672145180e-01
2.986132449556757607e-01
7.306129968426642307e-01
-5.156928348243434712e-01
-1.226423190996150936e-01
1.201182050255296119e+00
9.803451875516175917e-01
-6.010437057087676394e-01
1.367874384985139358e-01
-3.232472559141337243e-01
1.338261268214548494e+00
-2.022978670907171761e-03
-5.457837983883564448e-01
-6.037284270383720397e-01
8.722243130016895662e-01
-3.118188238231800469e-01
4.198286156686776849e-01
3.921314830418705100e-01
-3.641246350841598201e-02
-3.328407600206588768e-01
-2.982604163092981153e-01
5.668050699285656080e-01
-2.174628207749735864e-01
3.525229919112167210e-01
5.298039962596394759e-01
-1.555304227334621814e+00
3.100158738241098888e-01
-6.668509528307788869e-01
4.100492082945326189e-01
-6.926981634497986207e-01
-3.376544897353817021e-02
3.739458300127509460e-01
1.443688472989357763e+00
-2.699479699491380558e-02
-4.970278892528057213e-02
9.285437993605816231e-01
9.974132258880485935e-01
-9.128707233443371649e-01
-4.311295175885279107e-01
5.907442298963516691e-02
1.558882121263929221e-01
1.048687083005237497e+00
7.012712265850407078e-02
1.243100940932340137e-01
3.585143748180064094e-01
-6.268152825443671361e-01
-8.417208980547679076e-01
-1.614600955436253926e-01
2.947886990250747630e-02
2.596102885453008824e-01
2.839402054109960716e-01
2.679201013658518704e-01
-9.284429976737715862e-01
-6.979647525695940047e-01
-8.423307823740344702e-01
2.274253167060393821e-01
1.937910512608764790e-01
8.389427055432499003e-01
-7.512906134570638272e-01
6.954228137111897468e-01
-7.212293026348675085e-01
-6.640250567751886379e-01
-1.768284891188427466e-01
2.205928935408447700e-01
-6.705199730829942695e-01
-1.403044524832228745e-01
2.604767590087835316e-01
-5.159618092222757468e-01
2.686652383429075641e-01
-4.339449754074911070e-01
-5.141410307101565991e-01
-4.033786258947582581e-01
-8.787918248591886083e-01
3.405434370409743394e-01
-6.693472797971367072e-02
3.838200423726174648e-01
-3.447272961588794260e-01
3.679868325754274139e-01
2.460364481147916393e-01
1.406998076415613141e-01
-8.081327012140562260e-01
-1.790971363084317147e-01
-1.808057816962085340e-01
4.094764422893151234e-01
-1.791500344154020041e-01
-9.168665266701552241e-01
-6.001611923693257467e-01
-3.306930105973231449e-01
-1.377453738346272605e+00
-2.395635380435399142e-01
1.515448401429653202e-01
-1.970062027037604580e-01
3.986306843873688166e-02
1.710918547951401081e-02
-6.900736524639885516e-01
6.480490353394046110e-01
4.079330269075942539e-01
3.586401624070258976e-01
-3.352955525240366441e-01
5.322586166603926472e-01
-4.433993600774526200e-01
-6.482633133863586750e-01
-9.747951799057039679e-01
-7.106463905759463628e-01
8.620316657172306662e-01
-1.104653916185820428e+00
-7.245608272873624855e-01
1.860400972261846420e-01
-9.276474025084713304e-02
5.217658610923194829e-01
6.763616645998284937e-01
3.263159459797275730e-01
-6.285420719306076265e-01
1.105859869950426955e+00
-8.182231912964432752e-01
-5.627885059603716655e-01
8.568866965160477633e-01
9.025252854496637056e-01
-2.832201441609303316e-01
-2.239020982176995744e-01
1.263674921104573912e-02
2.924607764992792625e-02
1.957346907926718060e-01
-9.309927098216110863e-01
-3.552467770428071603e-01
7.441089446696436127e-01
3.228632804067652629e-01
1.203031479203549026e-01
2.943477912096517102e-01
2.999476797334672540e-01
7.425854558789417581e-01
2.109897152701512013e-01
-5.837745272629231152e-01
3.755795395104302159e-01
1.819895900752026563e-01
-6.529820423817271902e-01
8.780143156776851754e-01
-9.449264547789670843e-02
-1.110583955323463101e-01
-5.159516431856205898e-01
8.264365698549749339e-01
-3.878397905944481749e-01
5.338639202076667090e-01
4.783161456821076740e-01
-7.362154678910712846e-01
-1.055953948664133613e+00
4.964681689079775140e-02
-5.565040804928855778e-02
3.663497042399121995e-02
-6.796920982940743983e-01
1.468765248086487674e-01
6.132081265299671458e-01
-1.450886685789516406e-01
3.530597738858780588e-01
-1.701205234126241805e-01
5.668172855069562033e-01
3.807005078940006726e-01
2.277070247709929163e-01
4.091041452704926584e-01
5.065076546480700159e-01
1.211120590145693399e-01
-2.203287449880084736e-01
6.468742000209459775e-02
-1.706975430000889915e-01
4.940650630429601620e-01
1.220414747265499145e-01
1.163221928237777369e+00
2.738863114377991792e-01
3.299883246125467906e-01
7.151014773533574953e-01
9.660242263560769871e-01
-8.074276781703648709e-01
2.778920132666655718e-01
4.043348386792890992e-01
4.185460531580753596e-01
-9.070274966229163738e-02
-2.556227165867284157e-01
-6.173245451087581159e-01
5.903734900566268706e-01
-6.406647684177046997e-01
-5.958798268223102212e-01
1.003176236721147419e+00
1.871768090662504491e-01
-1.419187796003935631e-01
-1.921528900660689487e-01
-2.071719064335324489e-01
-6.892159922637111080e-01
-1.414630716287668122e-01
-4.516669648377229507e-01
-3.496658950507889330e-01
-3.775152092953613092e-01
-1.316969993953041040e-01
-5.836739593104729451e-01
-2.301016657931711507e-01
-1.902202957648615467e-01
5.800313855371319605e-01
-1.504367687495901773e+00
5.026530951369139189e-01
-1.034767464885764099e+00
4.239646679798001472e-01
-1.032824234106867856e+00
-1.783622057009672801e-01
6.582219095019681276e-02
1.560532431800090158e+00
-1.021936153475246911e-01
7.585005517978888889e-01
-1.461720591064645802e-01
-5.103405373076164153e-02
-5.737343357759119300e-01
3.757035595624778068e-01
-4.072474470296540972e-01
-1.506757907399087326e+00
-2.905362275063616551e-02
5.895325665813890836e-01
4.704405592890452681e-01
8.203830048045714918e-01
7.468675407249492082e-04
7.359333846196296491e-01
-3.360300121336914358e-01
-7.049490965470583959e-01
-7.205015757522676978e-01
5.963258227159293767e-01
-6.984730062018762453e-02
4.758636197714452010e-01
-4.031327733373304412e-01
7.751930534839432951e-01
5.841713161149622024e-01
3.635611340728406304e-01
-5.065142039413110808e-01
-1.566894331049860867e+00
-5.963804455239021252e-01
-1.737371875992952397e-01
-1.030842682745043870e+00
2.872444871670021271e-01
8.210756151493070476e-01
1.366480918178170967e+00
-2.447608715942353186e-01
7.365226111167109124e-01
-6.229150858762020349e-01
1.660235051659846306e-01
8.782403264051090730e-01
1.492560209534676829e-02
-3.061126524377382196e-01
-1.966422107950513976e-01
5.669956412258319034e-01
1.182564745464492972e+00
-9.749141165304191503e-01
-4.110510254855785917e-01
-8.662077127262790555e-02
1.047744372903158805e-01
-6.086637950122293361e-01
-2.908526629320897783e-01
-7.109762015873144492e-02
-1.146695109245803312e+00
-6.128076172728365023e-01
1.134607727452610959e+00
-4.834633912076666817e-01
5.082847130590639750e-01
-7.638045236967814233e-01
-1.413865055648617641e-01
-5.772436514734415880e-01
-5.906174218075381788e-01
8.574744105459641830e-01
1.807497699174112071e-01
1.452107652733261034e-01
3.371910033095124604e-01
-8.051897213135470466e-01
9.741502311733754027e-01
-6.875065124869728095e-02
-1.423787396078788348e-01
-4.211744634018774747e-01
6.745020834030066581e-01
-1.845761731103650050e-01
-3.294899975915575041e-01
3.177099672564454025e-01
-3.004670323017588629e-02
-5.038956011422266457e-01
-1.764563254788756197e+00
-5.008611985685185175e-02
8.846546892136784024e-01
-1.029385945149563497e-01
3.351897927017404299e-01
-1.251879292312256808e-01
-6.024614529670735408e-03
8.608923286478908921e-01
-4.298959656308687372e-01
-8.156021467557108551e-01
-2.016216284581959783e-01
-1.257433070025033572e-01
-9.099783734779780531e-01
