3.719000000000000000e+03
2.891000000000000000e+03
3.675000000000000000e+03
3.512000000000000000e+03
2.290000000000000000e+03
2.668000000000000000e+03
4.502000000000000000e+03
4.075000000000000000e+03
1.039000000000000000e+03
3.905000000000000000e+03
2.806000000000000000e+03
2.437000000000000000e+03
1.402000000000000000e+03
1.711000000000000000e+03
1.049000000000000000e+03
1.581000000000000000e+03
2.816000000000000000e+03
1.398000000000000000e+03
1.121000000000000000e+03
1.449000000000000000e+03
1.348000000000000000e+03
1.291000000000000000e+03
1.662000000000000000e+03
1.361000000000000000e+03
2.103000000000000000e+03
3.211000000000000000e+03
2.665000000000000000e+03
2.203000000000000000e+03
1.213000000000000000e+03
2.462000000000000000e+03
1.724000000000000000e+03
1.506000000000000000e+03
9.770000000000000000e+02
3.077000000000000000e+03
1.169000000000000000e+03
3.404000000000000000e+03
2.990000000000000000e+03
1.453000000000000000e+03
2.850000000000000000e+03
4.385000000000000000e+03
2.001000000000000000e+03
3.725000000000000000e+03
1.181000000000000000e+03
9.210000000000000000e+02
4.713000000000000000e+03
1.987000000000000000e+03
3.496000000000000000e+03
3.192000000000000000e+03
2.414000000000000000e+03
4.440000000000000000e+02
1.635000000000000000e+03
1.269000000000000000e+03
4.657000000000000000e+03
5.048000000000000000e+03
4.349000000000000000e+03
3.325000000000000000e+03
3.364000000000000000e+03
2.286000000000000000e+03
5.363000000000000000e+03
3.418000000000000000e+03
4.689000000000000000e+03
5.576000000000000000e+03
1.775000000000000000e+03
5.897000000000000000e+03
4.533000000000000000e+03
5.153000000000000000e+03
5.245000000000000000e+03
3.002000000000000000e+03
4.377000000000000000e+03
1.100000000000000000e+03
5.157000000000000000e+03
3.917000000000000000e+03
2.577000000000000000e+03
4.576000000000000000e+03
1.913000000000000000e+03
1.947000000000000000e+03
5.079000000000000000e+03
5.106000000000000000e+03
5.621000000000000000e+03
5.232000000000000000e+03
5.090000000000000000e+03
4.953000000000000000e+03
4.050000000000000000e+03
5.142000000000000000e+03
4.531000000000000000e+03
5.597000000000000000e+03
5.114000000000000000e+03
5.395000000000000000e+03
5.256000000000000000e+03
5.281000000000000000e+03
5.300000000000000000e+03
5.663000000000000000e+03
5.012000000000000000e+03
3.035000000000000000e+03
4.134000000000000000e+03
5.100000000000000000e+03
5.430000000000000000e+03
4.110000000000000000e+03
5.346000000000000000e+03
4.770000000000000000e+03
