8.169620332019453812e-01
1.040466468415104373e-01
-4.232421714996519313e-01
-7.933988645010892071e-02
-6.030698514745589378e-01
-1.156851921779893821e+00
7.464873258586779414e-01
6.991281913490530187e-01
4.397177309403188517e-01
2.905360407282184809e-01
1.449651732006129734e-01
-7.320275011543326826e-01
-8.007988084714492416e-01
-9.034686100125997044e-01
-4.043834229119109835e-01
-2.000685390046310630e-01
3.779566981597515252e-01
9.654088236335365281e-01
3.314436224671624132e-02
3.325130967274345650e-01
3.377573801217277349e-01
-1.256272183754436611e-02
-6.251951648814735307e-02
-2.233018728731117619e-02
-5.123520994349597402e-01
6.734101151531461937e-01
-4.481206015163579082e-01
-6.266299413836682319e-01
-4.463539448686519862e-01
-9.730705365823668629e-01
-8.318521372310616613e-01
6.010315764914961889e-01
-2.588483857104861841e-03
1.436997350275603935e-02
3.599539900272574755e-01
4.268642818173216114e-01
-2.411451977679011094e-01
1.749839991421051622e-01
-1.512514353624754282e+00
4.055049402206378772e-01
1.606147437861382699e-01
7.523031390375969352e-01
-7.081540460375288504e-01
-1.430267600215850976e-01
-5.877838080742208149e-01
6.073546524958395310e-02
-1.529204286324095108e-01
-1.372791219001410212e-01
3.071676139559080809e-01
-6.054961342480780218e-02
1.561498292682115263e-01
6.975722472713661304e-01
-5.179604776218384998e-01
-3.160836309476833250e-01
7.249143965653974675e-01
1.334304623560460534e+00
1.204396829307836647e+00
1.324244878363449729e+00
-1.443197583735669198e-01
-9.251087295120816734e-01
9.620505541024471086e-01
-2.718352852496757066e-01
4.580528803048702358e-01
-1.137983681347591869e-01
-5.810500821127639881e-02
-1.338914005214002501e-01
2.048354548339528236e-01
-6.836302660325479508e-01
-5.481711961009425593e-01
5.660659116719219952e-01
-1.111573050513461780e+00
-9.914777882306839984e-01
3.150496368004951364e-02
8.087367341332019066e-02
-1.818695452997616258e-01
9.243289535937035950e-01
1.981630153064148914e-01
1.286635752731067228e+00
-1.929529965436866945e-01
-9.075640300303353669e-01
1.681157508670381162e-01
7.881841926920856167e-01
-2.588175404029158244e-01
3.621756519127945495e-01
3.311277231469613724e-01
1.081517937288912989e+00
-4.807173288973922709e-01
5.215593523833579326e-01
2.330566460668883622e-01
1.543767012771768421e-01
8.617062715237890913e-01
-7.990586138762623136e-01
-5.562427613077787214e-01
-3.030962748370313875e-01
-8.558424238299844333e-01
-1.485341891350060450e-01
-8.352407383958295739e-01
9.522228856950309961e-02
1.866962912365455196e-01
1.650373456917822779e+00
-1.482885188464253545e-01
-2.677275558799134814e-01
-2.441302243387841742e-01
1.261339875529818855e-01
-1.370714011917355091e+00
1.990170257350056815e-01
3.935836862847867934e-01
1.370813913124528938e-01
1.703604639502964702e-01
-5.647924931158918582e-01
4.363670304726863236e-02
5.624134519455248338e-01
-3.103912136738946614e-01
1.002169743096401611e+00
4.771654039782635692e-01
6.968716570681943168e-01
-8.388637233725475539e-01
-1.449896640393424363e-01
-1.422053195411336901e-01
-1.312820510199586010e-02
-3.255879464293416348e-01
7.355875284814716863e-01
1.113554482361376330e-01
-8.874509301065902633e-01
8.924767459265847691e-02
4.402029375590927884e-01
4.367298345321728448e-01
5.221371238609417986e-01
1.320689682173803448e-02
-1.056242679460735800e+00
-8.821498721371421325e-01
-5.722638718499233335e-01
1.300135202834216130e-01
-1.323100593780100809e+00
-7.339992277048619229e-01
4.817857583905293950e-03
-9.462784948204685520e-01
6.537309624903144822e-01
7.475227013775809226e-01
1.799890169312927668e-01
2.223081873422625421e-01
-1.654262830643915549e-02
2.028356098552568376e+00
-8.599791443785953504e-02
6.729981188621581012e-01
5.378466798230361334e-01
8.886542480292947133e-01
2.150894833544274576e-01
9.535434401800193527e-01
3.356288689059852004e-01
-1.056876758194676746e+00
1.056302324009717353e+00
1.922480065104252844e-01
4.876421958770960075e-01
9.449588865847378116e-01
-8.408724716461071225e-01
-1.542038956729763211e+00
-1.098876446296168652e-01
-1.462743136247102171e-01
4.843841390228842414e-02
-1.070237346464804062e-01
-1.329754565628945784e+00
-9.042040457206548254e-01
-4.527936114961459424e-01
-8.366268502030402843e-01
9.054565672369108142e-01
-2.583278802579851430e-01
-3.102479234341073422e-01
-9.690898389561422022e-01
1.070051179100577343e+00
-7.345692797687153330e-01
-2.419559533966877396e-01
7.992855945854007160e-01
-7.096149658597816767e-02
5.797743016223133594e-01
8.943540402426375380e-02
5.729610511346656665e-01
-7.236093114471202625e-01
-1.306911997795969782e-01
5.890427559681032932e-02
-1.393867654137004308e-02
-1.364198342088231986e+00
1.771638521113587217e+00
-7.232860009988115735e-01
5.097250758146536498e-01
-1.127252424861532987e+00
5.655405907382951014e-01
-7.717425336015528714e-01
1.074167601904642666e+00
-9.263313652184521629e-01
4.479759326740406777e-01
-3.396891051821313567e-01
5.796729911750446718e-01
-9.548151703056735329e-01
9.551229933866745014e-01
-2.577764647628200123e-01
-1.184506228630463731e+00
-1.166498113472357545e+00
-6.541310247645277798e-01
-1.004377471872806016e+00
-3.680490152774034129e-01
-1.575957518694082182e-01
2.287506754916091012e-02
-9.601381606646022249e-01
3.338987599806610973e-01
2.139478493230226874e-01
5.067865748112900803e-01
-3.568237185244704790e-01
9.558683531838241265e-02
-9.842025581277633606e-01
-4.106842890127992973e-02
-4.366691712454464636e-01
-6.840211118748245056e-01
9.285563630878623798e-02
-7.237471664203543043e-01
9.302518699574102712e-01
2.495724272058383875e-01
-3.536681871894584717e-01
4.972876875159180088e-01
9.962417634639013642e-01
-7.312072301224139537e-01
1.414259873310541593e-02
5.052783386217329920e-01
-8.078510132146963230e-01
1.949212276744045624e-01
-2.342445418253529255e-01
-8.557395853413218845e-02
-3.758523793016603776e-01
4.232400207185822438e-01
3.613895880712627573e-01
6.141596777045155164e-01
8.617207499813872573e-03
-7.395857211433449763e-01
4.031462800747034336e-01
-8.321854386008267213e-01
7.360504248474164513e-01
-7.618603819343476857e-01
-3.577502552815818859e-01
3.155688512447039074e-01
8.634066471163830414e-01
1.787228104740163026e+00
1.724002287526351651e-01
-1.154077146451779612e+00
2.368826711541460739e-01
3.273153774856707443e-01
4.773716365136309037e-01
-1.059822128273269826e+00
-3.242587418168012547e-01
2.935566535979559077e-01
4.695721398402117330e-01
-1.767148712299082547e+00
-1.340651536913605391e+00
-5.291150581517110041e-01
-7.700391488095901238e-01
4.399618913609515403e-03
-1.233499601037220117e-01
-4.332148953519965318e-02
-2.422346529965695439e-01
6.063028993739401074e-01
-1.722344874039920981e+00
7.989839604052262345e-01
8.789183417059520664e-01
-6.132918755204963546e-01
-5.751890695462504866e-01
-1.040908459072875658e+00
-1.293749542500477467e+00
-3.780913492431450251e-01
-8.388495944399378956e-01
-1.366631533929663078e-02
-1.048955133843572973e+00
-6.765825286333670974e-01
-1.363347058552077939e-01
-6.750863706972731748e-01
1.385964810392312785e+00
2.219340546471579856e-01
1.240147571121141823e-01
-1.062991026522400517e+00
-3.539424031261564352e-01
2.539225508814402232e-01
-1.029207045545743160e+00
1.040016341517524978e+00
-2.993769262715080259e-01
-6.548314540457225164e-01
2.113283092254301110e-01
-1.048245363829752197e+00
-1.293802442864810942e+00
1.919771191248251796e-01
2.668213912577943603e-01
4.035179708762495210e-01
2.526837888824582379e-01
-5.582837009981735932e-01
2.532570730138550275e-01
4.462366457692779065e-01
-1.950172206815157239e-01
9.838376640045209953e-01
4.690796809068054074e-02
5.734511594414506419e-01
-6.894294908727269799e-01
-4.791883284697568968e-01
1.638664016234052667e+00
2.746955550385479228e-01
-4.611639953878308162e-01
-5.803064811911484711e-01
6.042525898866246692e-01
1.474793029044758619e+00
3.493708262453942837e-01
-6.235965686262874286e-01
1.190019017928722889e-01
5.531069251050633184e-01
-7.165876392494379132e-01
-8.801169632583576430e-01
1.383519481423185482e-01
-2.095191075020830240e-01
3.890057192961728916e-01
-3.069746103954509309e-01
1.672585605591638824e-01
-4.726090391053414663e-01
-6.070400867916507792e-01
1.364164365817273072e+00
-7.226736174357286657e-01
1.150525922462698247e+00
-1.006415289933329404e+00
-8.479282581915574823e-01
-9.124208403670373002e-01
-3.832727767427419607e-01
1.256692260446492071e+00
-5.387845741833547919e-01
-3.618214985797409966e-01
7.631610235297960898e-01
-1.848946635401738092e-01
-9.137617965530679953e-01
-8.757114306491580180e-01
-5.983673117622583248e-01
-4.833023767952848715e-01
2.279849202055252988e-01
3.559803022139451656e-02
1.447116019578313484e+00
-8.042826643863172364e-01
5.642294573990014328e-03
-8.709864322532459013e-01
6.801986916330733379e-01
-1.720844605799776161e-01
-8.099719818640247482e-01
5.345395031630406635e-01
-4.333064460861137945e-01
-1.040004090262343084e-01
-7.236740209081427011e-01
5.882533469388135927e-01
4.230920721068294199e-01
2.651913435951218645e-01
5.764717860929096105e-01
8.312924384946738243e-01
-1.059252663374383729e-01
-6.872835208210261726e-01
-7.888188801169544462e-01
-6.754937426952629664e-01
-4.235628074128330312e-01
1.117235553753399557e-01
2.352735019054064125e-01
-1.132140798577802698e+00
5.626843443075149054e-01
1.451869613938185921e-01
3.461504485496185168e-01
1.902966792351179492e-02
-1.193914604870052187e-01
2.424576784741887536e-01
-8.009612638508460947e-01
-3.803321831359465222e-01
1.056294531283677784e+00
-1.913449089073999687e-01
1.359087708841366648e-01
-2.935817744943260976e-01
4.180562999465351481e-01
-2.078357962820067684e-01
2.050175842520687297e-01
7.933023004977428627e-01
-4.489684106528732954e-01
3.654593833390595847e-02
-1.148823340482607591e+00
2.640512990771881618e-02
-4.276897316203136512e-01
1.574237465314136664e+00
2.112613344225442447e-01
1.449792336713088048e+00
3.302353421396801991e-01
-5.576623893794474540e-01
7.054160538615494858e-01
6.363196010660976398e-01
-6.918682475866093640e-01
-2.368768369776041993e-02
-2.285703384745758626e-01
5.406960614789637631e-01
-5.787297919537568447e-01
1.387869299133583922e-01
4.277561204218569557e-01
4.187966513705410065e-01
5.709091663139602701e-01
-1.204329160885367234e+00
4.926870743870814806e-02
-1.177554169937268469e+00
7.150962924612063176e-01
-9.294034161948516726e-03
-1.692412999065013413e+00
9.881686368936648535e-02
7.797467879120967282e-01
-3.112855174450146478e-03
2.289347200774241031e-01
-9.335016915779315028e-01
1.050115520504611766e+00
1.256604853565859159e-01
-6.942048349213614244e-02
8.093106071063180806e-01
-7.181040259412672100e-01
-6.668274542627283807e-02
-1.576815892152865217e-01
-2.263756351851080595e-01
-3.654519280656751690e-01
-4.531463301979226088e-01
-1.717485006542447845e+00
-4.763628592614148616e-01
-8.027542209306348653e-01
1.225293624722345598e+00
-5.752445584126943956e-01
-8.354748947871692977e-01
4.081483773206286969e-01
-1.028361853091952050e+00
6.777767653707140738e-01
3.922128719642117289e-01
1.689306705400783315e+00
4.007981362450596663e-02
1.200109920882486136e-02
1.126449483769453863e+00
-4.135284663119085380e-01
-6.148913895803023166e-01
2.470431931507839352e-01
-5.587805467516577806e-01
-8.296982101779803997e-02
7.849950962096592377e-01
3.612938090455077855e-01
1.041457989410835339e+00
1.766950828137581198e-01
-1.387690429231263067e-01
-1.618677161340285053e-01
3.073144461246020143e-01
6.659305546981775237e-01
-5.538028339255962607e-02
-2.940775880460915204e-01
-8.906331550601578328e-01
4.246618964026618315e-01
-3.014976130022439804e-03
-9.145052502419392937e-02
3.261404853350260424e-01
-5.801862299553279811e-01
-1.838656463973755706e-01
6.067559303172931351e-02
-1.160611527224467920e+00
-2.136805940481103505e-01
1.321244614452958821e+00
-2.087743150004151005e-03
7.246968932271524722e-01
-9.813434648042562713e-02
-1.139768919072630116e+00
-1.177607931564850219e-03
6.766269440387295830e-01
7.175291113528112774e-01
5.956566617798175756e-01
-2.784652066345341126e-01
-8.184114480893551757e-01
9.421706775633609254e-02
3.958693745159784783e-01
2.796645281419625206e-01
-1.210344067066130957e+00
-7.493925260222731310e-01
6.109699301567399488e-01
-2.068941554125993676e-01
5.399115108183742962e-01
1.001265049752662506e+00
1.654966196388781619e+00
9.095703170540030413e-01
6.627807358863258003e-03
3.665839115144073901e-01
-5.296125845084400652e-01
-1.960326870986053294e-01
-5.944019371601001467e-01
4.539685466663012647e-01
-3.758885632858612880e-01
-4.036110596644935100e-01
-3.839528020006905962e-01
-2.384884170078267474e-01
-3.229577013575744004e-01
-6.695501290822925000e-02
4.345108802265507109e-02
4.395131131985072770e-01
1.311239311662761864e-01
8.434028433906339828e-01
-2.374453255729482848e-01
-4.391438601353314652e-02
9.589777599955295884e-01
1.129163180683040224e+00
3.284809096360987724e-01
6.382471640355404929e-01
-1.892258722632185197e-01
3.792515760502208622e-01
2.959728883731216342e-02
-3.266194886780411366e-01
-1.290044259918134983e-01
2.732220212849423291e-01
4.823415508153452436e-01
-1.767675354171309721e+00
3.042423274862215976e-01
-4.838051998220818106e-01
4.822808630033392774e-01
-5.424340116634631670e-01
-2.350531358477860877e-01
-3.440614051448402932e-01
-4.278664723328384767e-01
-1.670223689998193706e-01
-4.758012127751234388e-01
-9.307635605469215534e-01
2.270883054123782330e-01
-1.878526249095981981e-01
9.787599754990257139e-01
4.096788595950116019e-01
-2.476709108372441293e-01
7.018452124988163732e-01
-9.033684410581805935e-01
-5.477838321856767223e-01
-4.533157713846804882e-01
-5.828446226227121940e-01
8.616848121776374825e-01
1.003848976209446242e+00
-1.965786977084640341e-01
-5.015146552889859777e-02
4.941097830320906326e-02
-1.602744090911952135e+00
-7.251980121847481087e-01
7.668042676153792314e-01
-3.246593833347786173e-01
-1.242855166931997601e-01
6.171098210160907982e-01
-4.016183036099372217e-01
-2.065246813940628812e-01
-7.044903276227669764e-01
1.456144846930731873e+00
4.612048981236513967e-01
9.341226657977816927e-01
9.794682837358692495e-02
-3.144419908603524050e-02
-2.523067720758120913e-02
-5.371892608953459103e-01
-7.142720425086590552e-02
-1.277955230178590362e+00
1.405617362839497453e+00
-1.406172089041827000e+00
-3.684312779610197097e-01
-3.507078501241887025e-01
1.197696405852882506e+00
8.680216380134906373e-01
-5.065097706120287313e-01
4.584097461056888534e-01
-3.250646766124374309e-01
-4.364667815387539562e-01
-1.129298251271730891e-01
-1.297198466701374286e+00
-4.937303046467897971e-01
-1.357972753968168966e+00
9.816678958328690641e-01
2.821118034749083847e-01
-4.044038580072166766e-01
-4.198908058013994804e-01
1.310584820789406635e-01
-6.698630582373503728e-01
8.746241787412847302e-01
7.116572233731544017e-01
-2.046058965297570253e-01
7.213228065329229111e-01
3.927457536948590899e-01
-3.855500524234196646e-01
5.939342778533518441e-01
-3.631078996953007731e-02
8.846762647224775122e-01
-2.181409485073242394e-01
-5.550785184256676885e-01
-2.057367182916678416e-01
2.008298952730322995e-01
1.636931307977970818e+00
-1.065175914759528553e-01
-2.287564698939972274e-01
5.209323361116524609e-01
5.530881994819258907e-01
-9.612875627748671548e-01
-8.493110189994084180e-01
5.114751268016419772e-01
-7.061512205711890644e-01
2.440413569814534611e-01
3.512205264728907039e-01
4.076942495707367442e-01
3.695367905273574394e-01
-3.681575911159828962e-01
-6.752357745187875793e-01
-9.279566018023812646e-01
3.605451287384404679e-01
-4.227497679385479046e-01
-4.240660811543444098e-01
-2.306134501109164958e-01
2.474480902761886369e-01
9.000120934619744162e-01
7.165609424770460478e-01
6.837486134335177823e-01
5.105347729121145761e-01
-4.585347141683318029e-01
3.013916997848289370e-01
1.726898464674784250e-01
6.435083609908627267e-01
-1.723923434852920877e-01
4.719875264609507681e-01
-1.043027412893590800e+00
6.531965164681308167e-01
-4.077368025610264013e-01
2.634286831437462340e-01
-1.387862760119085159e+00
-4.807375611855020381e-01
1.617767480470034158e+00
-1.858760067055253984e-02
7.825389333166663519e-01
-1.362001530397706883e+00
7.453571030662615726e-01
1.601861290465568466e+00
-6.241612734617119074e-01
-1.892362424559230760e-01
6.023613927527380341e-01
2.083928049641272651e-01
-4.461900496733424148e-01
1.859647694329602530e-01
8.331347650123603898e-01
9.640822913769264702e-01
2.150398107352593513e-01
-3.327388589956896681e-01
5.756100318424515194e-01
-4.258889797445633008e-01
-1.237731653637990092e-01
3.225467837855156006e-03
1.252093123023463761e+00
2.575330104754822713e-01
2.297238196732189763e-01
-6.582632227919020806e-01
5.021448803024242125e-02
-3.946813209739472583e-01
-6.107534343967442325e-01
-8.815073034861420354e-02
-1.436354984204335494e-02
-8.797791193784032515e-01
-1.372314064029797720e+00
-1.825644531495376199e-01
2.487911563577585028e-01
-4.947322368925579639e-01
-3.742930175611860477e-01
-5.814527095310326743e-01
9.923468440649116928e-01
3.638672798657722751e-01
8.280329378839468291e-02
-2.769493779837306491e-01
6.251001086531013939e-01
5.038798109739826003e-01
1.883333890850558134e-01
8.032733896715420485e-01
-5.850950720628356194e-01
-8.647257836875956727e-01
-1.258696397823396929e+00
2.702080606166221699e-01
4.923932676442577261e-01
-3.061595411508140074e-01
5.580718514261011620e-01
-5.308602144710876658e-01
-1.216624131589004953e+00
7.509759263532567175e-01
-8.120110111265379516e-01
1.282991833462459930e+00
-2.190983079564503555e-01
-6.626915564814019888e-01
2.585018661290758857e-01
-1.817363745446423096e-01
2.747508653714048066e-01
-1.225460877564627626e+00
-4.357694670301812678e-01
1.149236982468128332e+00
-4.610940728789536536e-03
-1.963389977636920136e-01
-3.947604908839696947e-01
4.630979405421644657e-01
4.561436310801294525e-01
9.954591045723581999e-02
-2.943240972475074102e-01
5.203070043412605372e-01
6.185299096210972181e-01
2.525961326753272118e-01
2.923307988464127760e-01
-6.760918421967492264e-01
-3.863902393845606298e-01
7.661372791844129893e-01
4.852981629121089213e-02
2.025055409229139514e-01
-1.206043030367478508e-01
5.702351190939358716e-01
5.075611727938227347e-01
-1.590997351193899512e+00
2.003952840036182792e-01
-2.827841665425365747e-01
3.858826079654082974e-01
-4.635510172393626505e-01
8.480182155801685440e-02
1.091899992702442646e+00
7.010883516508492619e-01
1.445697357889272894e-01
-1.218916625593405190e+00
-5.347456662992255971e-01
-1.022581316311311994e+00
-7.986758529382456118e-01
1.071582184019638007e+00
-8.532035173620187152e-01
1.124976679232675636e+00
2.696744019579142559e-01
2.261738049110197935e-01
2.852237860624642352e-01
5.211087730946317720e-02
6.291984420937026812e-01
-3.971427183429909746e-03
8.323664514892836763e-01
-8.893330882090726419e-01
-9.497167128826600191e-02
-1.422666198382387392e+00
1.094283882504321070e-01
-3.658607915738665284e-01
1.118875546627249307e-01
4.224940770471663498e-01
2.598211795537874735e-01
-1.900753944785273930e-01
-1.320655961126363742e+00
-7.981235269451216752e-01
-6.507255230840502946e-02
-3.986344175189948658e-03
-5.036529755703487155e-01
-7.170620015758899513e-02
-8.332985145063522836e-01
3.087283900190405106e-01
6.109525837822218364e-01
6.212568074406021879e-02
2.882273557655317120e-01
5.202382589154463943e-01
-4.344136658231692039e-01
5.185368450391418804e-01
-1.323663529745005007e-01
-1.772084337692332312e-01
-8.454697144009495346e-01
-6.903381658293978873e-01
-5.451271318299735213e-01
-3.805220630607353272e-01
1.170593590498114622e-01
6.695694511292993312e-01
-1.103457106073055805e+00
5.919939250295858102e-01
2.667125432758643555e-01
9.786556678048707880e-01
-5.191663364311720485e-01
-5.605137314139057025e-01
-1.143289082550421831e+00
1.190971516418514398e+00
3.562645047850709901e-01
-4.656758313158153584e-01
-6.424909188094378720e-01
-5.664086739244211799e-01
1.356698366265196576e+00
-1.713342665936368192e-01
5.660665247021237079e-01
6.387481677515447487e-01
9.524961857469191884e-01
9.631549327760557944e-01
5.527071853440048699e-01
-3.178589653859775765e-01
5.180524770888981223e-01
7.024188000632713980e-01
6.792576969702217582e-01
-5.496127571259288302e-01
-6.614191382644110107e-01
-4.194668280688995665e-01
-4.511817856865425469e-01
-7.313823118623163921e-01
-8.334945159997344533e-01
-6.104837994621483688e-01
2.374887636184173090e-01
-1.216857284589123456e+00
1.325200248030739658e+00
7.608298416707928169e-01
-1.435216543612662932e-01
-3.709072796852801446e-01
6.233589840822979511e-01
-7.222659666760202768e-01
-2.651438234213729928e-01
3.142214842829949006e-01
1.781848104985055414e-01
1.982187539169801838e-01
-1.148683976261288819e-02
-7.710972948388503667e-01
-8.607239543154587835e-02
5.008337358371264258e-01
2.999788044677753618e-01
-3.320789147789504625e-02
-9.084579113206201484e-01
4.988841237568539810e-01
-9.941235842340780948e-01
3.461591347520709405e-01
2.527908972227619344e-01
-5.173081907191336981e-01
-7.758208297133775133e-01
2.100945552264379401e-01
1.549752566907697471e+00
5.622608013738599197e-01
-1.138527123235810290e+00
-3.271491545254781030e-01
-1.199267314363092751e+00
-1.822917076028112149e-01
4.452391837638209893e-01
2.995192308912759671e-01
-7.999902721891611890e-01
6.126884103495289224e-02
-1.028101260503186953e+00
-4.652782626772697938e-01
-1.115614024726305331e+00
-6.532409956324745082e-01
1.136351269981270562e+00
-3.845556495790676266e-01
-4.632222371623138102e-01
5.114642465035501573e-01
-7.152567251070252041e-01
-5.280999407546129731e-01
1.846706751031446103e-01
-9.600842614534546016e-01
-1.651037995267659042e-01
-1.345041885724773678e-01
4.147785842290723224e-01
4.031199880552325254e-01
1.979615556646452390e-01
3.664878856764355319e-01
-1.904146637142929421e-01
-4.595474803997898761e-01
-5.506888800743405810e-01
1.242099069833137115e+00
-5.115999084387379270e-01
2.819356634226766189e-01
-1.568250592855120029e+00
-1.130394316641940566e+00
1.651753527047628012e-02
3.768286013662578426e-01
1.730338416034417293e+00
3.179549217233965663e-01
-1.150777156503952181e+00
-6.201252798866727645e-01
3.538199477006118698e-01
-4.970915842319936218e-01
-5.593809029664962296e-01
-1.482399250524069068e+00
8.750312038236183199e-01
1.008594176225159345e-01
-1.269342284074189031e+00
-5.559912754217677389e-02
2.867373844341072342e-01
7.357936763982788619e-01
-3.563925000766356987e-01
3.834354892106048851e-01
-1.291663058251924401e+00
-6.596508110234129418e-01
5.347537238921828973e-01
-3.126059188627872132e-01
-6.809496371131338321e-01
-5.491555442962736677e-01
-9.685922921547316378e-01
1.634114211228223645e+00
4.218020526615351429e-02
-7.727410987350422644e-01
-6.927250911768325636e-01
1.021655746822094812e+00
-4.704424384131113968e-01
-5.585217146264138677e-01
-1.073593789111388919e+00
-1.329128679007428815e+00
-9.894093274521988945e-01
-7.671390392157189098e-01
-6.363902027966918951e-01
5.246212344258687210e-01
7.155013925245850004e-01
-4.823765061021694223e-01
-1.209041881606349733e+00
-1.008548185893695326e+00
-3.942122984383491513e-01
4.754047011453899074e-01
2.316197719619115247e-01
-4.673972572404752057e-01
-7.777942166915785549e-01
-1.678777188177731361e-01
1.480213187611035153e+00
-1.876941241873648636e-01
8.761595966434470029e-01
7.803618352986525508e-01
8.210386947919943168e-01
4.145096250876534327e-01
1.253293390339234037e-01
-8.139660232764676095e-01
-6.410543342775572029e-01
4.605991047838369212e-01
-5.619273499220529544e-01
2.560481150750284485e-01
-1.874562034214450890e-01
9.566502470523374768e-01
9.945944742936410066e-01
7.095712034333843121e-01
-4.236864582078228025e-01
3.015241377942796674e-01
8.531609861173983234e-02
-1.175528949679515378e+00
-4.791639361183710477e-01
-5.868023015447407786e-01
-1.041371153591974519e-02
-4.805454441933498799e-01
1.268401861599066649e-01
-5.744286118233032923e-01
-6.612073767977353356e-01
-3.236401287706893726e-01
7.452389530616549962e-01
-6.166068996536617774e-01
-5.210744329279126674e-02
4.372281337573200588e-01
1.139813440633528074e-01
-5.982678465569337689e-01
4.088607095122762658e-01
-2.080487195317051174e-01
2.274587110204571161e-01
-2.626325262566666652e-01
4.571689760159047822e-01
-1.370649079882402255e+00
-1.516411481766199110e+00
-4.740246225839026550e-01
1.771082072414822406e-01
-1.002447219795180366e+00
6.064987889750108607e-01
-7.597589072516361952e-01
-5.488363243943643610e-01
-3.851340547198160991e-01
-3.120752957538801553e-01
1.658356572802315299e-01
3.437746272860895402e-01
2.680400760361134616e-01
-1.031694898498987101e-01
5.966069541126595155e-01
-9.536852579644961025e-02
-2.728819675825500113e-01
-2.114200613606733725e-01
-1.156179926741413233e+00
1.449454635323572660e+00
3.008547044719680486e-01
1.116064693339909653e+00
2.480068677787077291e-01
3.154400223518871726e-01
-2.061317115563028324e-01
5.390532597873507470e-01
1.538258192252230039e+00
-5.913696523549267781e-01
-1.004024629526876211e-01
1.228048690353451988e+00
1.164342999813028356e-01
-4.823935589776473520e-01
-7.627028852455284280e-01
-4.060489075341502385e-01
-8.870170246112918377e-01
-4.462103041013634197e-01
-3.394736343991926475e-01
-2.185406015830659854e-01
4.908583053647710415e-01
-1.367069872240165296e-01
7.339171040090519682e-04
-1.462403716087550265e-01
4.247776060524266484e-01
-9.215186276990294800e-02
3.197974859972942951e-01
4.733482326502302939e-01
3.254042105655505779e-01
1.242098393888275254e+00
8.191988974894588438e-01
-3.664396854036864326e-01
5.098576619964489964e-03
1.059849167487964650e+00
-7.870595913124684984e-01
5.008685378587953707e-01
-1.254526445868915374e+00
-1.227577118696872471e+00
7.478830401431952879e-01
-1.157053406390451400e-01
-1.048306031536827998e+00
1.112794388140398105e+00
4.528265445525097022e-01
-7.216592354430408918e-01
3.172795797299663434e-01
-4.673018560546724487e-01
-1.075920033098656248e-01
2.132918082455992348e-01
2.608979746483708340e-01
-7.354386350477648548e-01
-5.511104449714645526e-01
1.400515730711601847e+00
3.022139291837477870e-01
8.176228542752710382e-01
1.527904182319339554e-01
-6.637097230663453473e-01
6.045727750067797501e-02
5.229276250275489701e-01
-2.149048044281212100e-01
-2.932614636804684594e-01
-2.010661134631979152e-01
-1.059359607590271146e+00
-7.050245714733716085e-01
2.866942421669982366e-01
7.457122125481383534e-01
-8.954876333860912752e-01
-1.284330341137103204e-01
-6.540152286024092376e-01
8.593377646893785027e-02
-1.149411354688103515e-01
-8.628385893678460761e-01
8.132287013336902959e-02
-8.120162220602811232e-02
3.921179414742637093e-01
-3.482715815662897896e-01
-7.025573637441810959e-01
1.216457831851755600e+00
7.979781125166791611e-01
5.088258427884682078e-01
-4.295217585421884365e-01
3.017210537739511977e-01
-6.730766126247091918e-01
4.667929040698126641e-01
7.759922801743091014e-02
1.295438843283847064e-01
-5.074312524808970437e-01
1.384342298973137986e-01
-4.525565395164177218e-01
-4.679893738868239339e-01
2.685200118673369829e-01
-1.904813861948539966e-02
-2.546584262828925915e-01
1.207806487300402409e-01
1.778728825539488412e-02
6.861855745056075762e-01
-5.074655972124091363e-01
-3.103177498050611050e-01
2.851425917947389976e-01
-1.140812862592136767e+00
-2.294516216011812659e-01
-8.559025678508191959e-03
-5.921223457184918715e-01
6.181104530726422297e-01
-5.398827592756614280e-01
7.278983257506794757e-01
-3.972895941575140810e-01
-5.218371773213785758e-01
4.715546397028802517e-02
1.905822424909882074e-01
1.858659829451667633e-01
5.083759568638317461e-01
3.506427668707736700e-01
7.221365272584510109e-01
8.151810962401917493e-02
-1.739606732088926577e+00
-2.193217922250507712e-01
4.509707469143986458e-01
4.366289110648127192e-01
-1.180046348099192954e-01
4.776809756090667491e-01
7.977698050321269108e-01
-5.652314191024156997e-01
1.409145728020386734e+00
1.068577348609709432e+00
-7.408075435436103362e-01
-1.027579299122336032e+00
8.510565842469919318e-01
-1.087892287792744384e-01
4.279668833836627329e-01
2.264434986006769179e-01
-1.401505423994513500e+00
1.316302841248537803e-01
-6.463353918041336854e-01
-3.108276235121145703e-01
3.941025833626499164e-01
2.115733035242222115e-01
-1.145758606435403948e+00
-2.389576118079581590e-01
-5.488938453814133922e-01
3.564503554481373016e-01
5.139664669290189281e-01
6.196366369644170646e-01
-1.183845359941724240e-01
-4.555900517450330867e-01
8.038643535994172140e-02
-1.757812012477396379e+00
-1.104050423899138877e-01
1.176799373262462645e+00
9.080101406196261493e-01
4.086344339205201237e-01
2.410374212435941743e-01
6.749845778895799953e-01
-4.334378048557141483e-02
1.067409688161715664e-01
-2.424042959506431671e-01
5.865366872019794897e-02
-4.765557853924828891e-01
4.082638406510019635e-01
3.102332558336406976e-02
-3.836778892073686720e-01
-5.698680711267467558e-01
1.065330655601123055e+00
-2.269698966219282354e-01
-1.882746074408814252e-02
-3.280061179067814692e-01
-9.433204740235190400e-02
5.385074196302674920e-01
1.293347153926434068e+00
8.875896497811641694e-02
-1.916364168972055637e-01
6.979350495225098427e-01
6.957147346846941360e-01
-2.218329465769643960e-01
2.924414236452257398e-01
1.972373794336004238e-01
-2.665080311891534492e-01
1.086189719781196494e+00
1.230265913285498058e+00
-3.287513304046978391e-01
-3.930078182239862272e-01
1.670074893824411433e-01
1.417283706621615735e+00
-7.336932565746225876e-01
-2.131799953126165548e-01
-1.513564240345646184e-01
7.666509851298251021e-01
-7.092396660718929269e-01
-3.015550748701389949e-02
-8.526588143057010072e-01
-2.585410500992937344e-01
3.735822551037415451e-02
3.437253050300936863e-01
-1.340987405577334091e+00
-4.276511185592042352e-01
2.899407692468569664e-01
-2.954804381871358743e-01
-8.054142071187762042e-01
-1.568209974669709794e-01
1.270070994023209110e-01
2.510921057476611651e-01
-1.069698704771715470e+00
-7.567370952149268248e-01
-2.799930092361337941e-01
1.072742039001717274e-02
2.355317625894093325e-01
2.306266196472801511e-01
-1.142058217441026535e+00
3.847228161171578620e-01
5.568959004258653422e-01
2.558390043051064211e-01
-4.179948009846725654e-01
1.308240996129690359e-01
5.871224595678006253e-01
-6.397319911643872814e-01
-3.228603691268272513e-02
2.695323548910462108e-01
-2.247273498635067313e-01
-6.017404863734769904e-01
5.955886405995061139e-01
8.200354520617283427e-01
3.743541528416383102e-01
4.634606686351965266e-01
-1.785367066206076103e-01
1.181058599006968635e+00
-3.263222157755745201e-01
-1.103216332941809874e+00
1.222573021662398673e-02
1.260448334499209011e-02
-2.394905123587287576e-01
-1.848195312563802872e-01
8.052054606531067193e-01
-1.285063597679343417e-01
7.556584258492371475e-02
-5.168260126209140992e-01
-9.162733455296514506e-01
1.721820917221066338e-01
-1.155759565050499482e+00
-1.422249469405363342e-01
-1.342225500218447998e+00
3.330901277269981975e-01
5.313654550390731757e-01
-4.339290274593787800e-01
1.083878110113013271e+00
-3.169194418971779115e-01
7.290041866908687496e-01
-1.883626764300991852e-01
5.651992973608699344e-01
-1.209134155015174628e-01
2.269004263438390012e-01
-6.649076441353161115e-01
-3.031609055111328388e-02
-3.688956875268445401e-02
-9.283574580649354147e-01
1.044612599237283668e+00
1.223785460748141318e-01
6.714057444664991436e-01
-2.494146165043789054e-01
5.078728550373456940e-01
-8.821937099013794636e-01
-1.122538917524992463e+00
3.412400025861010988e-01
8.494560161035575874e-01
-5.161965253165909928e-01
-7.114920341549622052e-01
9.156634534881966658e-01
-2.552271565641106577e-02
-8.934441781504531832e-01
-9.101311161659371152e-01
6.027085400474563315e-01
2.389093619459607964e-01
-1.712793429829184699e+00
-2.638612820387384872e-01
1.152941683522131555e+00
3.736913884164261290e-01
-6.671628067481973900e-01
-2.562964595520051958e-01
1.062506909280300782e+00
-2.283220425803103026e-01
-3.809822224877761343e-01
-8.894925554004116108e-01
5.553464395909735174e-01
6.466380019386779310e-01
2.709366964541164435e-01
2.639401235777718568e-01
-1.322508156056922957e-02
-5.819872089214275235e-01
-2.494164493546300321e-01
2.403867154496222014e-01
-4.080789318237423302e-01
3.721774280746306118e-01
3.809334571455371687e-01
-9.039434288573353626e-01
-1.684295748827846495e-01
-6.227470522841223044e-01
1.588258425249713390e+00
-4.703442283035350613e-01
7.360505462841615554e-03
-7.720402234314658330e-01
-1.387247895547226939e+00
-4.367129634570083851e-01
1.172965781758614767e-01
-4.195397187610936385e-01
2.112233945722108430e-01
1.047220280204397724e+00
1.962265075213212029e-01
-1.444448210275440125e+00
-1.003162717639072277e+00
-6.411813376679704746e-01
2.414708230808244593e-01
3.375859343881026930e-01
-1.310655616098550080e+00
-1.725174714999875292e-01
-8.832821963794437181e-01
-5.482184822019577908e-01
6.917860609065265010e-01
1.090880215576854440e+00
5.211587299789943728e-01
4.973859755136142979e-01
3.919156700631827306e-01
3.660268958334373934e-01
1.355832549448713564e+00
-8.723417530909127748e-02
-5.483070702969419230e-01
-6.621304057154890899e-01
1.135234088087003101e+00
-3.322679618323052253e-01
-6.907183398656444595e-01
-8.487838214607084097e-01
2.603962691844401434e-01
-1.064407679332122214e-01
7.463047243986107304e-01
-4.633986269541816583e-01
8.816265272396783814e-02
6.266544575868229217e-01
-1.135843671126171017e-01
2.292353360508858628e-01
-2.614261290025146067e-01
7.305497308445740856e-01
-7.149822563628180916e-01
5.447240031736804156e-01
-1.712409232955538485e-01
-2.253101010533704596e-01
-5.515793041664336371e-01
4.457973455132719920e-01
-4.473477293987517811e-01
8.599869200815568604e-01
1.988191171981675609e+00
3.913683870167030676e-01
4.868714966737357486e-01
5.637574004347989387e-01
6.500202630032632101e-01
-6.601676987697313592e-02
6.983613859837376481e-01
-5.421962992990270180e-02
-4.430686454389789475e-01
-4.717524329789668514e-01
-1.336164025280535128e-01
-1.319923598409502574e-01
-3.695224022428096333e-01
-5.074732791788729713e-01
4.330072204036152783e-01
-3.958345100850193532e-01
1.705906454866656929e-01
2.190974251528743366e-02
4.422057189896548834e-01
3.236370698308732585e-01
-5.477498447692390471e-01
1.178381785974428553e+00
9.013388647627271766e-01
8.638922120330052579e-01
-3.057435679956945762e-01
1.335660491058074939e+00
-5.267505597863593181e-01
-5.653065253749378627e-02
-6.844815410886573304e-01
1.540990443825149825e-01
4.221796559597112974e-01
-1.042236051594676027e+00
5.821249333393163639e-01
-1.142641809932962715e-01
-5.480698117848916695e-01
-4.235423455695457307e-01
3.936704544930655914e-01
-3.583963870193320744e-01
-6.141884533910557664e-01
-8.638810246615555855e-01
-5.557510912632004363e-01
-4.572901112659284451e-01
8.891845592892089201e-02
2.447813678551646888e-02
-9.246820605458072606e-02
1.102858266554704869e-01
-7.782329900894104924e-01
1.390847849543501269e+00
3.898526764875240858e-01
-5.667475866225526460e-01
8.060126155018547678e-01
-2.940217736692778416e-01
-6.681137527422880140e-01
-3.653457512775020177e-01
-5.846696870789953593e-01
3.850186542215272567e-02
5.862577864934852556e-01
6.297450828860835514e-01
1.894994804977088165e-01
-4.905990502220074490e-01
-1.576827212836127146e-01
-9.147613281304263211e-01
-7.667782228238912978e-01
1.965020958852257138e-01
5.051642573313399609e-01
2.916590029907162318e-01
4.457859846086016375e-01
-3.120280856773938183e-02
-2.028806325311940384e-01
1.443174995282829443e+00
-5.524921785382632677e-01
-1.365323507323417118e+00
-1.174421539508454515e+00
-2.831909215723831252e-01
-1.604621752372548116e-02
8.574773616481392580e-01
1.165394858816437562e-01
-1.003810432923746276e+00
5.065071697584837551e-01
3.161581031838167632e-02
5.572945709355874300e-01
1.899361242176542675e-01
-8.118501440037917405e-02
-3.519318356363214662e-01
5.851578075773318233e-01
-9.425397194908491372e-02
-5.847333070563793811e-01
-1.352118410227021172e-02
-9.805539926067927681e-01
-1.076887045360250816e+00
-4.106784748988614453e-01
3.504032207484186756e-04
1.285652120598256509e+00
-1.011524554836488399e+00
-3.242571398408973238e-01
1.514376091575417860e-01
-1.061948190063487729e+00
-2.623425163053312303e-01
-1.195237741803865106e-01
-1.469380320323221412e-01
1.083436341550044091e+00
3.226617822000497071e-01
-1.731490095363264814e+00
5.661061219791729826e-01
-4.690769828481702319e-01
-3.673270735191254133e-01
7.666565916888634646e-01
7.126658137651631364e-02
5.799164512599732646e-01
2.339176691795685770e-01
6.652942767796954371e-01
-4.781929384058507537e-01
9.681137593224420357e-03
2.404034801008538835e-01
-7.097012735266297057e-01
-2.354735081984040690e-01
-1.219698227616330843e+00
3.389957602791646707e-01
-5.234811083231054596e-01
1.700836019053939552e-01
3.485190171499672473e-01
5.418165268135322066e-02
8.061577201135117221e-01
-7.544419106920523532e-01
-1.855269213427792607e-01
1.380661294320363552e+00
-1.137532904878888473e-01
3.024355636340922970e-01
1.175151912945748833e-01
6.152239819648688268e-01
6.649517941337723670e-01
-1.539365116066493400e-01
-6.104183235114097883e-01
5.862844773772000195e-01
1.206902168041654733e-01
-3.731255226732788088e-02
-6.870952820977631603e-01
2.530210391965779237e-01
1.322465498034755882e+00
-4.339927043202136403e-01
-6.273917052669482075e-01
1.494530237961129160e-01
-1.590341383274047615e-01
-2.624341027791921022e-02
-1.233507245656486617e-01
-3.031925616944155522e-01
-1.898277062345208321e-01
-5.744675786988331367e-01
-4.843256995835414358e-01
-8.867280705968347831e-01
3.884484021966381206e-01
-7.531091296428815696e-01
-4.099574843757434195e-01
-1.749625890948891538e-01
5.414083564026288542e-01
-4.274831880750742386e-01
3.955176743976256404e-01
6.842271780354565180e-01
-5.711968384175403202e-02
-2.410711321302496657e-01
4.958746223844814338e-01
7.768633288113750979e-01
1.387746988186968622e-01
7.234498693152291438e-01
6.495331016718486339e-01
5.979405302920302034e-01
-1.899797034610193336e-01
-7.050254018933097555e-01
-3.573027947857463360e-01
1.498872156673307643e-01
6.891746466245844971e-01
2.587490125227942528e-01
8.622112533814538793e-01
3.293044359259456044e-01
-3.527944352521519278e-01
-3.617018734697552418e-01
3.775952600236998080e-03
-9.749886634690767551e-01
-5.196048054665425298e-02
-3.143688039988550287e-01
3.568896028082626515e-01
1.491181979812177261e+00
-1.110422324264935590e+00
-9.034716688153086039e-01
-4.992154352933706463e-01
7.656670132027008080e-01
5.253385170407351978e-01
-3.133875398879570895e-02
4.511903115312154711e-02
-7.692195121420297710e-02
5.975795542209105804e-01
-9.817944475727777842e-01
1.363095621608199082e-01
-1.381080842468743519e+00
-7.909375752157004058e-01
2.171040330172413491e-01
-6.126559472170285403e-01
8.158719312252031841e-01
-2.443896243785257383e-01
-4.112148121232035436e-01
6.853114452197939244e-01
1.082155448803392872e+00
-3.333674948929417070e-01
-3.018053981475006253e-01
-9.952213715076156930e-01
-3.406675178895035572e-03
9.373769424345024248e-01
-9.644376740464108977e-01
6.939570114517152888e-01
-6.266539283380048175e-01
6.077985210393350712e-01
6.398575408685491794e-01
2.485752861445575945e-01
-5.642754850584825732e-01
6.704207348725335081e-01
6.827584368518291313e-02
-4.956021413516547014e-01
-6.280902066795999161e-01
-1.631691761610482683e+00
3.595342094567133273e-01
6.419417149877526541e-01
-6.215860168412721265e-01
1.032143248809536118e-01
8.237223418446077972e-01
-5.714008920177890971e-01
-2.926113904606912897e-01
1.168400025618065996e+00
3.492845402915882858e-01
-3.368333460132157953e-01
-4.105926544719862292e-01
-6.085454930455931333e-01
2.071546605233285376e-01
5.329644900223229342e-02
-8.694516990376852661e-01
-1.052726136704515980e-01
-5.031139742760970535e-02
-4.498640300056218067e-01
2.263401582698136849e-01
4.681360535663428024e-01
1.433094340777808284e+00
5.884200372531971368e-01
2.683725848551867799e-01
3.268290575791379382e-01
4.956943637350335052e-01
-1.232002654972030431e+00
-9.647471215299745495e-01
9.468199255837461692e-02
-5.813768281132354332e-01
9.522839926300186164e-02
3.043425175811442784e-01
-1.331507585272149186e-01
-9.076869933087063913e-01
-5.090926090525131897e-01
-2.548675803920206206e-01
2.789046911497505832e-01
8.785340208140848262e-01
3.394835104340980791e-01
-3.363497728087461169e-01
-5.595129277296972958e-02
-6.585570408104235440e-02
-1.959448876617848612e-01
-7.900036775417920154e-01
1.226474306628404065e+00
3.123849894723553788e-01
-2.112628943285681515e-01
-3.573271944315061788e-01
-9.812430566421683764e-01
5.742007409773099980e-01
-1.327946153336778679e+00
5.980386688305827647e-01
2.332465219916377563e-01
-3.042182566772568819e-01
-1.342699778082696582e+00
-4.314618519392645624e-01
4.431029685565404108e-01
-1.854550250925957045e-01
1.060906735605655626e-01
7.517429388008967095e-01
3.602906401663386049e-01
1.455833461529756789e+00
5.097517566794156352e-01
4.063549832629167469e-01
5.505609069638506270e-02
-8.841628098676537206e-01
4.811089315414163181e-01
1.067742598792041697e+00
1.349985204876009703e+00
-3.091625767677381731e-01
-7.873415023728167483e-01
2.137999934219667608e-01
-2.721011442412644143e-01
-3.492677005876760887e-01
2.050828789679677300e-01
-2.111928238226710164e-01
2.585890137660227239e-01
4.157656191756142761e-01
3.914880580065123183e-01
6.638111907289712121e-01
-5.686505637949004210e-01
1.580678890375950552e+00
9.750965907912600983e-02
2.144409636539501562e-01
-6.781195532928609992e-01
7.794643582893279188e-02
2.190596251555856355e-01
-6.483848911193330622e-01
5.098745212524775638e-01
-3.383809147014096297e-01
-1.054866403354411730e+00
-9.121400410983007134e-01
3.472110630678439946e-01
5.388643121324951935e-01
8.790316351119802363e-01
-2.639437616312534374e-02
-2.206262117085522334e-03
-1.312453743889179236e-01
-1.343252265984849814e+00
3.949057356141016939e-01
3.557842583976800199e-02
-4.288375389647693936e-01
-4.657100641072968727e-01
-4.222503472678180714e-01
-7.137760460786282124e-01
3.093753110764705383e-01
-1.621504345415303305e-01
-1.470169904493756619e+00
-3.585639780366571827e-01
-4.283202943615593838e-01
5.039273033293927284e-01
1.141899526728344938e+00
5.268223264989666532e-01
5.603386144098720933e-03
-1.165443204081064721e-01
-6.150652499318312039e-01
-8.411531221689072524e-01
7.861359514883812238e-01
3.275235018090096872e-01
1.315586867649880531e-01
-5.516881530727042460e-01
-4.105286775537706490e-01
-2.986199693780804409e-01
5.408890777518138293e-02
-9.884441537842123537e-01
9.519006767080631093e-01
-5.381205266006432453e-01
-3.313788658010876631e-01
-7.174740998611950360e-01
5.908287157397751344e-02
-4.682940478328303513e-01
1.278389456047108297e+00
-1.599041640440157508e-01
3.434475016646407752e-01
5.298893887372377876e-01
1.271017888564745846e+00
4.989784513798678489e-01
5.323395512496276183e-02
2.552458913706745491e-01
-4.349280764290375245e-01
4.879100011491557254e-01
2.932421669966434052e-02
-7.434929772816545324e-02
-5.206566978335560592e-01
1.679954195619721702e-01
1.222094759127381636e+00
-2.252884199853886216e-01
-8.332280781704399786e-01
9.098365503757674944e-01
-2.877984781395426239e-02
-4.816541155792419815e-01
4.298510962071597774e-01
5.793174686341124868e-01
-8.023198631905756883e-01
-5.058622958872147635e-01
-3.550786216558057262e-01
7.178702784470836207e-01
-2.835979814488540640e-01
7.079580875002209339e-01
2.937726055924088087e-01
4.380613376664062031e-01
1.345119458199661722e-02
1.351680709185130169e+00
1.286155748742293881e+00
-2.796405069340242022e-01
1.437514291535171296e-01
2.213863650186702614e-01
9.241146423877637517e-01
-6.096803453002550555e-01
2.758861953433751069e-01
-7.349036701752567069e-01
7.513181949767364642e-01
3.608166209916348066e-01
-5.189187290858665591e-02
1.161614600671756037e+00
-4.994884874853759982e-01
4.837525532963198316e-01
-1.811840736794447793e-01
-4.740938749618530679e-01
1.773974272685920894e-01
2.153115758453649775e-01
-4.631904815905496520e-01
-4.551008300425394282e-01
2.761585841072067282e-01
-8.323878679771699041e-01
8.988880136155223965e-01
-5.923434784766463679e-01
-3.202569625277851273e-01
-8.000372732889680094e-01
8.727684081188424869e-01
-2.239434122598691346e-01
-4.831317400443913002e-01
-4.142097243527818051e-01
1.234920059003687953e-01
9.168475013742760638e-01
2.824290769682864521e-01
-5.469915729078325128e-01
1.143852250054351316e-01
-6.080601332481823107e-01
-4.804553251652370349e-01
-2.858506409830816608e-01
-3.349846698158538416e-01
3.307698633180677916e-01
-4.701439466257673061e-01
2.476063595642781223e-01
-1.122717666793735081e+00
-8.651285900744030144e-01
-8.605391761578928822e-03
6.646495455004677311e-01
-4.212832692165076054e-01
-2.706994728828036045e-01
2.415321912337908827e-02
-6.188146995799463923e-01
-6.970660033695645907e-01
1.171585481180123622e+00
7.582166663049427768e-02
-3.310601978785250310e-01
2.426863147939659626e-01
3.728774175280191727e-01
-1.362056888896854723e+00
-1.829932576533108257e+00
-8.032751407571758762e-01
-8.116382328991944561e-01
-6.886583106260379950e-01
1.775705860254737090e-01
-8.332845970410307501e-02
-5.805949528913370017e-01
2.678213840621257447e-01
2.433768779471421340e-01
9.092282723310649573e-01
4.601864110106301808e-01
5.859131478665595694e-01
-4.369016785852828377e-01
2.979407176449067052e-01
-1.909696394818194420e-01
8.512840438003088650e-01
-8.383496538109413976e-01
1.382908200336308013e-01
-5.482641765457181293e-01
6.720224409078650041e-01
9.140681137638964060e-01
-3.723139535599386818e-01
-1.047448127838194409e+00
3.116510388973985357e-01
-7.053038676175225064e-01
7.168770510130739737e-01
-5.581309702385608418e-01
-8.061952906581870693e-01
8.941857722940866893e-01
-3.138715253908266334e-01
-6.453020934914581730e-01
1.049212568384234601e+00
3.894775698699470823e-01
2.174711441601466788e-01
1.078671216835109803e+00
-5.551130730506930178e-01
-2.622486113821240750e-01
-1.216626829849756231e+00
-5.520575071270101830e-01
-9.726564674100437458e-01
4.536534807003054226e-01
-9.255114101062638099e-01
1.731965131814829917e-01
-1.823798584920970356e-01
2.676748104665858108e-01
1.337986022294233024e-01
8.675996116910233980e-01
-2.409562989825912993e-01
3.148019055681192668e-01
-5.959217419018347783e-02
7.555261349485853373e-02
1.694426519599883108e-01
-7.821842581040829856e-01
8.381959857386434010e-01
5.514909083281951396e-01
4.933398888259326043e-01
4.068032324656929433e-01
-6.438630553234361287e-01
3.351436585779197230e-01
2.098843754820194363e-01
2.238076033225313566e-01
9.235742543161329365e-02
8.093348946772422892e-01
8.040075376313415845e-01
7.471049192699377173e-01
-3.420983960039407634e-01
2.513662122648829822e-01
4.124143124941417327e-01
-6.087210794451216600e-01
6.533203690949473952e-02
1.641802483541601632e+00
2.823842002433529785e-01
-1.268926799256542282e-01
-6.503334954068460405e-01
1.083118603370744282e+00
-2.243630030467933523e-01
3.222785483138608242e-01
8.975783891030664208e-01
1.246369268899227833e+00
-1.457658858123522805e-02
2.621471657037588443e-02
3.211413484983616229e-02
-3.221405567345900778e-01
5.966620599880965159e-01
-4.648182848216908525e-02
8.974385889039364628e-01
-2.432310152742926945e-01
2.155772644658959791e-01
5.677447094991183718e-02
-4.419731068469641144e-01
2.731514025027248493e-01
1.153607373879413700e+00
5.291507157006494211e-01
-3.532226548404713284e-01
-8.075272289441270956e-01
8.445966421550110681e-02
4.207345085054958744e-01
3.654344111327745281e-01
1.973439414968058969e-01
-7.813721001837325986e-01
-8.376822770882617064e-01
6.806594288658569525e-01
-5.119659430909004882e-01
-1.362108614531658546e-01
-3.298747705572226963e-01
8.633455676214776275e-01
4.833538507822590091e-01
3.953590426392246115e-01
-2.025225288152219250e-01
-6.742878136056296157e-01
7.645054029099824788e-01
-2.205895294852471267e-01
-2.182922817434942431e-01
1.740386554334598657e-01
-9.285070612424419778e-01
-2.640644404911220988e-01
1.178493723248150715e-01
-1.326465973880530669e-03
2.963176279686328130e-01
-9.124606817260003666e-01
5.754281716814277914e-01
-6.624601348435152914e-01
1.557501023468695678e+00
5.832165424599233816e-01
-6.523481317752111153e-01
1.577403799279775143e-01
-4.001612444642645983e-01
-2.445479529607670344e-01
1.275443758088890434e+00
5.624123069338260450e-02
2.687366620522801952e-01
-3.239266242684308850e-01
-1.057924236044767596e+00
-6.458988277064481309e-02
3.970914355981589594e-01
-1.323181583011088236e-01
-3.202732535072954079e-01
-1.626199371584662323e+00
-4.267258051900473248e-01
-3.700209555978108966e-01
-1.021853613467724742e-01
1.537820447823392556e-01
9.311996098087327312e-02
2.139278860851279163e-01
1.220145771978042859e-01
-1.331250954933764774e-01
1.708789254194353902e-02
4.205677395154872045e-01
-5.528982257806154266e-01
7.381508669066398909e-01
-4.453997531730022885e-01
-7.880464993265228202e-01
2.187308653274495640e-01
-8.462440424728558952e-01
-1.121797264688292550e+00
-4.529213367831976811e-01
3.426538379386254718e-01
2.258793691811558091e-01
1.857425735185271876e-01
-4.938024688440076915e-01
1.070686601376426239e+00
-9.634375048616306003e-03
-1.247384293498656760e-01
1.854648837501819969e-01
2.012373981546478063e-01
9.229312405565863742e-01
5.794802154238780645e-01
6.055237192819085124e-02
-1.031441360615483305e+00
-2.079387778429362399e-01
-7.233235892564700009e-01
1.053943834648617184e+00
7.635623089166809763e-01
-7.052192724021333348e-01
-6.278630870701276123e-01
5.668465250839069824e-01
-2.831930827387569849e-01
1.105085365238487327e-01
3.294472024895771511e-01
-1.110881315401403668e+00
1.021356834611230724e+00
-4.543011579035329817e-01
1.200633184218866667e+00
1.103939779125178156e+00
6.671970010460164247e-01
-3.917583224663472308e-01
-1.594244171372061203e-02
4.065965330960725765e-01
1.031723170830067815e-01
1.890372651131579929e+00
1.391675538780052790e-01
5.192732143860556704e-01
1.083521686967925390e-01
-8.586987892321733540e-01
7.605360500905220533e-01
3.893091648791404680e-01
4.976399591215541207e-01
1.000483260879944325e+00
3.278895067614584491e-01
1.162350166687673436e+00
-2.616313873346038932e-01
1.522858382381819808e-01
1.318819568753326621e-02
1.443261119310044194e-01
-4.203219533834907651e-01
1.020026674470306816e-01
1.008265590836584735e+00
1.265924190334111188e-01
9.171813941786686186e-01
5.848215342794116367e-02
-2.002816606667163768e-01
4.587386258199144251e-01
1.159777847060183831e-01
1.160504212712243799e+00
5.020311632101623900e-01
-1.030111920326106656e-01
-5.377617944295467467e-01
-5.315244515983863494e-01
-5.212432328106988422e-01
-6.657054992987445630e-01
7.843575234593558321e-01
-8.567449812130920606e-01
3.416835457961919786e-02
5.656946964618336793e-01
-1.168628191806915240e-01
5.386924655345080026e-01
-1.061673805523888348e-02
-1.321705903277718974e+00
-9.202460472530082924e-01
-2.391963287967797669e-01
5.972122749437431821e-01
-8.812440909027010605e-01
5.333976306873253748e-01
-6.114246762008850311e-01
-9.541923859721102019e-01
1.225201591381930299e-01
-5.901892616669037750e-01
4.739447636196372216e-01
9.281880616990871857e-01
-7.950362591408488555e-02
-1.635383106623580218e-01
-3.835872358942911120e-01
6.341386688710217712e-01
1.103458159781967041e-01
1.212592965131591427e+00
