3.318000000000000000e+03
2.849000000000000000e+03
2.465000000000000000e+03
3.271000000000000000e+03
2.664000000000000000e+03
4.889000000000000000e+03
4.887000000000000000e+03
4.890000000000000000e+03
1.852000000000000000e+03
1.475000000000000000e+03
2.035000000000000000e+03
4.370000000000000000e+03
1.565000000000000000e+03
3.572000000000000000e+03
1.547000000000000000e+03
6.780000000000000000e+02
1.015000000000000000e+03
1.326000000000000000e+03
1.288000000000000000e+03
1.750000000000000000e+03
1.601000000000000000e+03
1.682000000000000000e+03
2.152000000000000000e+03
2.448000000000000000e+03
1.715000000000000000e+03
2.754000000000000000e+03
1.854000000000000000e+03
2.293000000000000000e+03
1.818000000000000000e+03
1.229000000000000000e+03
2.698000000000000000e+03
2.211000000000000000e+03
1.550000000000000000e+03
2.349000000000000000e+03
2.474000000000000000e+03
9.280000000000000000e+02
1.853000000000000000e+03
3.172000000000000000e+03
3.069000000000000000e+03
1.074000000000000000e+03
1.668000000000000000e+03
2.388000000000000000e+03
1.428000000000000000e+03
4.416000000000000000e+03
3.412000000000000000e+03
2.256000000000000000e+03
2.412000000000000000e+03
4.229000000000000000e+03
1.135000000000000000e+03
2.057000000000000000e+03
3.422000000000000000e+03
5.846000000000000000e+03
1.142000000000000000e+03
1.324000000000000000e+03
4.935000000000000000e+03
4.481000000000000000e+03
4.141000000000000000e+03
3.502000000000000000e+03
4.720000000000000000e+03
4.545000000000000000e+03
5.081000000000000000e+03
5.604000000000000000e+03
5.967000000000000000e+03
5.047000000000000000e+03
5.437000000000000000e+03
4.298000000000000000e+03
4.260000000000000000e+03
5.022000000000000000e+03
5.416000000000000000e+03
5.144000000000000000e+03
4.614000000000000000e+03
1.125000000000000000e+03
5.370000000000000000e+03
8.770000000000000000e+02
4.880000000000000000e+03
4.931000000000000000e+03
8.960000000000000000e+02
1.520000000000000000e+03
4.912000000000000000e+03
4.903000000000000000e+03
4.797000000000000000e+03
4.411000000000000000e+03
4.760000000000000000e+03
6.080000000000000000e+02
4.592000000000000000e+03
5.000000000000000000e+03
5.456000000000000000e+03
5.505000000000000000e+03
4.740000000000000000e+03
4.617000000000000000e+03
4.428000000000000000e+03
5.151000000000000000e+03
5.120000000000000000e+02
5.208000000000000000e+03
5.038000000000000000e+03
5.288000000000000000e+03
5.450000000000000000e+02
5.101000000000000000e+03
5.353000000000000000e+03
4.889000000000000000e+03
