-7.570625070050738259e-01
-1.009583120988195137e+00
-4.211316608582862386e-01
5.930947145048079960e-01
-1.206729391553684749e+00
-1.393811257623225330e-01
1.071799514461877934e+00
1.791512126993202614e+00
-9.335710384765292247e-01
-2.967549441784438358e-01
5.651933117887928404e-01
4.292205717518990937e-01
1.856764594613380837e+00
3.559865104684334369e-02
-1.390839585636257425e+00
7.754938164183080573e-01
-3.354254025030725117e-01
-1.793604497955211485e+00
1.171602304014864870e-01
-3.138589839249945612e-01
6.690588442265568148e-01
-1.645927849624946315e+00
6.522674864702686648e-01
-5.796886497019588802e-01
-3.016594232281200050e-02
4.080615817136248324e-01
-1.778510680733225158e-01
-3.647918435596571030e-01
1.432802719960903914e-01
-1.297370370771883774e+00
-8.480140603916819231e-01
-8.519586527838471923e-01
-5.681514449005895528e-01
-1.421039560845814620e+00
1.623795553081239795e+00
7.085668957099287013e-01
-1.766911242389091363e+00
2.922197110662105857e-01
5.538478621667479729e-01
-1.805322519537911674e+00
6.495959960986930071e-02
-1.873022034424991489e-01
3.935329148839796787e-01
-1.491177624491604625e+00
-7.579600043184475666e-01
-8.196001990211341237e-01
1.195100311364747370e-01
-8.081783082987570310e-02
-1.274880590711857664e-01
1.448970269126133026e+00
8.105901441754408410e-01
-1.477445650450581738e-01
-3.713302575900687685e-01
-7.401300753036244018e-01
6.034035006543261304e-01
1.110483694274194910e+00
-1.314566458273525029e+00
-1.770376500453353152e+00
8.701419908219998334e-01
-1.037844339805880090e+00
9.403876557681982717e-01
4.724202622384847672e-01
-1.385883550764174466e+00
1.578005813023787951e+00
1.569236000120977081e+00
7.816336882299435018e-02
1.180724061736039943e+00
-1.060332353721626486e+00
1.076368328207162328e+00
5.846652641317406918e-01
-7.180468978547107639e-01
1.206954138220731387e+00
-1.723187996866359928e+00
-4.274056853266285927e-01
1.694304509674521952e+00
-1.400664165583345167e-01
1.463593847141506643e-01
1.534596240715240256e+00
-1.469795759393133228e+00
-1.029455100561152303e+00
-1.674756065304529251e+00
-1.044703474925170017e+00
-9.638670294581066500e-01
-1.246234161596557755e-01
-1.756909112326131783e+00
1.144881252939169869e+00
2.295533279847026265e-01
9.304499821497902445e-01
7.310220028438996209e-01
-1.215596800105824826e-01
6.958477922246171232e-01
1.004705783574344480e+00
-3.755428788069385959e-01
-6.493632863270804023e-01
-1.045763111623774222e-01
-1.184756572365748273e+00
3.701805815817325040e-01
1.428072357516219526e+00
1.922935086063581878e-02
1.125566159184200998e+00
1.728646120911882633e+00
-8.263600536224835480e-02
1.908402240450368659e+00
-9.180131877494908110e-01
1.583940807044781351e+00
2.011118722871172437e-01
-1.000023879540901106e+00
-1.202508731668503472e+00
8.513734377673110032e-01
8.090161673607241255e-01
-7.553878402291980265e-01
-1.534492633059423294e+00
2.614037579876828943e-01
-7.896657717982433766e-01
3.213682194813261006e-01
1.068339314210987823e+00
-1.174931026070579421e+00
-5.514092498491844907e-01
1.496678455072288472e+00
3.339623904551363154e-01
-7.964268117213171294e-01
-4.656358299582752380e-02
-1.523038318537803804e-01
-6.280699565149214791e-01
1.021896331419038795e+00
-6.256083379190435778e-02
-1.599616510706234340e+00
7.524875149284691034e-01
1.440030935834874626e+00
-3.453256098858350498e-01
6.155528522591104945e-01
-2.617770973800501721e-01
-1.928428548420018540e+00
8.941096097319736202e-01
-7.601039429193825470e-01
-9.346309746971535048e-01
9.238906595842708569e-01
-1.062045686378896292e-01
1.794125249945757616e+00
-1.633862272308080676e+00
2.519784299902578795e-01
1.456196301381218916e+00
5.117038747581892366e-01
-1.479174186882988629e+00
4.950539571196390654e-01
1.434911075048916906e+00
1.130639106906052405e+00
1.181691676652122602e+00
9.679400180473241022e-01
-3.260809687069636809e-01
-8.443174708023626351e-02
2.443207169433749826e-01
-2.966041258828520100e-01
-8.244671951965472090e-01
-3.582239233416295576e-02
7.726559901991825186e-01
-7.478885662728549377e-01
1.712026802083768118e+00
1.108272142096540236e+00
6.070713293126139831e-02
7.798882149512120776e-01
-1.607157187401870413e+00
8.243083777977489035e-01
1.992240825677784599e-01
-3.524137966532192578e-01
4.276903826576905487e-02
4.975262286777502041e-01
-1.496661116211748244e+00
5.562466777576968724e-01
-1.177181371429583123e+00
1.458198869063673797e+00
2.909932022661188000e-02
1.861842504575439428e+00
1.879190726584195836e+00
-1.376847392905360401e+00
-1.185693640150835115e+00
7.867327219692610285e-01
-1.594595864466166191e-01
-1.636311535482493085e-01
-1.644616583747657845e+00
7.582134322589251241e-01
1.144381152523298084e+00
-1.829848954906099223e-01
9.812952633259488522e-01
2.801208128435490607e-01
1.886754887691521887e-01
1.139223225936484063e+00
2.053338689730193067e-01
1.435828429068786605e+00
-1.881698122669064777e+00
8.778646487073613613e-01
-9.552409388800757739e-01
-3.014262699073659846e-01
1.296641290176653527e+00
8.627782505055314743e-02
4.250982958668370060e-01
-1.492269742184096692e+00
5.817037603191819173e-01
1.199406933703528466e-01
4.481273954922890823e-01
-1.335640892562039994e-02
-2.197926569390551421e-01
8.060974910919362912e-01
-5.932865549679355865e-02
-3.691122101313206727e-01
-7.805631410554880745e-02
9.805090746569788962e-01
4.253041462711522058e-01
8.782278695804794921e-01
2.837290132956464817e-01
4.075125469258775723e-01
8.737465474487073891e-01
5.834773395994750089e-01
4.429942064767544707e-02
-1.429687317102810606e+00
-1.726124203106917943e+00
8.644324651875479049e-02
1.450563232193850638e+00
-6.058447553218009318e-01
-2.894083992012213002e-01
-6.456035834649789251e-01
1.620058134459787524e+00
9.477069450314301591e-01
-7.256886392824473120e-01
8.212518846218070934e-01
9.422693670057231685e-01
-1.427092639899955717e+00
-7.026514582522684904e-01
-1.529011976392471439e+00
7.759151513833595359e-01
-1.610470148121804002e+00
-2.997765244699737153e-01
-5.471098410839658754e-02
1.415749066717858717e+00
1.714767718796808893e+00
1.030556702947743375e+00
-5.547559105506447708e-01
1.738603729682753674e+00
6.215344678146763613e-01
1.015943318982603927e-01
8.485757765752843795e-01
-1.774302778937331126e+00
-1.127518289346038927e+00
9.806550135374649813e-01
-1.669025606055165589e+00
-1.369630197581029663e+00
-7.134265006113142960e-01
5.970501382910153865e-01
-1.498507177470003171e-01
-5.324465246210063896e-01
-4.737750482036799937e-01
1.223400678787358586e-01
-6.162765267190337681e-01
-2.351227744750303827e-01
-1.168073629525492318e+00
-1.511451061422171005e+00
-6.794023595754250522e-01
-1.097077683656950686e+00
1.262378528229679553e+00
-1.012037295843495333e+00
-7.875957236466142319e-01
-1.761271389560903344e-02
3.668470129057874729e-01
-7.445448552057154501e-01
-4.758136597487272468e-02
6.268438125961921514e-01
2.564694516756214071e-01
-6.543851859311500263e-01
-4.562187018617755996e-01
-8.979064842006412306e-01
1.458779893767061964e+00
4.493614587209213695e-01
3.910627904499373031e-01
-3.137586805674086321e-02
-1.645689534266656651e-01
8.654544623131856795e-01
8.952547248904316746e-01
2.886797659081281608e-01
4.335343616502953523e-01
1.070996837406594793e+00
1.304123931613151655e+00
-4.152242606907190492e-01
-4.119998633502346408e-01
6.025356426783554653e-01
-1.272269169583307935e+00
-9.574686421591493968e-02
5.793001015327341463e-01
-1.086745855259457105e+00
-1.505470631739234566e+00
7.565498139479300832e-01
1.495690811872623094e+00
-1.259408091075085778e+00
-8.457310410560658909e-01
5.335005474437615192e-02
3.870127093845692201e-01
1.362347603445264177e+00
1.467283858072172542e+00
1.093341646944035794e+00
1.488928360701425646e+00
1.008831384726556202e+00
1.543794986723137086e+00
-1.497661672794449839e+00
-8.812132271737107558e-01
-9.299161868715879464e-01
-1.157544628294078670e+00
1.358579643315698249e+00
-1.121511213299411391e+00
-4.653708695161178355e-01
4.133157418556336893e-01
-7.191606162446912975e-01
8.926839169269644714e-01
1.295608772989762514e+00
2.747348600599899271e-01
1.036566622777743696e+00
-9.215264067684003635e-02
-6.339463193964114396e-01
-2.160002488614507499e-01
3.509581493490294690e-01
-9.832779175959673879e-01
-8.729113260189782508e-01
-1.726613085725432484e-01
9.996484135395942161e-01
-5.381266061913967391e-01
-1.353752975613947918e+00
7.645034229787048830e-01
-3.264190667743553931e-01
9.383179763346873870e-01
1.641380863091503883e+00
-8.292680599765533955e-01
-1.086437932903077552e+00
6.467127900983111743e-01
-1.341162068510330929e+00
8.679736985410286820e-01
6.810646900681600613e-01
-1.068602403658438504e+00
-1.791580903884670839e+00
-1.797681892126216319e+00
1.090981327240508669e+00
1.159416999015183691e+00
-3.119888997491750970e-01
-2.178712686778059293e-01
9.186460145622792339e-01
1.591821894492850831e+00
-5.929540335669925000e-01
-1.919578561119685833e+00
4.405908961148483627e-01
-7.061639469606495467e-01
1.341230445704361784e+00
-1.510727670274303325e+00
1.934990828101962990e+00
-3.130196987035915868e-01
-7.763471179481706841e-01
-1.004093732441169173e+00
1.745145107104509208e+00
1.422276303755247717e+00
9.978436205623744115e-01
-2.703087030902544541e-01
-7.171995153124033351e-02
1.568331054766034072e+00
4.798075271080426418e-01
1.222937295452766193e-01
-9.909597967943870600e-01
-3.594894753193766945e-01
-8.576484553273733269e-01
-9.241200224557655218e-02
1.880529523532318947e+00
1.105635634860124838e-02
-8.092458125578900763e-01
1.468352056253275251e+00
8.828204138350095320e-01
-3.842218545728748325e-01
-7.396701691410481061e-01
-1.574728227392579782e+00
-3.199594188193088939e-01
-1.980114745722483693e+00
-6.992170334896554706e-01
-8.851625223340020554e-01
6.490472509609999108e-01
-6.274569309209780954e-01
-1.149701000209168100e+00
1.027195813176298600e+00
1.119468861575025898e+00
-1.578198546087977050e+00
2.735210910856666899e-01
-1.322076973275815526e+00
-1.390342080292832794e+00
-1.728233814639514865e+00
-1.189824831268190053e+00
2.480781316054319063e-01
4.459816480800942173e-01
-5.131007530394571248e-01
-2.065809881163440664e-01
4.577446242109317609e-03
-5.009184933784824878e-01
1.040005361989667421e+00
-6.349771879788868034e-01
1.689082392860772330e-01
4.994326358986089787e-01
1.290288461476810866e+00
-7.467244878850589629e-01
-5.892215374693918761e-01
1.639260295799429556e-01
-1.171599739668454987e+00
-3.078063644722019987e-01
-9.009319326113995885e-02
6.808261615460597937e-01
-3.642118453066460759e-01
7.663459418889697616e-01
-8.634512545521451088e-01
1.204618768159769537e+00
-2.614822438575252761e-01
6.489517597820793071e-01
8.714363187317815118e-01
-1.021552404092461508e+00
4.644373208590169000e-01
6.140594931516005772e-01
-6.578802311811653425e-01
1.219449158104732867e+00
1.046139694835598988e+00
-1.805257735996146362e+00
1.246573903219937662e+00
-2.764350974277665074e-01
-1.190344362204088569e+00
1.187662588383176399e+00
1.044028371329542182e+00
-1.350554396182866768e+00
6.031619058160408997e-02
4.271669945955203218e-02
3.130542967244185348e-01
1.440941631565872960e+00
1.747115716378690564e+00
9.031825566336673106e-01
-7.156772447093580070e-01
5.135933983249296730e-01
3.623654903592656851e-01
-1.257354699689540833e+00
-5.723789037211606257e-01
1.522412195843880767e-01
1.381804389830927349e+00
-1.063362669770157698e+00
-4.335682475710749273e-01
-4.004046605304907303e-01
9.753502824494697521e-01
-6.745170493304319947e-01
-2.251729138094002991e-01
-6.493164890303475545e-01
-1.233971811911007688e+00
9.588156921862349691e-01
-1.064206579697584587e+00
7.694482458425877525e-01
1.329347347713616401e-01
4.807296076062712586e-01
1.001019576701196456e+00
1.015408779557863461e+00
-1.555096981355482910e+00
-7.160161544669207956e-02
-1.492359134043364399e+00
3.043019913736149107e-01
-1.896147599778970072e+00
-1.590787981705768406e+00
1.092205684781499819e+00
4.241870602835726700e-01
1.942004877895956660e+00
1.480328997263303137e+00
-4.512415614693896515e-01
-3.381327555516495664e-01
9.405596210408875280e-01
1.531262594171929337e+00
-1.372936747097079913e+00
-3.399204242817734922e-01
-6.365177784447224596e-01
6.822397951677663386e-01
-1.294649921351961552e+00
-7.164260481018018822e-01
1.028610225940147060e+00
6.600820926640356134e-01
-1.630588945980862903e+00
-1.112290542596634513e+00
-1.502393029937427293e+00
-1.630674593170864384e+00
-5.259885686617069567e-01
1.364422939814176061e-01
-1.403448854127282264e+00
-1.669834927702182892e+00
-9.251942472155700870e-01
6.597406183063370122e-02
-2.019165696917539776e-01
1.524615003896997223e+00
-9.134898922440948255e-01
-1.675099304071379080e+00
-1.767804294865924053e+00
-6.151815919723810921e-01
2.355612557825104147e-02
-1.243709563766595139e+00
8.491121536030510342e-01
4.587734187566381294e-01
-2.789682424641233283e-01
-4.727180526394052507e-01
1.573273922318615625e+00
1.774813879949583395e+00
