5.495249202336625061e-01
-8.389467017392338022e-02
4.975370974896691223e-01
-3.136188134926687354e-02
-1.775365033711313600e-01
1.215111560845052452e-01
4.595965580496885750e-01
7.371919099718589052e-01
-3.778268966396964856e-01
3.430802846088099045e-02
-3.621690236798036366e-01
-3.386997671643197094e-01
-6.866313782851740655e-03
3.185308396279253884e-01
-5.916238238744329081e-01
4.819208321562911124e-01
-7.032833697943434714e-01
-2.365041103192657701e-01
8.178776211375016203e-02
-1.901169795887867053e-01
-6.323447660630492351e-01
-3.313088439400253549e-01
-1.287357179508248350e-01
-5.127893840099080336e-01
-3.595788839581990359e-01
-1.397341651010961527e-01
-4.032394880649992075e-02
-4.754552416774480150e-01
3.956780189612647547e-01
1.013189982161186720e-01
-4.778045637044385785e-01
3.192517075988865471e-01
-1.081306238295365318e-01
-4.272817420603436389e-01
7.143200512415823766e-01
3.653353320839958229e-02
-3.527551409085294409e-01
-6.582411546742852337e-01
-4.587221068373885657e-01
-6.564222577013287818e-01
-3.281573218954934035e-01
-3.092108892073834880e-01
-7.489081202543079741e-01
-2.101772477201819811e-01
3.087631398070689315e-01
4.710089391497307432e-01
-1.913667173910456043e-01
-5.490617549311522794e-01
4.930415388465734239e-01
5.312169599772742501e-01
-1.043165025871211071e-01
1.275046421962953147e-01
-5.140761311824890711e-01
-3.434373043004148585e-01
-6.323167217686096464e-01
3.898263694957364578e-01
-2.112572425710199653e-01
4.371034268470168627e-01
3.934291980851583048e-01
-3.809819322362493210e-01
2.633079064164425276e-01
-7.570313220221080996e-02
-3.237203330831954773e-01
5.368944792498320240e-01
4.131465950681647570e-01
-3.475563124936771331e-01
4.801882580550644875e-01
-2.159648176566983935e-01
5.507350975511222657e-01
7.200225917979308221e-01
5.817692495625248483e-02
1.940922425327844536e-01
-5.289500931776069947e-01
2.021325180769704133e-01
-2.490551985918703082e-01
2.289170991997027116e-01
-3.351990350060063406e-04
7.557876122228934790e-01
1.787902006905461860e-01
-4.701041951099860228e-02
-7.908679095898776268e-01
3.037045005106930873e-01
-4.923648957052799702e-01
2.149838043686589373e-01
1.406965204255286039e-01
2.415112369181482421e-01
1.253085599941714534e-01
1.274197093948634674e-01
-7.157954373696604478e-01
5.002056713737692561e-01
7.675380309860102557e-02
4.579945783924621594e-01
-9.028765342741174038e-02
2.091858235813282008e-01
-2.551307550713026728e-01
-4.742311310638260835e-01
-2.175201910662387661e-01
1.231482521914557537e-01
4.354843453896961591e-01
5.176137706622574441e-01
1.461136002909313447e-02
-2.023638595915251415e-01
7.339284731694215580e-01
-6.983873605437409537e-01
6.802056803163658572e-02
-2.530468691515643798e-01
-2.829765344618691003e-01
-5.006125861968362400e-01
2.686721754245313676e-01
5.669018455574370563e-01
-3.024916524686274144e-01
-7.551422466776580578e-01
-4.992811063580582243e-02
-2.969917072462546770e-01
6.552410793129581634e-02
1.262325457081914237e-01
-6.111946236129162102e-01
7.074347162769045738e-01
6.166569191743924705e-01
-6.985238794372339299e-02
-5.337792852121463483e-01
-3.224799674462186516e-01
-1.759944944975373460e-01
-7.511147953533212629e-01
6.593419524829560174e-01
5.105666265586421559e-01
-6.793851216488064892e-01
6.005830852030236144e-01
-4.801072725208666014e-01
-4.545611047379960468e-02
4.004578786807853064e-01
-1.523893902575146342e-01
-8.566481796575864394e-02
-4.774710923935412410e-01
-8.700679399674626779e-02
2.354353177187240576e-01
-3.876073603689427216e-01
1.104932368440261214e-01
4.054494486719883994e-01
-3.977956744894486363e-01
-3.610356751743175607e-01
-2.919447998351110130e-01
2.124856947033437748e-01
-5.914555926069038350e-01
-2.012596706091702714e-01
-1.895158835118229135e-01
7.494000245885761302e-01
-5.290803058310808993e-01
-3.351139295363418924e-01
-3.149199298369911304e-01
-1.733307924677847112e-01
-1.631892199367115381e-01
6.225416150803830817e-01
7.170048072563606212e-02
7.303789606110751009e-01
6.566986811931609935e-01
-3.507857232249698143e-01
4.191328522205042262e-01
5.207046136061546093e-01
-4.784436090090276039e-01
7.803357829969055359e-01
7.780450674391481414e-03
-6.934034432418556548e-02
-1.837617655029157859e-01
-4.825162244866243455e-01
-3.726956491612511968e-01
2.755466598271745227e-01
-1.911113014674956645e-01
-5.278282334865895820e-01
-4.316587291214846189e-01
2.488092250237006198e-01
-1.255410975090915926e-01
3.657032139849789587e-01
5.521428944711850306e-01
-2.306117022867226751e-02
-1.648428438153288766e-01
-7.024240110810886506e-02
3.520417375581494923e-01
4.505195970066342426e-01
-3.514350168981827949e-03
6.328614564973031875e-01
7.153208724122261941e-01
5.358148440864516360e-01
1.005269120051792697e-01
-6.028547448658443386e-01
2.802829972729456998e-01
8.610946211769388015e-03
-4.961279230796131756e-01
3.300713127428975824e-01
-5.707928398663160152e-01
6.596646400380015152e-01
-6.062545823363834074e-01
-5.973700778774659881e-01
2.896051151570677717e-01
-4.030056509721209324e-01
4.291197767605359203e-01
-5.357633958565006793e-01
5.227041887596994840e-01
-4.377029334207236388e-01
-2.815245957961556300e-01
-4.838306177258733243e-01
-4.471065344885056803e-01
5.131922335783700717e-01
2.025029883344036108e-01
6.935692417889143258e-01
3.138093449708936333e-01
6.013190150998344308e-01
-5.062731917559020189e-01
2.258860390371406623e-01
-1.773727383774126309e-02
1.510004272938569869e-01
-1.820305360221778912e-01
-2.744026146745071060e-02
-6.113265392123610198e-01
9.569190305196073609e-02
-2.672381526724949552e-01
5.977579790615550337e-02
3.154048648914873354e-01
-2.987078486634739960e-01
-4.873961430481017487e-01
7.722510007530605236e-01
-2.129950955781723110e-02
-1.290602872736101858e-02
-5.309563335182296839e-01
9.822685375547912656e-02
-3.415493985679249889e-01
-4.173402862143147374e-01
2.076536674869693400e-01
-7.782525595555771503e-01
2.838803960271052418e-01
-2.270627511361009709e-01
-5.198137200681989256e-01
1.102392004881984633e-01
6.065257538824084804e-01
-2.591860432760988431e-01
-6.242726417821176099e-01
2.182063565633471924e-01
-3.823431448035039537e-01
1.374429668994388010e-01
-1.736745521307474505e-01
6.094652192233791510e-01
-7.451900627007113087e-02
1.142562737806773754e-02
5.537917836144146122e-01
-2.063832749146623513e-01
-1.718172499797638864e-01
-4.733851323182287629e-01
6.583976653421395042e-01
1.082100885597050421e-01
6.716221960957478032e-01
-3.089420158756164270e-01
1.136877667741078568e-01
-5.693505103148082114e-01
5.311447165708562679e-01
-5.284168848574868349e-01
-6.824011460788019789e-01
-8.114018412764956167e-02
-2.866189523245132875e-03
7.703372009883580063e-02
4.553672436089319930e-01
-6.414020492877705593e-01
3.551032549151598161e-01
-7.067400312680760521e-02
-2.122862727149614770e-01
5.624910788341885848e-01
-1.914356922282784979e-01
-6.830682073013729649e-01
-4.580571948575853369e-01
1.271095521939713535e-02
4.130815959478182364e-01
-1.172017030000835902e-01
-2.656348561087353843e-01
4.046016485662748963e-01
6.157759569054199744e-01
-5.806374966612173338e-01
1.433616302300331213e-01
4.069615235182757473e-01
6.530571629785821841e-01
9.352026001940938471e-02
-1.233529112060338662e-02
5.425386142995076710e-01
-8.040879232922470976e-02
-7.680041059493998290e-01
-3.436575066574141246e-01
-4.191441191319036363e-01
-1.585890372663527614e-01
-4.417842608268003346e-01
-7.070280308674838921e-01
-2.462858213933305507e-01
3.733878807892914153e-01
1.004021415056755018e-01
5.172408176460638884e-01
1.205593658173773619e-01
-4.025826736203486078e-01
-2.559395360708087708e-01
7.119383025204584214e-02
-2.333768167957162021e-01
6.502579648958288772e-01
6.554676475095657651e-01
1.866729186592799294e-01
1.644092371305374556e-01
-8.481669353966481140e-02
-3.699315759293160255e-01
4.728430360986148884e-01
-6.104709116406876745e-01
4.117844568313220321e-01
-7.489898031199810902e-01
2.481055700188203872e-01
3.719895020462313795e-01
-5.298110730830298820e-01
-1.212175246777249527e-01
5.340076111422309424e-02
-6.591605863556324607e-01
2.984974472988035643e-01
2.307439774572497271e-01
-1.869357116867682578e-01
-4.191913755724208102e-01
4.443911994215588024e-01
3.016675407959894528e-01
3.275003681310773018e-01
-1.379094917297898348e-01
6.143220351250953115e-01
-7.850525347537296028e-02
-9.576243686390384369e-02
3.412327321655164170e-01
5.688018333835964668e-01
-2.894351191742234874e-01
5.175618943963353757e-01
-6.889874422096120554e-02
-8.156973021477034180e-01
2.330483004290506699e-02
-7.695728649374791175e-01
-6.761994200994738691e-01
-3.136046036960404848e-02
7.385667251782557230e-02
-4.907752866922212576e-01
-4.384317425296648807e-01
4.281465256053085255e-02
5.749864003474804974e-01
2.539060093617004910e-01
-2.816160472310986762e-01
-1.600305284982228571e-01
5.705594155773496823e-02
-3.343925779693934786e-01
-1.027699811836608745e-01
1.137947873296205614e-01
-3.694431338720551850e-01
4.747990868802451914e-01
-3.847715071425348299e-01
1.994147808067143757e-01
-3.704603327533453339e-01
-1.411769954546988615e-01
4.552044408617019755e-01
2.297594514614198502e-01
5.331859609801075095e-01
3.280261682619203256e-01
-4.942806620837023601e-01
4.573428891354494041e-01
7.448254446422755137e-01
1.190261004780879261e-01
-1.294096271062690207e-01
-4.652039933108342851e-01
4.512717076281234085e-01
1.518968373120523907e-01
2.009835928154064533e-01
4.477512761598259061e-01
-1.510723219587362109e-02
-5.149375147066832525e-01
4.598480314968922400e-01
-2.989391879034926092e-01
-5.006548845879130738e-01
-1.820760148031563830e-01
2.296469575879713787e-01
-5.642252487877943423e-01
-3.153614313560249016e-01
-2.305775213129397372e-01
-1.781829738023352760e-01
-5.612745509438399338e-01
2.094729237153938328e-01
-3.556515637640202954e-01
2.197864602019716784e-01
-4.835397086487080998e-02
5.214140601818062493e-01
5.320126225788968100e-02
-1.429234796550442610e-01
-2.818573839300668737e-01
-4.685624627386957286e-01
-2.811603768645012380e-01
-7.337368636367394004e-01
7.155273934826560378e-01
1.992536341460731109e-01
2.249705549889391420e-01
4.988914980400691590e-01
3.080914231756359811e-01
4.309902040039421678e-01
3.281730248031333730e-02
2.363320386602829615e-01
6.029355607847142196e-01
1.552501673063391152e-01
2.077353087983446756e-01
-6.515861152779560683e-01
-1.715012767292067863e-01
-3.712210902596355666e-01
-2.764118579899772499e-01
-1.044662398439761830e-01
-3.535380616237828733e-01
6.751145004768677182e-02
5.188380983764293575e-01
-6.486592423233012994e-01
-2.844840493807607729e-01
1.027591232620475026e-01
5.826646275007973941e-02
5.551115811279725420e-01
4.043390055383841997e-01
3.735208595315082647e-01
-5.093285507145717261e-01
1.034284006367691688e-02
-1.603834553679375219e-01
3.013109797760984421e-01
-6.901827064580388083e-01
1.095084292599963760e-01
-2.090382962717391990e-01
-4.434899931611502311e-01
7.017557185146818810e-01
5.598078737033773677e-02
4.497243465582574373e-01
1.405523631414853369e-01
-6.665945672777118247e-01
-3.066387906661942608e-01
7.084786736656667472e-01
-1.740284702149494933e-01
5.578056955253307692e-01
-4.643903905548265598e-01
-2.186656627064653691e-02
4.619200877684290774e-01
-2.287312004609809435e-01
6.326966448712898483e-01
-6.336008421778158706e-01
-3.215807708490814321e-02
-7.735217859419938335e-01
-4.203929497287113293e-01
7.115780734340306779e-01
6.800279050329436359e-01
-2.670786601786865333e-01
2.419294973340182509e-01
3.190883923085685581e-01
2.171540557300843943e-01
-5.271331988200049778e-01
-5.453115191809665419e-01
-2.528268339248782581e-01
-1.089961353686241807e-02
-1.469196386217053174e-01
2.783662801554989130e-01
5.737976721742850117e-01
2.143844035257469471e-02
4.039182719106335639e-01
8.408182694346955088e-02
-5.622027065373895738e-01
-9.330868958528171220e-02
-3.125473872289132871e-01
3.063594494743462349e-01
5.028960965110238490e-01
-1.918044114989196913e-01
3.653484815823313525e-01
4.445710413067516242e-02
-2.010202645541259159e-01
-6.345426858763412170e-01
3.077127685034719562e-01
-2.963497995726314116e-01
7.473739964348933285e-01
-7.637058008731489878e-02
1.752999957389587138e-01
-3.268474248786015224e-01
-3.390574987887866598e-01
2.748744780795151499e-01
-2.259235232611667143e-01
-4.998839958121541471e-01
-6.586273258870480873e-01
-3.690182386122611291e-01
-7.435879851803912644e-01
4.863584941006209306e-01
1.407969281360363922e-01
-2.360731780382252509e-02
-1.903841219537998342e-01
8.963516575087115967e-02
-8.225540111193296866e-02
-2.881867337863681655e-01
-4.479991387436328409e-01
-5.464846232462665654e-01
-6.277544593224977376e-01
-4.218151145854722728e-01
6.654355133066589545e-01
1.467438667319704848e-01
-6.807818437999824113e-01
6.702694624121798839e-01
4.962204145585982218e-01
-3.780711098861271324e-01
3.761544193554513527e-01
3.133494959338447572e-01
3.493902569086939636e-01
-5.526629530356386155e-01
4.750852655802102475e-01
5.768142479849309723e-01
1.834553713821023280e-01
2.067509753744314338e-01
-5.144703222876234605e-01
6.178128987934705663e-02
5.745531436096147360e-01
-7.351398618261004714e-01
-9.346305490935868932e-02
-2.254711504018018786e-01
4.096325079237592703e-01
-2.284078983648649697e-01
-1.163530710727105344e-01
7.683386704186192517e-01
1.518376610382601299e-01
-4.128286102098028820e-01
5.660076158848568184e-01
2.368080225607389622e-01
3.656349425859950486e-02
1.676820505950447071e-01
-2.047826603961002689e-01
1.710591772138423394e-01
1.493054046077126884e-01
6.918923274686310521e-01
-3.325151917179791639e-01
-1.269671234715552544e-03
-3.967258091005092524e-01
-7.876180644431691746e-01
1.006765779932727867e-01
5.450509563578336270e-01
5.530716167296514385e-01
2.668607283594148782e-01
5.852601280598808131e-01
-9.718105634279261551e-02
3.827181829902839283e-01
-1.623691771069699641e-01
4.197235506992180731e-01
5.103851602932794052e-01
-6.022908943268676651e-01
-4.123835054363951258e-01
-1.891202641377240923e-01
1.804491282764590920e-01
4.149580023461822975e-01
5.580039040971049857e-01
4.333468141753478164e-01
6.603818306533089100e-01
2.848910759638911827e-01
7.154328017618007962e-01
-5.977637514990972178e-01
1.872390938285803941e-01
3.426030930628503057e-01
-3.033640540143354158e-01
-2.348831078578559328e-01
-1.706316325968417758e-01
4.793021343186136818e-01
-3.318112466444489428e-02
-3.510601127659827014e-01
7.197126903660535646e-01
-5.356023592028691382e-02
2.417575749900038318e-01
-3.422032738730873547e-01
2.853068880410338792e-01
-4.537684189658808265e-02
-6.864161822269663205e-01
-6.362501924006203069e-01
-2.178019257881294024e-01
4.523638843917341390e-01
7.056982057362137795e-02
-1.768371011329818998e-01
2.031728824494836161e-01
4.971891313322860384e-01
-4.182730358803121717e-01
-2.892520910321385585e-01
-4.763407892814068845e-01
5.067173600056973370e-01
8.206038426227912908e-02
-6.268647307073118569e-01
7.766922082912888214e-01
-1.415224700083221876e-01
-6.771402339255567782e-01
-3.201453698547229720e-02
-6.349969962021084768e-02
-3.238592638637030063e-01
-4.616609597281700061e-01
-5.005890214081887279e-02
-4.203256423185237622e-01
-1.355118766344052261e-01
-4.498101594120553770e-01
1.586519192096389475e-01
-6.332752772016592147e-01
-3.590431177473369928e-01
-4.582125994202224106e-01
8.932387137499642193e-02
3.421016384175086245e-01
-4.443371247862959450e-02
-7.337860311310926420e-01
7.646529482543389378e-01
5.181116620902601611e-01
-6.785147572920671166e-01
7.900531753763218035e-02
7.087303058859166782e-01
3.494440440083712573e-01
7.290900368246342467e-01
6.748793519991913570e-02
3.850458293789751352e-01
1.489045582119850053e-01
1.268358387898738115e-01
-5.584372163018089807e-01
-1.474664271824739359e-01
-2.899353661171648611e-01
-4.042233180981327223e-01
-5.673065228540048466e-01
1.096490434065060526e-01
-4.009132377821504889e-01
-1.587846544033792995e-01
-5.275931221296374929e-01
-3.408568791227706285e-01
-3.140948390663114154e-01
-6.010639501532804019e-01
-2.280804369372964047e-01
3.215242538914067083e-01
5.397061583200208901e-01
-5.714221615189627457e-01
6.850017767973426430e-02
3.030253835148837283e-01
3.448357987458017249e-03
-1.402615196595142777e-01
-7.310093341715919735e-01
-1.462422486694769930e-02
4.801994000251585959e-01
7.463474320113654414e-01
3.760876475565266830e-01
5.896489635633903603e-01
5.221042104580284615e-01
-4.218290512896887279e-01
5.520683640535395398e-01
2.067846278593332698e-01
-3.401823768095475486e-01
-5.775724924513792047e-02
5.772147234586793019e-01
-6.409933264640343964e-02
2.822377414543488783e-01
-5.434471442684802867e-01
-3.522827685818699095e-01
7.608977635435163478e-01
1.758736544021832771e-01
1.553316345564486056e-01
1.274323013625906498e-01
4.325131310825902631e-02
-3.752158131350533665e-01
6.849390261739980446e-01
-2.699938404208879206e-01
3.799343381791144836e-01
5.103832382034356741e-01
-6.727531511534214914e-01
1.497595014739294683e-01
-8.807776148083501511e-02
5.617190773567113382e-01
-2.994620700433445748e-01
-4.288384948954906406e-01
-4.901510863190647882e-01
-7.839379190212776294e-01
4.739644986929016923e-01
-4.656448745086363417e-01
-6.720361000152061948e-01
4.074813892374073987e-03
-5.390950797177707088e-01
3.314159696325127413e-01
1.922408857877559996e-01
3.344964762257696123e-02
2.129901880399645009e-01
6.548748236004318102e-01
1.232316733605642867e-02
-3.815045070820408668e-01
1.772384571525833508e-01
7.702046582758548254e-02
1.635971351022424969e-01
6.130679189084586866e-01
6.187530329226254011e-01
2.848039931571051397e-01
-4.182098510305820582e-04
3.999074818154646493e-01
-3.819293191766712781e-01
4.881390320714018571e-02
-5.490015185114138774e-02
5.314380309981512340e-01
5.667703826981540516e-02
-6.800954003484864785e-01
2.075525340866093416e-01
-6.256112729260898675e-01
2.293631434867737795e-01
4.107978770641951272e-01
-1.323157027280155162e-01
6.151013120363613140e-01
-1.100841648496526659e-01
-3.591116699096819076e-02
-3.687026754627966696e-01
2.779962832586244659e-01
-8.056826962563850003e-01
-6.293870283727365234e-02
-3.366775200201823637e-01
4.140201150644360339e-01
-4.203851559786304648e-01
-1.077531127634863140e-01
4.197000020167518386e-02
-2.519052934191741144e-01
7.180130541480860273e-01
1.299162047035675727e-01
1.922415712068250571e-01
2.068584557473149843e-01
-6.664773609978684732e-01
3.106946029642188023e-02
5.356188983839409445e-01
3.637798660713764676e-01
6.785211395916803667e-01
-7.858092331619310755e-01
2.768323467765574364e-01
2.375948233438585078e-02
5.432436635585302653e-01
-9.469253272707867097e-02
-4.716414458490501005e-01
-2.559993225512418036e-01
-3.720291094185839142e-01
3.778203199922582911e-01
-1.642693463208075855e-01
-5.772551478846184025e-01
5.916888489721827682e-01
6.473035142594714131e-01
1.873619562790231896e-01
-7.129224328170025160e-02
2.659147955738205837e-02
-6.293681635751982029e-01
8.473972268748397596e-02
-5.483286196916452582e-01
2.795904791319898663e-01
1.550776328032110740e-01
3.561981156370990220e-01
1.352738311220686995e-01
1.625719245617398556e-01
-1.567701312106732914e-01
-3.207321428766327642e-01
4.616835401535679395e-01
-6.911106425554791599e-01
-1.031470894594885834e-01
7.869317528632535641e-02
-2.942458515878287884e-01
-5.891898180493022608e-01
5.316221420793665331e-01
4.563203781145936944e-01
-6.336360274824839323e-01
-1.421815350547070977e-01
-2.083645417025401514e-01
6.221891666356906825e-01
-6.756635334660376913e-02
6.274414932962946168e-01
3.088701155194728543e-01
1.905797286082773212e-01
4.881674912698912294e-01
-5.070420564666751062e-01
-2.778115539762211483e-01
1.488864753929419749e-01
7.669776817322384588e-01
3.956293170829017214e-02
4.828815011677711766e-02
-7.146518795377074795e-01
2.486822856683970073e-01
2.528791635993972164e-01
4.754274841881489522e-01
-7.686433471724365418e-01
4.823497023371707826e-01
-4.616447030960291187e-01
-3.865522812241719564e-01
4.971932462242554251e-01
-1.607749097945809780e-02
-4.155361496796219356e-01
3.866731616040643971e-01
-9.845793729642426939e-02
1.776986527823591899e-01
3.789638072179801753e-01
-2.272000875208233239e-01
-2.213111509297229773e-01
-9.893504886211168525e-02
-3.371176857888915634e-01
-6.322322017529282689e-01
-5.189201838332015981e-01
-5.065532517430000325e-01
-3.237158681967553520e-01
-5.715715704842105893e-01
-5.924724366337841275e-03
1.300902244828918697e-01
-8.494706117744676988e-02
4.462472153181558099e-01
-7.189214581566982787e-01
6.995626534701759880e-02
-4.007792598290658148e-01
4.966405555577857456e-02
-4.286118038064907765e-01
-3.089431931662485198e-01
1.858593498703129399e-01
-3.330050484520441501e-02
-3.917046209596257711e-01
-5.090643468651974146e-01
-1.038901238890943546e-03
7.539940426380216110e-01
2.624964656842614374e-01
3.621854511117827968e-01
-2.240301646667388624e-01
-6.224411620993830496e-01
3.194652511237228154e-01
-4.712564716815128563e-01
-3.903459263376083399e-01
3.763421628086920379e-01
5.796473587086117263e-01
2.291646567626806075e-01
7.738133371993853871e-01
4.901158880098268611e-01
-3.220555179443227445e-01
4.693980748056425512e-02
1.474260016202242340e-01
3.472974232779080239e-01
6.231854798595648504e-02
6.120633662083720949e-01
-3.829455857161176979e-01
-1.172396739502534757e-02
2.448928084325707744e-02
-5.928168952336978492e-01
3.929678945344230456e-01
-3.619981515204093725e-01
-7.423690411943510981e-01
-3.209739537387612529e-02
9.431091050637885331e-02
-1.987515642658967963e-01
-1.663781260053465161e-01
2.955019272579404443e-01
2.057896532067715611e-02
3.024460588288508944e-01
-4.186594505077980699e-01
4.692539254281040684e-01
6.063272014442100399e-01
6.973592749186874329e-02
-2.620773818079591422e-01
5.943299752020969606e-02
-3.401554875886958484e-01
-6.923570065576774013e-01
5.421873943942037144e-01
3.737321240703117553e-02
5.835902555239673717e-01
2.924222507032778751e-01
6.785881655719805394e-03
-4.248522151594915641e-01
1.606171691255084966e-01
7.643411884830015879e-01
-5.028934608805446516e-01
-6.085684211571775748e-01
1.746418018297726249e-01
7.188497307091523680e-01
2.361979830445468664e-01
1.213633026220186650e-01
9.450634934888757499e-02
-3.780645038401395652e-01
2.563231433848986995e-01
4.603858426781579638e-01
2.677268677751332149e-01
-6.011362493427352405e-02
-6.064388989437716759e-01
-2.723999059706496695e-01
-5.056396412992567591e-01
4.190621044154161368e-01
-2.208849319731829297e-01
-1.826335387065185500e-01
-1.619032159571451857e-01
-2.429416198758236334e-01
3.472434851709085279e-01
3.013740153221124984e-01
2.768490600854569550e-01
-7.029641785861331371e-01
-1.408491282386323817e-01
3.660326854383502138e-01
8.943007442104633498e-02
6.336886508407104657e-01
-8.334251209102827573e-02
-7.760179332899781457e-01
2.338053801628490191e-01
5.377487246873124960e-01
5.122599106322667240e-01
7.851563229636937535e-02
2.059779276323112640e-01
-4.285208949559660141e-01
4.389190996818728152e-01
1.735662477080062160e-01
4.057879514678939259e-01
-5.229440462288197367e-01
3.870376764308680606e-03
-7.858533367996223262e-02
2.285654181034875165e-01
-6.168706661298921645e-01
3.426774854413148219e-01
4.771637953911174179e-01
-6.596008410509757169e-02
4.431113042861634099e-01
-5.676639610785754186e-01
-5.021489747386835845e-01
-3.032428704333547387e-01
-5.365906391332782022e-01
-1.743330039658701480e-01
-4.091917167063581218e-01
3.782820575301073518e-01
-6.573434493617771324e-01
-1.078683195477605494e-01
5.803329888702490891e-01
-2.383232241609096747e-01
5.609919054656167248e-01
-4.652485511856605527e-01
-6.459838419526962028e-01
5.987870241592476717e-01
-5.452272435335343559e-01
-1.301976624861183041e-01
3.775386763414090296e-02
4.685005407568922919e-01
-1.249130174393950909e-01
7.382767476617502211e-02
-4.891521192565111420e-01
8.976601731368916148e-02
-3.627038974459875220e-01
3.600156973392589776e-01
-1.450920466752547711e-01
-6.678594337354866184e-01
3.200278540295844465e-01
-6.727924830335041406e-02
5.567543399781929025e-01
5.161075597405684334e-02
6.875587817028616655e-02
-5.791644083101044060e-02
-7.366284768213375855e-01
7.555068744141557602e-01
-4.402508867444385743e-01
4.045015951420074529e-01
-2.874708959910607931e-01
1.653592896185607231e-02
2.623032608845443647e-01
2.764436518743940141e-01
-1.536894325540547612e-01
-1.090917636334687302e-01
5.130678586749208847e-01
-2.473865463030042733e-01
2.290444072153139388e-01
4.649175314052600427e-01
5.505670853425401745e-01
4.240048714001041219e-01
3.591401280626138615e-01
4.188093873025531266e-01
-1.987551366499733518e-01
-1.609501688500589722e-01
7.332796546908637580e-01
-4.016276228480588628e-01
6.295844141155289009e-01
-6.076465437894009725e-01
3.462079082818600995e-01
-7.147059800573787314e-01
-4.697463571635500656e-01
-7.418985444441359434e-01
3.796676634411131346e-01
7.634305290692182666e-01
7.048309214846781856e-02
-1.132424800156819344e-01
-6.695990010356380751e-01
1.406086696496879895e-01
6.123401894256907951e-02
-2.733503637650018803e-01
-3.474145157926145089e-02
3.985184565714146032e-01
3.323851005384073076e-01
1.519146590147393283e-01
7.346115814226861218e-01
-7.285400250557723112e-01
3.636062650384195294e-01
-4.529750584042249173e-01
1.004706055864010850e-01
2.392339812798072174e-01
-3.347727843601315811e-01
-2.735236383493067081e-02
-1.281056613338442673e-01
-6.715436121017237525e-02
-6.405357825677180372e-01
-2.893416743672032609e-01
5.935033080286702400e-01
4.597913200380308041e-01
2.072742821514994560e-01
-1.045714502319610162e-01
-1.858885833684462696e-01
2.046582767649107737e-01
-1.385065182484126467e-01
-4.473101053277046546e-01
3.167931474142413606e-01
-1.266690684592619576e-01
3.628343977355399375e-01
-7.479232948618106391e-01
4.429886344062108350e-01
-3.631256449861730573e-03
-1.338537398600472272e-01
2.580772157760469199e-01
3.972908530435939056e-01
5.880449820403317318e-01
5.084844963578483146e-01
-3.652643000235613613e-01
-3.269278229534098301e-01
-7.762187237119260175e-01
3.431192165336582889e-02
-6.338306428097970624e-01
-1.539183320652073306e-01
6.298573735540973217e-01
6.634556725452114279e-01
-5.718344895794329474e-01
6.140862169862062458e-01
4.524560369213155298e-01
1.922596549179669267e-01
-5.409387654726574013e-01
3.823564697353853958e-01
3.864823344077406020e-01
-3.529326551580931337e-01
1.993533536748337553e-01
-1.277737858827734385e-01
3.964531735936080992e-01
3.442771443411789534e-01
-5.131047474026573241e-02
1.764305065402425043e-01
-3.130402020166354049e-01
-3.046747436043908408e-01
7.226609358805156091e-01
-2.510257671333224749e-01
-5.224094451452714338e-01
-7.354296266445023988e-01
-2.973084804813828086e-01
4.454478249834226133e-01
-1.821496281287879881e-01
-4.774237714324671700e-01
-3.111351353092999261e-01
6.546573096686945092e-01
5.283102005756390440e-01
-4.174308775517161507e-01
-3.155789303551728153e-01
3.682166236050132824e-02
5.902762571969457639e-01
-4.733023287330864193e-01
3.517101616677127396e-01
1.839829193796163054e-01
-1.714367804006124985e-01
4.101253073674246963e-01
2.512840948772732119e-01
-6.217374604434420249e-01
-1.806974769411331394e-01
-2.829849263239454515e-01
-2.820828977025495732e-01
7.103979320132900455e-01
-7.996919565321913836e-02
-4.382770461849680999e-01
2.210843482966442508e-01
-1.012863498368679060e-01
6.735823955587161294e-02
3.091263976115694589e-01
-6.393321735526118488e-01
2.757034319737625694e-01
5.049184536560478165e-01
3.022428919625674837e-02
1.474186969485593579e-01
1.019509650457859351e-01
-3.749033966425390219e-01
-3.114571376208097320e-02
-6.408315411326093169e-01
6.656764424328311947e-01
-3.925783758140095614e-01
-4.076878116532443030e-01
-6.466521671035749819e-01
2.479166754833572739e-01
2.223646224598976318e-01
2.066359858677211392e-01
5.091286133212200582e-01
-1.410347687723421117e-01
-1.022236498963211559e-01
4.974919642448725199e-01
2.464289347958645848e-01
-4.375863704656701714e-03
6.420093439218765852e-01
4.629219650809082154e-01
-4.667505959062383525e-01
-3.419409544480238594e-01
-7.597539326767632772e-01
3.511228426793735480e-01
-5.247679885157072732e-01
1.430466078471201996e-01
-1.442390293448010397e-01
2.744398511967922616e-01
3.057709063409150829e-01
3.391778412056201120e-02
4.775202733346972650e-02
7.207752959931479353e-02
2.495124679701365977e-01
-2.605932554007104329e-01
-4.637221386989498484e-02
-6.074073396599590779e-01
6.485127618834152230e-02
5.808023105861783719e-01
-5.516219784510294488e-01
-2.999556969332308753e-01
-9.643335650225992595e-02
5.833884381358203086e-01
-1.211890874094123660e-03
7.125638315436724213e-01
3.604336794838545188e-01
-1.843788693760037845e-01
-1.035189629632089492e-01
1.334260896547689867e-02
5.940392514142409652e-01
1.432096624886050051e-01
-5.159729013708718171e-01
3.948755018364069613e-01
3.645537839037373828e-01
-3.763230921709377341e-01
2.223184793146444349e-01
7.841880602943795964e-02
1.823588840468435279e-01
3.937935820241253992e-01
1.175461456892374912e-01
-4.305092682510647251e-02
-4.171431909006493299e-01
1.013840397469731869e-01
3.993951868150880102e-02
-4.593317399696870140e-01
-1.084420042605200862e-01
2.602693221103606902e-01
7.134782985898162622e-01
8.856783927541389545e-02
-2.871663014481038445e-01
-1.189729129765320081e-01
7.093941742258884631e-01
-5.035499583253839617e-01
4.879627312441048304e-02
-5.512032097551102794e-01
-1.417263316088863689e-01
1.985631227503947827e-02
-2.070695371933215512e-01
1.971160571317494004e-01
-3.322824688006464910e-01
3.831818898800909423e-01
-6.783975484080855267e-01
-4.867764660930795628e-01
-6.141154833823945225e-01
-1.163405203493734774e-01
-3.323846294906900312e-01
3.033170607132973373e-02
-1.795197549784051105e-01
5.728893193685768992e-01
-3.545026778171269655e-01
2.295878406141280692e-01
-4.910902392839826547e-01
5.722102918209888145e-01
-3.537422588869194584e-01
-2.477458311931943769e-01
3.890024552907611621e-01
-2.147054564966053292e-01
-1.955973980179859240e-01
-4.719218162707274900e-01
3.459977055791165768e-01
-1.779572126005692922e-01
-3.224134878464743892e-01
-2.705379121082271965e-01
-6.088601104819826304e-01
4.031276593068175984e-01
-4.698784984340864668e-01
-2.565714373842551410e-01
3.232469409279463690e-01
-1.824324132906651741e-01
4.863809100119800277e-01
-1.570580938174792607e-02
-2.387836076883163017e-01
6.217741387547270904e-02
-5.301209674206068811e-01
3.540114230723334643e-01
6.826564763257261248e-01
-1.985200091099601494e-01
1.101926901934024983e-02
8.004626158187289064e-02
6.178940371145191790e-02
-2.116329580485745154e-01
-1.971214492107336014e-01
-7.508679014766794779e-02
-6.232767536349470561e-01
-4.536613786508265633e-01
-3.996792111612137433e-01
5.629574757093047666e-01
4.991551884490927904e-01
2.644697216703795206e-01
6.686355525858793669e-01
1.886264583133261397e-01
5.529237703580482943e-01
4.514992188689337382e-01
-7.156593704248468413e-01
-3.437798820348589857e-01
4.192526669007410334e-01
3.141303439819553844e-01
-3.267215182830067732e-01
-3.686815106638707817e-02
4.125514446888072229e-01
-2.659611345132173454e-02
-3.711618847999131887e-01
1.519561074189414995e-01
-6.695718639669259176e-01
-6.246868086656078844e-01
-1.338150303942331476e-02
-1.163403036671724067e-01
-3.207508444965805339e-01
1.103976435026776670e-01
-3.647261074564411842e-02
6.015285514503858622e-01
-6.931218910069052441e-01
2.894515087296491984e-01
-4.301801450380686731e-01
-4.852441276177614782e-01
5.977124497305386086e-02
-2.673702142896203782e-01
-2.459071254855951238e-01
-3.857263211893622312e-01
-2.269376305597177179e-01
7.022761190731872105e-01
1.228584755350148328e-01
-6.827342098780695423e-01
4.794047932250471433e-01
-5.471427400293196186e-01
3.018328523546749409e-01
9.033974412068346282e-02
-5.361223020984775545e-01
1.082883115839461396e-01
2.777645142586315785e-02
2.975942818724428562e-01
-5.798927582214439269e-01
6.697838723249063264e-01
1.251019369325181430e-01
4.207303866270013515e-01
3.420554464985858800e-01
5.663061112804390618e-01
-3.847819810045738365e-01
-6.644033902472834541e-02
6.420050447681102668e-02
-2.110619431049034489e-01
-6.984552912366481792e-02
2.947572931276152275e-01
2.560677061375269403e-01
3.455213456214423218e-02
-9.860457643057163324e-02
-3.708810179535761975e-01
-7.784724998622429837e-01
-2.188298933513834754e-01
2.617007858808673149e-02
2.131766334953670849e-01
6.384133658059614191e-01
1.920064093953932627e-01
2.732238310267067760e-01
4.132561125880220843e-01
-7.705293404896984555e-02
-4.048904727962874261e-01
-7.340366561856672689e-01
1.005522303059835920e-01
-2.895921037491211436e-01
-8.883843331308494129e-02
-3.552053913676722630e-01
-4.336820954716191778e-02
-1.258459074621738338e-01
-2.911821825798543983e-01
-5.573261614157214439e-01
3.826226402427970186e-01
-6.536478674979395720e-02
-5.339181693812369289e-01
-5.900147759184557472e-01
-5.025988087790400627e-01
2.916158334437159994e-01
6.476359083838820752e-01
6.530240729261631571e-01
3.975941016633788294e-01
5.191493912188507309e-01
-6.165908760202043482e-02
-7.475082883427388580e-01
3.139704239907299410e-01
-1.325443336113210080e-01
-4.001532802168759062e-01
-5.012137369496336703e-01
4.850472367716172073e-01
-5.755813263845110939e-01
-1.062939529058679611e-01
-4.559629798347319962e-02
7.077145595074396667e-01
-2.216783970117619518e-01
-5.117167614243189888e-01
-3.931316857184068425e-01
5.217780194685612827e-01
7.304676804998120332e-01
-3.877401367530133314e-01
5.230757352788630854e-01
5.886176735434478502e-01
-1.670847060920346294e-01
-2.979472361062800445e-01
2.691928003632764188e-01
1.027856476664688046e-01
3.092832038675563666e-01
-8.222101600196562998e-02
-4.903638550005515739e-01
-7.476994528951177443e-01
4.033714878836924811e-01
-3.810497267981798331e-01
-3.591527465964245991e-01
7.568367028224720627e-02
-2.881685799209936505e-01
-3.180404990837200074e-01
-3.411751123216086867e-01
2.109687707116671973e-01
-7.393830555446063713e-01
-5.915929458161004462e-01
-1.448518804111014191e-01
-1.904171896860171742e-01
-3.194568599442071388e-02
-1.941347510751114669e-01
4.278613736182794725e-01
-2.436323985740820319e-01
7.727419866456664010e-02
-9.468925391135218916e-02
-6.458749434732737882e-01
3.701874638705984211e-01
-4.585859217938912380e-01
5.409461899344778502e-01
3.731845759542586904e-01
2.527495693699748358e-01
-3.043809712123897171e-01
2.738208315479537802e-01
-7.488483617845709261e-02
5.754027908591385909e-01
-5.345154081657144118e-01
-2.423282009881182475e-01
-2.086098094222483823e-01
-1.409035343306808130e-02
1.469259860793759032e-01
3.753613202820602623e-01
5.213268274466482666e-01
1.025614817413096347e-01
-5.109556155468384375e-01
1.102709318784258485e-01
-5.989785957938398298e-02
4.142149876706113787e-01
-3.890059429476320219e-01
-1.392562437989006696e-01
4.958080844649010999e-01
-5.845339965454998676e-01
-7.255834859402119363e-01
-1.178226588264328356e-01
4.022062617574597709e-01
1.674980078795407223e-02
-4.207214444707307877e-02
1.054708575037501816e-01
-1.675078623268451139e-01
-1.279442117119398148e-01
-6.280555751555105815e-01
-1.556467530386456133e-01
1.834913223059730925e-01
2.020026984212908161e-01
1.686968534205357528e-01
9.472830317781255616e-02
-1.150125458759445607e-01
2.898499335706672397e-01
3.150638703246944061e-02
4.107036510450043920e-01
-1.169959438357563997e-01
-5.222491460545608533e-01
2.649646151411229056e-01
3.160604302718228453e-01
-3.195593057523016256e-01
-3.450277945021626991e-01
2.952181661994988104e-01
-2.714747039208207369e-01
-4.728706895512608810e-01
-4.425118854567280380e-01
-5.200702323300987473e-01
1.382202781413512938e-01
2.442519720346902901e-01
-1.886841287844180926e-01
4.473447422181848765e-01
-4.891167708120836011e-01
-5.432728019765118432e-01
2.437484690597617742e-01
8.226767021822123382e-02
-5.627059967925713835e-01
-3.709496392634550332e-01
-6.787616302792072176e-01
-6.265705503639420471e-01
-6.184448399990181144e-01
-2.419747949437045520e-02
-5.372235204330753078e-01
3.474062557896004932e-01
3.272790588695171365e-01
4.055068908595549360e-01
-5.626958742727588003e-01
1.566143811545552822e-01
-6.548201077686366389e-01
-1.973437934431299112e-01
2.416750326001633198e-01
3.005537011792283053e-01
-1.876603787766173426e-01
5.372743166491167344e-01
2.476949080837744788e-01
4.793760009991885340e-01
3.609021415455266890e-01
-2.593602424243970361e-01
-3.325759392964409145e-01
-9.760817255518006164e-02
-4.818405923629853760e-02
-2.812400393929168629e-01
-6.282202118614641506e-01
-5.536396160281142897e-02
3.171198977645772743e-02
3.464140165966647089e-01
-5.288494746415501879e-01
7.298977804073825126e-02
-6.132509897535953769e-02
7.040265836778214492e-02
-6.128887810002705550e-01
-2.216607520618234517e-01
-1.546422641929634523e-02
3.068581052739647319e-01
4.410152895957253349e-01
-1.407434113224574901e-01
4.716724423491864826e-01
-2.912780201432969562e-01
6.708228463845653522e-01
3.506854043271809829e-01
1.304125980295944842e-01
3.273527011142105536e-01
-5.962569315882308985e-01
-5.455843182528488100e-01
2.693876938953838618e-01
-5.936734507700229813e-01
1.510889756403601680e-01
-3.946697798879341690e-01
4.983625722646181089e-01
-3.633167819980798185e-02
-6.275945028283915761e-01
7.339625966211169583e-01
1.624369826899396685e-02
6.529471810439799739e-01
-1.486417576686802633e-01
1.546220635716544223e-01
-5.818543744372970394e-01
4.409274232820150630e-01
3.519339731256270198e-01
-3.317386037254541620e-01
3.956301134829036670e-01
6.398929306167797648e-01
-7.412427699235522027e-01
7.091580083677939683e-03
-6.347042608626463078e-01
3.346621829973646101e-01
4.147067312446957033e-01
1.294209081626611635e-01
3.841351672700614728e-01
-5.291372257783786281e-01
-1.882802055477261760e-01
-2.168068364127497816e-01
5.588701236866375766e-01
7.581483802149620033e-01
-3.629090735946221002e-01
-6.141028942851161077e-01
-9.364629465407148246e-02
-7.419233643146752044e-01
1.566244725832453000e-01
-6.720028100447548169e-01
-9.951629427815511519e-02
2.904939635863703629e-01
-1.388763890431130577e-01
-4.228698658320872994e-03
-9.122650476867733005e-02
6.384522626368198672e-01
5.292510114057380477e-01
-2.385285563349199833e-01
2.595279420184866126e-01
-6.535688676672410935e-01
7.375054594907393124e-02
1.163862384618541412e-01
4.675131901125268996e-01
4.259609276322793292e-01
-3.363512606889615952e-01
3.225435308491579889e-01
-4.946864481788324497e-01
-3.938585047298754915e-01
2.296555538436511057e-01
-2.827235354054256078e-01
-5.528288817971560576e-01
5.815468985961755877e-01
4.909392213591958765e-01
-7.231016672179393368e-01
5.119802496696586047e-01
-5.895164388564690938e-01
-6.527045702147393769e-02
-2.212717634326981653e-01
-3.808671059402701786e-02
-7.558319537750799455e-01
1.129248741037214288e-01
-1.832183358197392309e-01
-2.692830970912059030e-01
6.214877425118947585e-01
-1.900571187848134613e-01
4.893717341936358878e-01
-5.027578244579009592e-01
-4.208680967891851310e-01
-3.085428135361976132e-01
1.258901123967071101e-01
4.965381815756479966e-01
2.598297140494310042e-02
1.487848674217264744e-01
-4.621599434919110294e-01
-2.087657445055448591e-01
-3.950425673674526905e-01
6.582208581634629851e-01
-7.490796366481777824e-02
7.367655331090823267e-01
-6.188489082926986740e-01
5.734800903671564143e-01
-1.138563814701765153e-02
-3.018589157792375133e-01
3.959622701098561848e-01
-4.082463933463396089e-01
-3.681883874841833659e-01
-3.090719981862903865e-01
-9.583465207821806331e-02
4.491745387658383493e-01
3.894484900618735423e-01
3.235719521224353912e-01
1.307730630046357589e-01
3.072935450498786025e-01
-2.044406881510871798e-01
-3.820179896105555528e-01
1.456416020348907381e-01
3.312088085282471894e-02
3.630538090527153372e-01
-1.580484387109528654e-01
5.855388611076763894e-01
1.352579106054276892e-01
-1.769165598799471439e-01
-3.958107096403526981e-01
-1.415636643890305635e-02
7.736897919710390426e-01
4.076621934529400804e-01
5.680694779778816539e-01
-1.091221514565265949e-01
4.714681547276722284e-02
-6.109634750751711252e-01
-5.471562982646203110e-01
-4.032630732964248566e-01
3.351401513906759888e-01
-5.768771919363260281e-01
6.005157895950663516e-01
-4.925096240384778667e-01
4.462064370900176158e-01
-5.317375399013233306e-01
4.500527848430078137e-01
-2.183982113230520383e-02
-8.612895923547458921e-02
1.911196327562070252e-02
2.281019588905230933e-02
3.797410655850192995e-01
-2.606764538671271225e-01
7.148306097468504205e-01
-3.236215185952833195e-01
4.554935814604839095e-01
3.161330456942934575e-01
-6.111258240091554939e-02
-3.653557663247433140e-01
3.723534722419454823e-01
8.507063633474221120e-02
7.567208507060385614e-03
-7.631130042859659568e-01
7.265700089166839959e-01
-1.297926082526448255e-01
-6.209764983813315098e-04
-5.622448540617410728e-01
-4.530099461919796511e-01
4.625175563948280555e-01
-6.714045923743841016e-01
-5.150848858900074489e-01
-3.379224847204298499e-02
1.373812784044581292e-01
-2.890983643282734050e-01
1.735053061015179310e-01
5.458865927680802699e-01
4.980124292957155419e-01
6.458539362845661103e-01
4.174937684967305884e-01
-6.327212362611049912e-01
-3.014628316931764473e-01
-3.973290863175700238e-01
-5.949842515242318441e-01
-2.844443660332549584e-01
4.336586297509201771e-01
-1.970789573373643577e-01
2.830741936435003936e-01
-5.292420735282661326e-01
1.794749559038955056e-02
1.372422900588219363e-01
6.842447317575119925e-01
-7.779460425261675027e-03
-3.772209528945706936e-01
2.705225758558800209e-01
1.433414566501278742e-01
-3.382986387139572670e-01
-6.386150715025928903e-01
-4.689158595241256222e-01
1.729911745146397450e-01
-2.938744244259119398e-01
2.733356922045082626e-02
-6.110955344636792574e-03
-3.681387594964995458e-01
6.217357486984198545e-02
6.676686465830474759e-01
6.045082670591863661e-01
-2.028888327947377945e-01
4.923552075325456912e-01
-3.414863878851024381e-01
-3.700812792842977927e-02
-2.729953007007859256e-01
1.133807606000560853e-01
7.113390775418277912e-01
3.592157674169671466e-01
5.856860021846985731e-01
1.482506197097670508e-01
-1.788271906157827829e-01
-1.408767926832847905e-01
-1.833098984780194840e-01
-4.353476778595748442e-01
-3.296264779774435993e-01
4.325981846517663598e-01
-6.995729635782943490e-02
-4.354467009779083853e-01
7.249451566897935351e-02
3.344824643223720528e-02
-2.592455635260737523e-02
5.619761090442825235e-01
3.403366133388701087e-01
-4.098444714314943838e-01
3.137687736046430587e-01
3.102205992181259475e-01
-1.861530357213050380e-01
-1.590034509507347593e-01
3.103259110764620132e-01
-4.648413608430610466e-01
-2.098289725542166195e-01
1.552567341885904284e-01
1.058650532559699542e-01
-7.958956953372355869e-01
2.448025755359051203e-02
-6.555360126492564277e-01
-3.122441982572521368e-01
4.669577906801736233e-01
-6.753672413583222678e-01
-1.511235522335425685e-01
4.214848154957220316e-01
-4.514297832421299006e-03
-1.406789410271835905e-01
5.527367985924200866e-01
1.265814106672742412e-01
-6.149878678993125902e-02
5.290997357237134935e-01
-7.110179510451928309e-01
-3.271570871355313770e-01
5.681742630511568137e-01
-3.010826048925592247e-01
1.768898532270029023e-01
2.405629853423576492e-01
4.960427080068674499e-01
-3.928721623862747592e-01
5.694991374289282149e-01
4.027343705870753965e-01
-5.141492150098097014e-01
-4.298373001155795237e-01
-2.863875924305681053e-02
6.380855435718046920e-02
7.135226568287116322e-01
-1.260255503594915893e-01
4.432006719362711067e-01
-8.795494201167475268e-02
5.085631122053211328e-01
5.047461468818497110e-01
3.372883830941999506e-01
5.740763981747054601e-01
1.580722319590153191e-01
-1.205509243265359132e-01
-3.563218369984664236e-01
-5.894701252962990523e-01
2.350651287643366061e-01
-1.402285545641737130e-01
-3.297606827788106543e-01
-6.613989319587201265e-01
6.639278871655562853e-01
-3.064728589752085952e-02
4.713016823188347360e-01
-5.952225457581317158e-01
3.973515770303892580e-01
6.939028111119860398e-02
1.090949441905531003e-01
-4.896946445073009357e-01
2.427471543979127233e-01
-8.127614020446962684e-01
-4.476399739321834659e-02
-6.872087061376426220e-01
1.904712298418989036e-01
-4.481744692124207674e-01
7.573963753958317113e-01
1.728039803551739695e-01
6.906462470682512844e-01
1.306024771529941120e-01
-8.091459000710408134e-01
6.796978002098512661e-01
4.846058964028108207e-01
-3.558176064516160864e-02
4.538115300828469145e-01
-1.817246354193464697e-01
7.980502766333419373e-01
-2.641016400728197766e-01
2.585210659389840515e-01
-5.108196327734653153e-01
-1.020364490046290484e-01
-7.907550047183597997e-01
-3.598600141345933423e-01
-6.256387554072881940e-01
2.028497559975726006e-01
3.179022015808330437e-01
-3.525914659206206281e-01
6.840616133094989948e-02
3.086461259872974594e-01
2.276449382815322053e-01
6.518517692665914964e-01
-6.344552994852099559e-01
4.652098551222083600e-01
-7.689772339389175926e-01
-4.379330328966277719e-01
3.635746866563813740e-01
2.023991767685107135e-01
-3.071037500000439735e-01
-1.374796287968784725e-01
-6.591898514829797051e-02
1.966176990018375648e-02
5.171644476548280522e-01
4.901247415867562296e-01
-4.441274193039266294e-01
-2.298302228264192948e-01
-6.469954021854444903e-01
-3.140925670542555892e-01
4.259706819134470024e-01
-1.856438932728661229e-01
6.402214558109973197e-01
1.649158240695323130e-01
-2.542142098707014242e-01
-6.225110862635254705e-01
-1.599308692393908160e-02
-6.033282519756291151e-01
2.692405441739484928e-01
-1.829982691884035617e-01
-2.779152349938565081e-01
1.455399389981870684e-02
-6.463811171511766318e-01
3.159072718436846117e-01
-1.177269156389666449e-01
-5.320294246800463256e-01
-3.848703160531465883e-01
3.331692488984554501e-01
-4.988145933581424885e-01
-3.645584369842769235e-02
-3.582968049145680567e-01
7.799382604977758149e-01
-5.587858730354051673e-01
-5.394900531201720639e-01
-3.378342763259585269e-01
3.835860173469871626e-01
-4.294586290366577686e-01
9.023471243848746326e-02
1.993123327090282615e-01
7.128868140575930212e-01
6.450789434681887258e-01
-1.957433747982104677e-01
-4.984645290111915372e-01
-8.033513216237055943e-01
6.851634825339214530e-01
-2.897952054187413751e-03
-4.797538011350797049e-01
5.144473811355094739e-01
2.721088003278628875e-01
-4.748733762524013358e-01
1.065954823375871996e-01
4.047755205127625544e-01
-2.873434622219015466e-01
3.418297845162516779e-01
1.863082226457892787e-01
7.350054352386266032e-01
6.843096408499871330e-01
5.344984132519128295e-01
4.918180701998959847e-01
2.007997168733766102e-01
-2.615151819109193809e-01
-1.738083816200193255e-01
-1.513439938051330813e-01
2.452972506603368075e-01
-4.418196774630693824e-01
-5.224819084973377770e-01
-7.058919440926860744e-01
-9.862398268819383418e-02
1.044490190479852032e-01
-5.442429533531472075e-01
-3.384992736219558651e-01
1.790767656225336069e-01
3.395704377049613143e-01
7.185694617730735700e-01
-4.837753568278575500e-01
1.809314041762011271e-02
-1.323244681908688491e-01
-1.286319800890574072e-01
-2.714172583548606354e-01
5.095228213165414743e-01
7.294762302602775250e-01
-1.192787681317746262e-01
-3.904309851085105976e-01
3.294912384182691056e-01
5.145088569510303245e-01
-6.586655389552475981e-02
3.179989307836397217e-01
-5.091862897746768368e-02
-2.507043005225479959e-01
-4.332799836647085456e-01
4.072459638047130071e-01
-4.704416396213790819e-01
4.112985870623528939e-01
6.099193564207148199e-01
-7.370392394746971831e-01
1.459293213559202940e-01
3.735171239774910390e-01
3.445127034880925976e-01
-2.507192844890315797e-01
2.344465680825020826e-01
5.169068282461068975e-01
-4.964865804663123328e-01
3.861498480843188474e-01
7.123981694996492919e-01
-3.225472608680721720e-01
-9.575041365532133142e-02
-7.962000099753563376e-02
6.983479137955956872e-01
-3.455157836164390872e-01
-1.760118911329691116e-01
3.099576103445809139e-01
3.413408240714872477e-01
5.404388615355042447e-01
7.846904794223092949e-01
2.366231688116116061e-03
-1.345205431978779842e-02
-1.970301956196305326e-01
5.406697179496680050e-01
3.207768262436960782e-02
2.759074258163245474e-01
-5.993417097133155735e-01
-3.209350209781280938e-02
-4.634503473389903760e-01
-4.702851289214287078e-01
-1.856534012726633875e-01
5.531173488045171283e-01
4.145394153490862266e-01
6.172176727788443173e-01
-1.060119149310692066e-01
-1.068220932584704741e-01
-3.817505564996332978e-01
1.011370547757675098e-01
-3.934187141910641117e-01
4.029891864966117510e-01
-2.978772131847469140e-01
2.780410380396247660e-02
4.102464626512265511e-01
-3.664025908785575325e-01
4.353256642121730025e-01
-9.574519020534744129e-02
-1.343488390163845025e-01
7.445451677548851066e-01
2.448824061887702186e-01
1.417644552303674033e-01
-5.851216417669844461e-01
2.391565131870070360e-01
4.919519025567318238e-01
4.060227211784539492e-01
-3.605839172833782413e-01
-4.079805954593886952e-01
-7.468737152992250827e-01
6.414274056168842719e-01
6.332607357411941251e-01
-3.521462481962238655e-01
-3.009989449318055676e-01
-6.704943447137630130e-01
5.099364450987327047e-01
-6.274728948838195208e-01
1.191826170079455238e-01
3.180346381811727241e-01
1.629487651153826988e-01
-4.464047062597096271e-01
5.681188427819341413e-01
5.115320015697699674e-01
1.847967846908185052e-01
-7.492278116689101708e-01
-6.693296581112733179e-01
4.353611768108223146e-01
-4.757597711619334646e-01
-5.370663846440653089e-01
9.492790550916030412e-02
-7.003035000674380228e-01
-1.462924786706141234e-01
6.042966763034112176e-01
-7.020279347070612630e-03
3.541707816364709771e-01
4.998919903788880958e-01
-6.087145279942793863e-01
3.805236861332037535e-01
-4.734294422746074815e-01
5.066174239652241340e-01
-4.373864786230274859e-02
-3.379013854275108031e-01
-2.649204003745797564e-01
-3.346019916919065196e-01
3.167048944447437009e-02
3.560625005246436103e-01
3.809814655958021490e-02
6.026158874107832020e-01
7.998791167477037334e-02
-8.023652457772278979e-02
3.182069076676183883e-01
-1.061164135215726390e-01
4.217066550115822210e-01
-3.179896924693217386e-01
-3.487658540422344799e-02
3.348687464448261153e-01
-4.533845337434643241e-01
2.728310260906710027e-01
-5.267583992249367242e-01
1.798940970395861427e-01
4.724791294459755875e-01
6.328604787981273461e-02
-5.322765019673214582e-01
3.385343367648623314e-01
-2.917260241653636399e-01
1.084474705083415813e-02
2.965858543277963832e-01
2.658916579681767089e-01
1.903769680043971846e-01
1.973037362764760161e-01
2.730183774789889384e-01
-6.675197402803814128e-01
-6.289895574974089243e-01
2.722862738968698793e-01
-1.969701089628506097e-01
-1.840957836283507731e-02
2.038477260913822420e-01
-3.534327161100563330e-01
-6.849466211359835910e-01
5.375221554216205178e-01
-5.840365253931691925e-01
-2.038012616160234103e-01
5.139358898515746787e-01
4.088968331017692748e-01
7.114106707415785991e-01
-1.003570887745919293e-02
2.670959680953490789e-01
3.037073118757387391e-01
-1.081773619943673381e-01
-6.923448544335215615e-01
3.734046834149644667e-01
3.969775928382555108e-01
1.722085079601098911e-01
3.732774859639684806e-01
6.036554315118429770e-01
-6.719254258129296886e-01
-9.532343850763957960e-03
1.868642553370500892e-01
-2.935664803257864719e-01
-5.929297749396953421e-01
6.780856164456672275e-02
6.550788903198654367e-01
6.626479124391533304e-01
3.485460641925675063e-01
-2.883162236737923934e-02
-5.314823743257122146e-01
4.758881503853560346e-01
-1.954647208166315764e-01
-1.475614826350355457e-01
7.548792001553010778e-01
-4.771385202006790394e-01
-9.422270177056635276e-02
-3.473168708226772594e-01
-6.794767310928282456e-01
3.113478156201399116e-01
3.090806087844368832e-01
2.461937004333245582e-01
