-1.539199427954489607e-01
-2.779043523473525568e-01
-6.318933246075353338e-03
5.392293689411413737e-01
2.662458057155649982e-01
2.763088836087623790e-01
-1.650990978727993053e-01
-6.580423956864311918e-02
-3.078663395940486325e-01
-3.212753408626181084e-01
-2.859739694509064734e-01
-1.737916840094797521e-01
-8.809329701166390691e-02
-5.176686460076620477e-01
-2.092573712575340750e-02
-1.186962884577766886e-01
4.508129244424976534e-01
2.328393280474330140e-01
-4.905437399170660129e-01
3.190791858063111164e-01
8.453815497137462387e-02
2.805878504753858138e-01
2.932747813417755367e-01
5.275850582173742254e-01
-3.518058554574290397e-01
-1.827913364801982965e-01
-2.217361569903397722e-01
-2.518468218222302824e-02
-3.449800665013267320e-01
3.186189020579899278e-02
3.194535039008208344e-01
-1.262400243014196732e-01
-3.425765975764178961e-01
-2.434655271872827598e-01
-3.434849749252064655e-01
-1.340486474501032532e-01
-1.646840192941878556e-01
4.516755412076118859e-01
-8.312749326836232910e-03
-1.341673699909655681e-01
-1.384087245689125112e-01
5.499330230675063547e-01
3.280058731676858130e-01
2.684270483569743959e-01
1.461319475175857363e-01
1.910769993365866171e-01
-4.855912503972952265e-01
-1.091700703245592763e-01
-5.136360230880194777e-01
-6.631199612492366668e-02
3.367568228074855341e-01
2.629373197642728144e-01
-1.251307843245461626e-01
-2.309838376421806672e-01
6.883542542552500976e-02
1.116746141737037235e-01
-3.017961785896439153e-02
-8.948427515841483881e-02
3.451150669378710845e-01
-5.732918781499396488e-02
-7.143257260254820551e-02
-1.204625273041157740e-01
4.354245491961350467e-02
-1.170707367060517257e-01
-3.045624069509411669e-01
1.041493796450332354e-02
-1.121279304726465753e-01
2.441262051302999225e-01
9.601238716168136733e-02
-4.460249719471391927e-01
9.129533624157915028e-03
2.243492165518778947e-01
-1.482889879394031496e-01
-3.030114741199660955e-01
2.253386780378381360e-01
-3.176278786581754332e-01
-4.088850304408309100e-01
-9.815250625155869102e-03
-4.235171415581540089e-02
2.740492633350752882e-01
2.295836054407773830e-01
-2.758281110231060040e-01
5.557709839981592737e-01
4.222620745972625045e-01
-2.856782024609296755e-01
-1.840236130437293838e-01
2.105062115397871025e-02
-5.544566567113573541e-01
2.651238497626371426e-01
-6.846670063920523575e-02
-4.380449317821355493e-02
-2.636880235592533595e-01
-3.439726556612168196e-01
-3.819457933128145299e-01
-2.743058903827888528e-01
-2.282559741861280855e-01
-1.428882211149611337e-01
1.873210400608193993e-02
-4.801607122692690410e-01
7.911240712106248907e-02
-3.808092126834807800e-01
3.446768450477595280e-01
-4.219881398692582053e-02
1.387719141939758316e-01
-2.168673266128884336e-02
-6.618207081944582626e-02
-3.625921848702038375e-01
-2.176804906400846562e-01
4.382158313031734309e-01
-1.546800730298940607e-01
-1.132474330921002803e-01
9.727157410762554690e-02
-4.894483012209418504e-01
-1.019132192020038019e-01
7.160622723253240451e-02
1.668279802393213274e-01
3.843410135389628834e-01
-4.298963716694714776e-02
1.828375537548421192e-01
-3.671756946903199648e-01
-1.020256738791296414e-01
-3.843400232799334404e-01
-1.385691754476372495e-01
3.860730475458318267e-02
-1.239805886899087994e-01
5.444440864417732229e-02
4.909056103202580346e-03
-4.095678498526957867e-01
1.933168515112022590e-01
2.840965563368982316e-01
-6.075828323516070384e-01
1.959792009917702416e-01
-4.484654180339209262e-02
1.440122252993001339e-01
5.210732732736120809e-01
1.919283978760795151e-01
-3.393140425594536325e-01
2.851970724744479213e-01
1.489214148975923635e-01
4.321327630415083831e-01
5.071566054713274596e-01
-1.236291792952455282e-01
-2.829348842084131732e-01
-2.302946137325179166e-02
5.957192523884424773e-01
1.787368056545970418e-01
-2.956429779962981286e-01
3.692933388125041461e-02
1.983663377251190241e-01
-4.347897387262449342e-01
-4.151274185389679516e-01
-8.241184551389046931e-02
5.437374605962475016e-02
-4.345959680435829142e-01
-4.469712808219075129e-01
-1.163610494338609413e-01
3.828619411750091572e-01
1.531360110752020276e-01
-3.750677273779494669e-01
3.401894265823690588e-01
-3.795675353702563370e-01
1.308577147073410885e-01
2.075969751540531760e-01
-2.376147884572779034e-01
2.946735790620991224e-02
3.549582390729080217e-01
-4.509524873113619492e-01
-1.469619458104478582e-01
9.473182811743807719e-02
3.482962760337020569e-01
2.745416640097841920e-01
-5.040500061125987585e-01
-2.297676829408814569e-01
-1.700834258497723184e-01
7.214030127192216924e-02
3.562959887767656042e-01
5.580010779970834278e-02
7.132897100572321847e-02
2.917908352446048070e-01
-8.615032247963316792e-02
-3.626231645866688780e-01
-1.832075338780310148e-01
-1.342722444875255050e-01
-1.896130287957928928e-01
1.467859725769402601e-01
-5.024099533648263005e-01
-5.971794219982307084e-02
-2.955167550349697692e-01
-5.173490939601990135e-01
4.532565013899354511e-01
2.736639830763287762e-02
4.768693978881266560e-01
6.102357613020892302e-02
-6.031597659989316185e-01
-2.535890761719716835e-02
-7.683619422922749465e-02
2.464764394909124690e-01
-2.104307655237409591e-01
-3.394417820564754606e-01
-3.053419669473740328e-01
4.463485005214735679e-01
4.075229651756444582e-01
1.259601478013925302e-01
-3.984995687688028809e-01
9.688396790998865526e-03
4.153991994540948696e-01
-3.345481103235385945e-01
1.511251553931778346e-01
5.372361754805687895e-02
-4.762283482806939361e-01
-3.511655585937116797e-01
3.444434446208575196e-01
2.571551211630582756e-01
-1.276682073661925543e-01
2.872494145809962873e-01
4.235620032849309879e-01
3.136077699681898423e-01
-6.064433757093503630e-01
-3.227613505277426853e-01
5.481268718526770556e-01
-1.511256979356039309e-01
3.521872813450386275e-01
-3.368824961685472630e-01
4.960907511518239943e-01
3.733331492769735860e-01
-5.442740973224147183e-02
-2.846506718048606999e-01
1.774559199761345241e-01
8.664778797492367346e-02
-4.112390513576507090e-01
-3.907873889341040297e-02
3.689343996105094448e-01
-4.491993547383277274e-01
5.530576693111743936e-02
-1.081155464598273497e-01
1.435811610144117623e-01
4.325000139109649311e-01
1.952923246304241189e-01
4.468827971528117615e-01
-7.836502584681692696e-02
-2.242987855148070864e-01
-3.031012011315246113e-01
1.050320590323767789e-01
-2.824241476301567744e-01
-3.321225029912966420e-02
1.742356313797612799e-01
4.729867551507815904e-01
-2.819726264622879341e-02
-5.762902371714790917e-01
-2.863516741443108415e-01
1.851080949535353071e-01
2.930536832486652088e-01
4.237796891262082255e-01
-6.116524385639188210e-02
8.900027626355910826e-02
4.293218572416286349e-01
-5.413245684082692577e-01
2.715523715689709405e-01
4.644129843492725840e-01
-5.730903596763106123e-01
1.976983944623311729e-01
1.508523446531349066e-01
1.083742284918418619e-01
-2.293642690805697271e-01
-1.477751903024637770e-01
-4.932941738675218346e-01
-9.227297784861754337e-03
4.887815150946481779e-01
-1.725281361734580798e-01
-1.165484863694921103e-02
-1.499127443224681500e-01
4.460294029077900291e-01
-2.807288843626558617e-01
-3.185789036187074430e-01
3.755047263614343933e-01
-5.884277300555336154e-01
3.334232376657109143e-01
9.170527883238399625e-02
3.958592516880550249e-01
2.991214413115361737e-01
-5.216421601995957502e-02
3.484498672551694654e-01
2.170996813229075784e-01
6.133112261285287303e-01
-6.720430250705966557e-02
-3.478509807184719804e-01
4.413544635670971772e-01
1.971490648606986085e-01
9.030197418792695885e-02
-5.000141427406088468e-01
4.924139188558225300e-01
1.260429042015607237e-01
-3.749155504775236736e-01
-3.018543636731365609e-01
5.481011298376881058e-01
3.867956281879658675e-01
5.004951036435967282e-01
-2.412209143477053175e-01
-2.909782846181787619e-01
-6.838787866533291293e-02
-1.987851484768858867e-01
-3.208808272461416422e-01
-3.746906906450799823e-01
1.506595676027160380e-01
2.511832588353364315e-01
1.079107422963687668e-01
1.401921420519522954e-01
-4.804060648086325713e-01
-6.563207522060121590e-02
5.211023922292916666e-01
-3.784985806556377952e-01
4.313080790925072350e-01
2.007842925598826156e-01
-5.683800085494583598e-01
2.985662780237756664e-01
9.714105422286856140e-02
-1.472776818870782378e-01
1.805225966882328947e-01
-5.100065465513523577e-01
-3.446257520789348661e-01
1.118505568960355134e-01
-1.583018416986980981e-02
4.667296038544499481e-02
2.199530664742574970e-01
2.760410248447833226e-01
1.510797933607967991e-01
4.509739161056014467e-02
-7.639319385034948340e-02
-3.073189390446149361e-01
2.238370576821964164e-01
-3.972412713409365637e-01
2.101822744075914073e-01
4.960371039483524314e-01
-1.509479671379700960e-01
-2.387729881596571957e-01
3.596319137394390353e-01
-2.238858043671303477e-01
-5.357609346302130149e-01
-4.498205277931486279e-01
3.017900365492565129e-01
5.941880776402150843e-01
-4.706421057392624618e-01
2.823841608651997959e-01
-1.838597480582331301e-01
-1.082685628757564800e-01
-3.982307663254056607e-01
2.022265922470083410e-01
4.465329580514509900e-02
3.259896347295621055e-01
-2.218682834503464818e-01
8.410758534952833543e-02
5.487146251255552443e-01
2.766221078341466466e-01
1.484521874358843974e-01
1.844872665798469313e-01
-9.442187484240438522e-02
3.964319018101525316e-01
-3.251085446903614340e-01
-3.823170858325770638e-01
-4.877477072018452375e-01
-5.080558716459613322e-01
3.097826866943798052e-02
4.847850427684718966e-02
2.683473192347785030e-01
-3.093545383324709519e-01
1.377062897533036789e-01
-5.176669446241897177e-01
4.675208907654209156e-01
-2.136351239587161999e-01
5.266191535809934265e-01
4.877024842586266118e-01
-1.301655947718485251e-01
1.400530570397426899e-01
-4.595174984052174949e-02
4.675843825496892592e-01
1.337633454385418474e-01
3.192213830898671389e-01
1.139832587183544632e-01
4.167903030275956766e-01
5.809363772576769946e-01
-5.297159610661843487e-01
2.135659364592745746e-01
-3.009405258649993087e-01
-2.659953294638217614e-02
-2.867203817757388862e-01
4.045667321404007311e-01
3.799480059347635219e-01
2.213631549782180130e-01
1.962235038868715975e-01
-1.242536140396275357e-01
-5.543604766297933750e-01
-1.231526396040178994e-01
6.363170302350518170e-02
-1.288216844911600489e-01
-5.680278582778868213e-01
3.681616971968049157e-01
4.072914171979702402e-01
-1.515825795931142750e-01
3.035376393202495748e-01
1.450230240911754009e-01
2.089488599519224721e-01
-2.079046059168678795e-01
1.677874947942017414e-01
-4.197665292637609014e-02
-2.200917255422076835e-01
4.890860607681073446e-01
5.105469541971041636e-01
5.145434117613056912e-02
8.816026712588076464e-03
-9.532082332330471530e-02
-5.329073123448706539e-01
2.880424481405707837e-01
1.705522871773990090e-01
3.107771994266741444e-01
-4.919605138678697642e-01
3.726251090811185662e-01
5.457819274165220946e-02
-3.548143742271330225e-01
-4.697738159496118726e-01
5.385116075637519373e-02
1.018737656126678104e-02
3.813048113969843556e-01
5.236429347135995727e-02
-2.684717207867723943e-01
3.585716879344866825e-01
2.526759006585539424e-01
-4.323669134983312290e-01
1.686042388849280371e-01
3.848983048272476282e-01
-4.596417539168502486e-01
2.935693194018362817e-02
-5.208059619699092480e-01
2.064701381893296883e-01
-1.894781502648967830e-02
-5.207326127195912591e-01
-3.313265102590570166e-01
7.900529116021548504e-02
1.905962600281281283e-01
3.990852144533203472e-01
8.875265369965745776e-02
3.382636944969164006e-02
-4.402521142919724184e-02
-9.832518496839171007e-02
2.653789592214685911e-01
4.355787005314128990e-01
3.743699546102918774e-01
1.792197839443616658e-01
7.999903781995421070e-02
-1.495257221746459919e-01
5.046684165837334035e-01
4.964657642400229776e-01
2.864780824098955847e-01
-3.298257418328454094e-03
1.752090180841268108e-01
2.064652318693749322e-01
3.301410804073583449e-01
-2.153492163047232566e-02
6.901276978519099714e-02
3.744473834178938532e-01
3.864307151664547746e-01
2.398743917914716306e-01
-1.048638061563522683e-03
2.989247507241588053e-01
-1.267935624756564295e-01
4.356351652433865240e-01
-1.370255279047700725e-01
3.847327367642456863e-01
-2.206064695965190836e-01
2.622445035169018723e-01
-2.168464267239205157e-01
-2.575429531195663202e-01
-5.244109320579326550e-02
5.607081293512914399e-01
3.847513664522281829e-01
3.045050341403801042e-01
-2.140578980000116260e-01
3.409457043468968607e-01
-7.526525794352423304e-03
-2.841253842038264921e-01
1.299836848650244292e-01
-4.438273175953444394e-02
-4.298613351991917853e-01
-2.865941326666474609e-01
3.530973361017819556e-01
-1.534286030763878372e-01
4.429371552234755427e-01
-2.226201306320048090e-01
-4.077823803409152958e-02
3.277972511847329073e-01
3.655869946735634812e-02
2.153215747924983603e-01
-9.978487458841023283e-02
1.178993367033935868e-01
3.728872033272878639e-02
-1.027356093671070170e-01
-1.312546150185047722e-01
-2.228444036725303334e-01
1.616124293840828230e-01
2.753254651844407874e-01
-1.713501452766550415e-01
8.249049117145990095e-02
2.916303271640625638e-01
1.535659278914804915e-01
-2.369492144764722141e-01
-4.623921757217495099e-01
1.519359187297277813e-01
-1.713561974677784150e-01
2.127134195527426996e-01
2.365180876773775864e-01
3.420990019490179890e-01
2.072115948958046516e-01
2.197868933051836393e-01
5.550972010993513450e-01
-1.142570486626368620e-01
-1.040433909006761581e-01
1.694475600578986274e-01
-9.572423180550959643e-02
7.841449550555701364e-02
2.580119713222916999e-02
-5.331500290357595873e-01
4.684250292456306752e-01
-1.999209699638422322e-01
1.563407880334111155e-01
-3.485984639121557649e-01
-3.341398749204174123e-01
1.514137975880700537e-01
-4.027753416267776387e-01
-2.902361030871940528e-01
3.641689320288508114e-01
9.766996151201645660e-02
1.972115017700755146e-01
1.465377118555535318e-01
2.106157374407402472e-01
-5.064122891949462968e-01
4.230306061097213188e-01
1.913469351605279201e-01
-4.367560276784585582e-01
1.633323535904356305e-01
-2.955626998295395325e-01
3.804087589023446014e-01
3.726181994312840473e-01
-4.195855535424577454e-01
-1.319124599751537730e-01
5.557523163521871368e-03
-5.534241817195963975e-01
-4.302149562930450699e-01
-4.652795932107602894e-01
1.056828189324043876e-01
-9.245759531648367613e-02
-9.734371652107931538e-02
6.956242416599778267e-02
2.059714873157627579e-01
2.713628994257515359e-01
2.755304863597549669e-01
-9.627315954046888891e-02
-2.166456139940198256e-02
4.934316875539268565e-01
4.632828646331619282e-01
-8.774222991602886879e-02
5.427649651617301174e-01
-6.035534190580635894e-01
3.010134235515771195e-03
-2.233101925547646971e-01
2.031871578637387543e-01
3.972727380061913394e-01
4.972106222189207614e-01
5.994102131785883358e-02
-3.256179542286812278e-01
1.637262456864032600e-01
-4.206137450453528714e-01
-2.238022383681048666e-02
-3.464859405146007987e-01
-3.571586758681188911e-02
-3.371293539155386654e-01
1.251280939206012022e-03
-3.600475818454569321e-01
-5.645431998358141357e-02
5.750257093092336902e-02
-1.389138107645884190e-01
5.375042448196865053e-02
1.204475638718349728e-01
2.859479542453087220e-01
-1.724195614253689612e-01
2.998178600265344329e-01
7.879381537381568990e-02
2.936154629474030386e-01
6.720502308206732778e-02
-3.331022218783630251e-02
5.934469368165373737e-01
1.293170074807736825e-01
-5.300988997671751690e-02
-2.627918927789689718e-01
-2.704829478614110272e-01
-2.395956371410186136e-01
-5.082857956677013789e-01
2.114847661051042493e-01
-1.347605011426455945e-02
-2.530175611343059572e-01
-3.056288503210735641e-01
9.325623778095604166e-02
-6.013013159073210545e-03
8.105289173412355552e-02
-4.766644876894634564e-01
-3.429328157964093293e-01
-1.562429468738670835e-01
-1.069039161772611379e-01
4.324748012132051400e-01
-2.520768122983705339e-01
2.763062427040541280e-01
-2.239511336205790570e-01
-2.609293662948442005e-02
3.571769683650316551e-01
4.425005336622325203e-01
-2.459783198721794406e-01
-2.832296660744608729e-01
-4.136978140091249756e-01
-1.688272504070642555e-02
3.029299157385576535e-01
-3.849890970764402454e-02
-1.491133808144287087e-01
-5.535569819787067303e-02
2.419591886587735274e-01
2.597771611928791913e-01
-1.359637799599138219e-01
1.194956410394159008e-01
-4.901417783674100193e-01
-4.173202053614621931e-01
2.471510047844827085e-01
2.533142664034873093e-01
2.204501168846375592e-01
2.235700578034149899e-01
7.892452145551231979e-03
-3.496785819570664700e-01
-4.184112980739165266e-01
1.570066582684681578e-02
1.213624459917719278e-01
2.081858951202155694e-01
-3.271733128850060623e-01
9.286893338601132086e-02
2.824316646397564412e-01
-4.074896437424149198e-01
-1.013664724944893791e-01
2.686125781035517690e-01
2.839405741034717323e-02
-2.483613593423914523e-01
-2.459276546959934251e-01
-6.294948157652058285e-02
4.052091740124028618e-01
1.608823188586203656e-01
3.859425762556103479e-01
-3.423669665760016301e-01
-3.826930395762193626e-01
2.431840856668952000e-01
3.670743563827558731e-01
-2.094336287863862722e-01
2.985374896860477634e-01
1.803543888001559736e-01
2.881709767181241943e-01
1.120337457483566723e-01
-2.331300767298305487e-01
-2.053722907056609870e-02
5.430744570362993073e-01
3.336339452642835823e-01
9.160090642506624192e-02
-1.493553052236915590e-01
-6.602578877480880237e-02
-1.774248907177788936e-02
-1.708681351672574067e-01
-2.739840097540486852e-01
-3.933491689816550618e-01
-3.447257443216331652e-01
4.552586083125280680e-01
-3.583786486637237090e-01
2.513324053097143462e-02
-8.059961646234015120e-04
-4.227935697768820944e-01
-4.783538580212205460e-01
-9.197275426851359015e-02
-2.577497367643424298e-01
-2.751990673892601436e-01
1.658482729215311480e-01
-4.764604579452846878e-02
3.274789374811408749e-01
1.769277400430446789e-02
-5.218307824657255622e-01
-1.740285336212696876e-01
-2.343753667648638128e-01
4.025713309904697113e-01
8.669007048344035127e-02
2.263982399356025965e-01
2.663833388415968173e-01
9.913340070619547362e-02
-1.453912721361119154e-01
-3.943116946682625468e-01
1.524835038084839667e-01
3.507237995356291549e-01
-1.885554957197754788e-01
3.123936670028317764e-01
-2.656714316342281279e-01
3.020442491812698194e-01
-2.296007181300261379e-01
-3.930316538457256925e-01
1.308496566328347654e-01
2.656176086976280715e-02
5.102167345270389731e-01
3.387844786974705258e-01
4.226933212438446219e-01
-1.047811857819809234e-01
3.532363569048975194e-01
-3.836624026140160737e-01
-3.193801518600567491e-01
-8.685521038881027778e-02
-2.834799776015133332e-01
-3.003942637107757108e-01
-2.100150370194064919e-02
-1.393917585563864137e-01
3.005743184090290399e-01
-3.668836727924560392e-01
-2.850535119409718376e-01
8.527859012474525713e-02
4.153062452988542930e-02
-2.635720383721640303e-02
-1.302185451515986969e-01
4.488462007761286898e-01
-4.665597720152536709e-01
-2.286138349400426151e-01
-2.232283422582712618e-01
-3.990973421080852290e-01
3.248355604964814347e-02
3.757143979114463406e-01
4.410596661045795841e-01
-9.021774528143655658e-02
7.503007795021332527e-03
-5.721144153679684763e-01
-4.787037082845646552e-02
4.415828427480814611e-01
3.664707772565565236e-01
3.943567289526095365e-01
1.413654971284454831e-01
-1.213059094450104070e-01
2.047683139679410402e-01
-2.850923128542337537e-01
-5.962585520618439716e-01
-5.609172450610877547e-03
4.512083437310625555e-01
-4.882300370529177869e-01
1.482052336876886756e-01
-1.046038439183805124e-01
4.274176637899973485e-02
1.865049290050411201e-01
9.348249781679118797e-02
1.111466168101715724e-01
-2.289915879527715248e-02
-5.235415023957123992e-02
5.414308951439235074e-01
1.588343152503801647e-01
4.647662052119105880e-02
-3.166833526788970232e-02
1.211017527777649150e-01
7.645817129278942303e-02
3.397634009946131073e-01
2.713457377729433517e-02
-3.441865171515203770e-01
-9.340353205759921451e-02
-3.128068802713013241e-01
2.879720881837775082e-01
-3.663372769885029356e-01
-4.869705028612676401e-01
3.013729391052049067e-01
1.121379462768192781e-01
-1.265769646807584081e-01
4.173955013993406737e-01
5.339032139195643012e-01
1.577036843508601294e-01
-3.471050576351961681e-01
4.884777149453087830e-01
-5.327285894557975965e-01
-1.456183201577978537e-01
1.431379420103748856e-01
2.088040165114524171e-01
4.757501764013767342e-01
-3.037641303551854577e-01
2.944493837522310642e-01
4.103646772359503814e-01
3.759658323543400016e-01
4.772991275647706644e-01
3.976864225769389805e-01
2.938136783186928724e-01
-1.780742291463850435e-01
-3.522182814791365857e-01
-1.986257101625961141e-01
4.696112785197481543e-01
-1.255582629841995868e-01
3.805425425705264431e-01
1.957739031252661022e-01
-2.981338037033962607e-01
3.359281102107347650e-01
-3.297842318074648560e-01
-2.628337694611282416e-02
-3.043671952995721242e-01
-5.137908615635904397e-01
5.049175601621342935e-01
2.059808309126900383e-01
-4.053942519450632886e-01
-3.731385604117498644e-01
-3.494816385306220852e-01
-9.173277217510911186e-02
3.636099915405033300e-01
5.260259017699944195e-01
3.666357075175010749e-01
5.074401958717897898e-01
-3.134524442911716946e-01
2.818265147300547113e-02
2.187288436366010558e-01
3.041080931548547639e-01
-1.647408973920185815e-01
8.058528264224129600e-02
5.936404073741954335e-01
4.149549508771048778e-01
-3.155185224086967111e-01
-1.614945809210555083e-01
-5.249616949373621111e-01
-7.638437815374743423e-02
3.825229412204311785e-02
-2.923477658875208718e-01
1.419209013103532868e-01
-2.081496218229794692e-02
3.841871933594953603e-01
-3.892887532170989928e-01
4.315925348106901538e-01
-5.423110751635773497e-01
2.463153816278236263e-01
-4.427389194652366911e-01
2.206598160537920350e-01
3.173754691941779171e-01
3.656631019633582724e-01
-4.791702297003919142e-01
-3.414683353803225074e-01
-4.841518416616983345e-01
-1.150940575730299287e-01
5.005126579032115330e-02
-1.466872802785159635e-01
3.164027878908939329e-01
-9.375652113715204905e-02
2.616118937795466337e-01
-3.527018018116558906e-01
-3.829651485113361176e-01
1.540124484702012353e-01
1.069762176137061260e-01
-5.625889887031370051e-01
5.821772496855759371e-01
2.074211539831072315e-01
-3.803377826091267622e-01
5.854066430800752840e-02
-1.846958924187882545e-01
4.728269918605496613e-01
2.903910430102563112e-02
-5.242239190242461433e-01
-4.067386965505486174e-01
3.590934329814432502e-01
4.117454466235503929e-01
-4.132833614865223382e-01
-4.195511680803294396e-01
3.977244471133287718e-01
-1.983654044778404568e-03
4.442454781362599192e-01
2.845588028070302755e-01
1.327570929252575027e-01
3.653474055765757456e-01
-8.886002602261910965e-02
-2.152548447629687445e-02
5.308987736731545226e-01
-3.658015500420752630e-02
-5.502333695435961403e-01
-3.055641345472901449e-01
3.166173851054114863e-01
1.143312262861382322e-01
5.999230924704761492e-01
-1.468137022865017016e-01
-1.253766546706183149e-01
-2.255090933676449083e-01
-5.070648355074691693e-01
1.862854990243860698e-01
-2.877884375512076431e-01
-5.052111806838714969e-01
-4.385687000555567039e-01
3.098380333347101612e-01
-5.320212551822400826e-01
2.617284048346046887e-01
-2.132271139461074938e-01
3.215076900727229514e-01
-5.305939250457658574e-01
1.622280806388154417e-01
-2.917122587761520336e-01
8.947739976042168308e-02
-1.201353260893576191e-01
1.911494164791704975e-01
3.437616928878473033e-02
-3.248517231644232339e-02
4.965954014265072658e-02
1.671336456693941486e-01
1.209864690062554260e-01
4.861288331612616531e-01
-1.472408292704239230e-01
5.015669244429155071e-02
1.862894307763616197e-01
4.679441674206419322e-02
3.291923733275146091e-01
5.230858230248891516e-02
5.564038821619003983e-01
2.712701497902347825e-02
-3.680314547562506533e-01
-5.402913221122060961e-01
6.862619984147322327e-02
3.145098100416543474e-02
-1.128749176869536797e-02
-1.763317332041056673e-01
4.151905256104484465e-01
-9.727032157611503749e-02
-5.352466927245700390e-01
-3.547411837136316137e-02
-4.206850629409064624e-02
-3.070326367732647554e-01
-4.741544222196161229e-01
-3.261763835792299560e-01
5.304046268436835021e-02
1.082234340779368864e-01
3.469575420477326588e-01
-1.508385613668785652e-01
-4.895174608167565111e-01
-2.296232385077177085e-01
4.622547683790232398e-01
1.934468225723158241e-01
3.717783711034865490e-01
-6.114157358062755065e-03
-1.179872725690271906e-01
-1.227388178093189453e-01
8.831056714584839540e-02
-4.933695798312953684e-02
-4.678198921919385356e-02
-3.735874478595064829e-01
-5.706116823561613316e-01
5.222566393283667452e-01
2.525843525888005203e-01
-2.003760287701084053e-02
-2.455472788751080770e-01
4.431673335462349428e-01
-1.360379595987364354e-01
-5.197467980005985311e-01
-1.661623844330311073e-01
1.681357407999195530e-01
7.125287027050397626e-02
-1.399145842645630466e-01
-1.841055566250648923e-02
3.837526283328962506e-02
1.796184435355394626e-01
-2.834050532392931032e-01
2.241923336776929787e-01
4.444712763161273728e-02
2.401053033723457020e-01
-1.203967022973309042e-01
3.395639477435175024e-01
-4.789033421373209976e-01
-3.354285088773476531e-01
-1.859164448293793015e-02
-2.731028207882895131e-01
1.689217832255485163e-01
1.955333391305780211e-01
-3.797734580304341634e-01
5.594713973292169129e-01
1.814967901410486917e-01
9.539114396230363724e-02
1.902325912427809129e-01
-3.326644421537405805e-02
-2.166149303028657158e-01
4.152695370532217822e-01
-3.387608172451850308e-01
5.247157670141611163e-01
-4.983987739007362805e-01
4.088806445476880214e-01
5.920923939566247185e-02
-2.554365149650710265e-01
2.435633854019982891e-01
4.990342178200934953e-01
3.567665951837906135e-01
2.248405496946777049e-01
-4.004731125559075622e-01
-3.637969917496768346e-01
4.402677868003346262e-01
-5.136434873863695572e-01
5.226672917384957984e-01
7.129026808625482658e-03
-4.660000215870754303e-01
-3.308462067971618126e-01
-3.010063033487844208e-01
4.414418499945682584e-02
-1.430304672687956469e-01
1.061412392694736084e-01
-5.122830607615993515e-01
-3.726608357767533519e-01
-1.415453790099228115e-01
-7.848156249640059201e-02
1.195596722626968145e-01
-2.109765385930550963e-01
-7.707737031351857837e-02
-4.046263832031469221e-01
-2.456808560480769899e-01
2.796081443354108131e-01
-2.928344243570304428e-01
4.911595658239642503e-01
6.035644679632676812e-01
-7.709984696005900418e-02
1.353643434267581824e-02
1.664229420344511823e-01
-3.403616014697865566e-01
-5.959081411426705444e-01
1.224849505000165095e-01
-1.214320859591371260e-01
-6.016911859324487466e-01
3.716708539091886365e-01
-1.565292194702223583e-01
-5.014950719571498183e-02
4.027016841651249734e-01
1.474109373170904291e-01
-2.839536147436749758e-01
-3.055153870646059033e-01
2.372189161482296527e-01
-2.120642694268282114e-01
-1.866493136976075107e-01
4.456791137834947847e-02
1.821319818643996058e-01
4.969294594486939332e-01
-1.000941610150540839e-02
-3.115895594639326305e-01
-2.729106630473330242e-01
5.499995032446669541e-01
-3.107924408866793442e-01
-3.482116242703838793e-01
9.556365620700368879e-02
9.684002787066958717e-02
1.086034052904132352e-01
2.030905454524134512e-02
3.052224985435003646e-03
-1.683813728963903245e-01
3.059226895696687265e-01
-2.285038880008158912e-01
2.564131532233471233e-02
-1.028593873269620929e-01
3.720771862969929344e-01
4.108273846093624115e-02
6.958130309140209135e-02
-1.020752541157250448e-01
9.174003312282685840e-02
-2.592082774352686414e-01
-6.038256393244179066e-02
9.429575616831620266e-02
-3.370877114716375189e-02
-2.232452659598838096e-01
1.333600405150638935e-01
2.245196502253996584e-01
4.224873600349612346e-01
3.044822041971517734e-02
-4.661675823528383944e-01
-4.706402801946749648e-01
5.595326903762014581e-01
-5.684631437793683517e-01
2.251311164960583255e-01
3.746716897704702731e-01
8.658274513543773310e-02
-5.194123782519710630e-03
-4.240445030187114384e-01
3.214936941739932053e-02
-5.679239984476502912e-03
5.306055572303947088e-01
-4.320141054938222425e-01
-3.451932622645319526e-01
-1.177751845397789765e-02
-3.921919960736559574e-01
4.456281748330681580e-03
-1.734655563482103702e-01
1.111245827866502722e-01
-3.363512145155151956e-01
1.263089193990110104e-01
-3.223897631387675489e-01
-1.298953906983957296e-01
-1.059849900236589093e-01
9.019034038791229335e-02
3.344449162275093812e-01
6.691147246789519443e-02
-2.609084657424123321e-01
-3.554460374973178460e-02
2.523601951588450021e-01
2.928106441989974940e-02
-5.332768191095178523e-01
3.335857956445202888e-01
-9.385081124989369528e-02
2.785737032161392790e-01
8.752238555452951374e-02
1.192790526725939770e-01
5.153025376257840406e-01
-1.530758741549682611e-01
-1.952812922791213879e-02
-1.106332341456912616e-01
5.606992780169406387e-01
-1.844065711978961630e-01
2.505378581466608523e-01
2.283803251902929432e-01
-2.053993142837207131e-02
-4.805032759496095096e-01
-1.422983241428621426e-02
-2.584780485336199973e-01
2.888658953985299149e-01
-3.558712138103539147e-01
-3.504342498364625413e-01
1.508254226768119821e-01
1.656759427287903819e-01
-2.354313722732044312e-01
-5.871280542055288265e-01
1.348898357151799843e-01
1.617928270971003002e-01
-5.401916551156178414e-01
-5.566960631982702523e-01
2.835828665188424580e-01
-8.689180020689235562e-02
8.023122474634902801e-02
1.148317468118715823e-01
3.042013325036236893e-01
-4.671409268886383970e-01
-2.310919580237156268e-01
-4.545999446701154412e-01
-5.642824133876009896e-01
-4.795564635919049579e-01
-2.470614602041383279e-01
2.031427777674430502e-01
5.058253186118850664e-01
-3.421239184338755734e-01
4.568269887879061741e-01
-5.562011821934849110e-01
1.678449730354172331e-01
-2.996157607361560338e-02
-3.721486967227551901e-01
-2.108344941294557628e-01
4.368085157837695576e-01
4.609041266858078245e-01
-3.277115330684612360e-01
4.145797138308928709e-01
-1.426672152512757918e-01
9.944275660661805460e-02
5.806550842731361683e-01
5.440957585625803006e-01
-2.905862921848783031e-01
-2.748898242109163448e-01
1.728557335342149059e-01
9.547229366658349647e-02
-4.781989985599537363e-01
1.580780093723079816e-01
-4.671310026518362690e-01
-2.829647441214335757e-01
2.843848557390593612e-01
-5.331209738394546704e-01
-2.068904895923342480e-01
-4.720567669271780176e-02
-1.549009893500121748e-01
1.235268533581654893e-01
2.252856023267515440e-01
5.105390139434993202e-01
-4.327174214774833771e-01
8.832038190196556116e-02
-1.071194746906511952e-01
2.381062254738495199e-01
2.663594618880580356e-01
2.618842090686213098e-01
-3.378316589783745272e-01
-2.814228122429858203e-01
-3.087732747288782775e-01
-3.464086134295225605e-01
9.300047517310705558e-02
-4.003200792995897928e-02
2.403582216194832810e-01
-3.161883462898495978e-01
1.818578339993042192e-01
-1.533716496864325762e-01
-2.042791453238415045e-01
1.999123526302408749e-01
2.513055556296972526e-01
2.089282654861177591e-01
-2.750715513870449769e-02
1.698382903074691086e-02
-2.621888997990904357e-01
5.369051475127797346e-01
-4.766462331050549395e-01
-7.008686853434653585e-02
-1.084157556439393488e-01
1.193136834527823709e-01
-1.449102172235656738e-01
-2.931703354771864056e-01
2.512793438222393760e-01
3.137541018743981169e-01
-1.514113052485264177e-01
1.588936671227525466e-02
-2.498099586346995693e-01
-4.025772821444908445e-01
-5.498288589110336133e-01
-3.406136119196521150e-01
3.797395242494339129e-03
-2.850820755169234388e-01
5.052021403363413654e-01
1.557391643507965995e-01
-5.146636416893368704e-02
2.181118273735291879e-01
6.690975519188402387e-02
-3.880015465156034793e-01
3.856448170496928896e-01
-2.557673955111603448e-01
-1.189547479258514784e-01
-4.780302791458712619e-02
3.549204575894382430e-02
3.455008036044135977e-01
3.893465099184387768e-01
-2.569024184388437604e-01
-4.030777827820193338e-01
3.053521029242265428e-01
4.878112062607673494e-01
7.812160055366668132e-02
2.160630149607101202e-02
-3.608875850688573195e-01
3.422855663490320666e-02
-1.144317866845012688e-01
4.138294417143466575e-01
-1.335748761088151326e-01
1.672358165615781544e-01
3.304878474770633900e-01
-2.043340487680351814e-01
-2.961526810830745760e-01
-2.969462762700789682e-01
-1.573540363744090342e-01
-4.055472453424719959e-01
-4.216666435674207847e-01
-1.239269378486529405e-01
2.747316471830441031e-01
8.148529173108620682e-02
-2.741558926559619636e-01
1.380690072450398986e-01
2.766582031445663503e-01
-3.584000793594830370e-01
2.338886947204432687e-02
2.892565059381269066e-01
-3.352543964250509489e-01
-4.422358105529049510e-01
4.079174718088633966e-01
-6.829392505302145366e-02
2.388149539597428372e-01
1.539532067435036566e-01
4.512772459911937872e-01
2.499503382663732509e-01
9.336855789872089417e-04
2.412421581249182267e-01
-2.945831484939231970e-01
1.307966924034680289e-01
5.397951854871196886e-01
2.063527628961931981e-01
2.509626178647570427e-01
-2.686138307786922752e-02
2.362196448277931182e-02
1.085367437215740694e-01
5.115919174513896550e-01
-2.768995545592467522e-02
-1.446918635576199819e-02
-2.373827820802896227e-01
1.925512025124112014e-01
-4.877390602417630561e-02
4.023138283663065806e-01
-5.047582994854238336e-02
2.564860717058810025e-01
3.357422299951196010e-01
9.073097369669724799e-02
3.537759798307948955e-02
-3.558644928047378642e-01
3.540101141039366794e-01
6.502252920796358637e-02
-9.669979155084540423e-02
1.096255780320039008e-01
-4.115868468135461811e-01
-1.754964832529282148e-02
5.048083686529380998e-02
2.033438126210151964e-01
4.630070524708873592e-02
-2.043254749386589353e-01
-1.785992624681576046e-01
2.197154276303123766e-01
-1.213881833398353649e-01
-4.625363283955969962e-01
5.401689787873564796e-01
6.060876649180455544e-01
8.311608982866314221e-02
-2.661281931880790097e-01
5.614624689532643487e-01
-2.611665749362037658e-01
1.653600169990010471e-01
-2.940730536198499223e-01
1.129912948471778478e-01
3.552174283365072682e-01
2.883927025658108434e-01
-2.238231319654637730e-02
9.966565837132357331e-02
4.200279658719541231e-01
1.016684188515428744e-01
-9.371225132938398872e-02
-2.826065275230327245e-03
1.136533926070395495e-01
3.649374774564133617e-01
3.068056711461197850e-01
2.808870327874526396e-01
1.721793053991103051e-01
4.860996709090406043e-01
7.657841947144738981e-02
2.546023296840154160e-01
-5.388986789853422721e-02
-4.501513779867192255e-01
2.284166156223053079e-01
9.424191063239462096e-02
-3.982923960713060652e-01
-4.675941245482704289e-01
4.101097665208381926e-01
5.865093021237974824e-01
1.414498828786410201e-01
1.996725920048980640e-02
-2.462862132318530684e-01
2.181762292120943414e-01
1.190758758896297564e-01
3.156337251522680631e-01
5.153850547550762329e-01
-1.847214058393165104e-01
-3.909295403855246320e-01
7.402527118633894787e-02
2.364706734229091722e-01
1.295151110261461014e-01
-3.929555403378195422e-01
-4.222977088328159212e-01
-2.243289511952282211e-01
-5.557899428112911266e-03
-4.849284576533481328e-01
8.837447003174592197e-02
4.057937224025573997e-01
-5.860796247529407310e-01
4.004816910543853581e-01
3.509445658159862091e-01
-3.689658330566256694e-01
3.410116364577850945e-01
2.407034050633063416e-01
1.588876280234217120e-01
3.780535748587379175e-01
4.684526304540348463e-01
-2.422777243464908636e-01
-2.271172582114253657e-01
1.817251252082723312e-01
-3.431217002331088395e-02
-1.039336399597043936e-01
-1.713312230311991868e-01
-1.324373232276396806e-01
2.553109200089744846e-01
1.105498094597390235e-02
1.495539248019550627e-01
5.075058504253693314e-01
2.140827739093609239e-01
-4.502083487210546409e-01
5.075402972679121660e-02
-1.864497052623477202e-01
2.618781929037972134e-01
-5.662213950229677550e-02
-1.747249114046178775e-01
-1.887994800155432529e-01
-4.489554311448875623e-01
2.095961486454731570e-01
-3.551914290178794786e-01
-7.599337353236457204e-02
3.398437056080760854e-01
-3.292209751469199475e-01
5.777287225287208727e-01
-2.816002465350635475e-01
-1.507743624351851608e-01
3.794146390989405759e-01
2.859487816604389110e-01
-1.692966950610044208e-01
-1.098326508819056357e-01
5.079341221857323063e-01
-1.182695116231338162e-01
-4.189689342263287486e-01
4.495014813527520303e-01
-1.889016630731363833e-01
-1.127065038810375341e-01
2.240599373515088644e-01
-1.216451283767749914e-02
-5.470914086196962955e-01
-1.691805710758593762e-01
-4.227112141739111095e-01
-4.320920712646190154e-01
-1.809715237584939018e-01
-6.926894186390608610e-02
2.437045577812000374e-01
3.477411418713476365e-01
5.040623106899424499e-01
1.641852497918652176e-01
-2.688122583466476812e-01
-1.739971545771670236e-01
-3.158828990684527938e-01
3.739134011787283995e-01
-5.464449859362341400e-01
1.125680177317356367e-02
-4.721477094786230566e-02
5.701358722347240615e-01
-4.756896810295003775e-01
1.212380283136802461e-01
-2.236504953502285176e-01
1.704646743190707525e-02
-5.304517923655520661e-01
4.412405062957125423e-01
3.262014902794501126e-01
1.039513734827632874e-01
2.032966636568911412e-02
1.231653390492670752e-02
4.298460809413189310e-01
3.647619531052761488e-01
-5.731099238337833413e-02
3.488166291202343672e-01
2.205303510957197233e-01
-3.184490352470170649e-01
6.484440317793271902e-02
-4.520147943389281053e-01
5.776730657985220674e-01
-3.037038523781827593e-01
9.381503008027891610e-02
9.037790884919605361e-02
-3.611011711114446854e-01
2.613653944376537197e-01
3.543049784601013386e-01
-1.889527426562400692e-01
2.609770154981756463e-01
-4.160686307028633735e-01
-1.040605498958138142e-01
1.588556173718425057e-01
5.571247878107099538e-01
-4.188415003161249928e-02
-3.753609318771040648e-01
-1.305021641177743774e-01
6.592973662105094945e-02
-4.980534521430692863e-01
8.743509507313795837e-02
2.129313869148932170e-01
1.255184506591477955e-01
-4.055537817133298972e-01
3.965616007791172848e-01
-5.634649870390227022e-01
-1.328926199145810116e-01
2.755450946655457756e-01
-4.303464634504194919e-01
4.816083608274599470e-01
-4.497193945397661707e-01
-4.525764656728714641e-01
1.623467412869583626e-02
2.880432363628573356e-01
1.599708707337779146e-01
6.035542703198508718e-01
-3.178749917227055022e-01
-4.875894166468688340e-01
-1.516586731570743751e-01
3.747453028986837964e-01
-1.783142225590550467e-01
-4.848798671514416014e-01
3.733873367276085986e-01
1.629088852494264827e-01
-4.175852383785283450e-02
-4.348764884066502745e-01
-2.445168639306576353e-01
2.778767287723136192e-01
-4.207694592355091245e-01
-3.949435964544782962e-01
8.818532399229361829e-02
2.634381543000223758e-01
5.916811939035060419e-01
-1.784474373646656176e-01
2.002659426374595597e-01
8.548340105117979704e-02
6.448745667677613369e-04
-4.067276227138618694e-01
-1.958700721292876423e-01
-5.956746771486631786e-02
-4.285537436355699725e-01
1.328164286639594849e-01
-3.687830595616752305e-01
3.426817703357274425e-01
-3.698364791074624236e-01
5.359337839178284213e-01
-1.299924882048726360e-01
-1.594857583811872814e-01
2.947385755641764860e-01
-3.595149844456821953e-01
1.384170345197324181e-01
-3.283288099318433240e-01
1.057110524317206313e-01
-5.452652620264499816e-01
8.772173774377911570e-02
4.564114102057423850e-01
-1.269880242358887301e-01
-8.747301327726475506e-02
3.671195333910759473e-02
4.750975897106490820e-01
-3.789825642567929975e-01
2.188143453055033660e-01
5.280638994455628676e-01
1.913809435305777740e-01
-4.030905067937045061e-01
1.966450944970921100e-01
4.491270856819085111e-02
4.887677060562731768e-01
-3.271907721981683892e-01
5.265444178668534647e-01
-2.290897115146588447e-01
-3.056827661328016532e-01
1.447952242465273542e-01
-3.002132499174967606e-01
-1.622431378466071550e-01
-5.541572824439855438e-01
4.182090327889831372e-02
5.936336337183680811e-01
-4.433723292253333170e-01
3.965170373440010110e-01
2.991153387655938189e-01
-1.704780303332844582e-01
2.298698108200625256e-01
2.592579790338414014e-01
-1.845942972648444425e-01
-5.012067410276648260e-01
1.123601411188603905e-01
4.049012570678520717e-01
5.377018557382573505e-01
-1.110529163249811546e-01
-5.378206924753392570e-01
-5.281880692865943416e-01
-3.831703215869968204e-01
5.480546752835868674e-01
-2.625716593836084911e-01
1.359541008566989007e-01
-2.805543665048251256e-01
-3.555736988410060917e-01
-2.063411707072351220e-01
-3.078238608298260459e-01
2.815091674509497821e-01
1.388950768670005331e-01
-1.174962782933137717e-01
2.188308158702056971e-02
1.907820463907370367e-01
-2.646268262723614484e-01
2.044747672495983437e-02
1.035659968296576139e-01
4.810510093744637672e-01
-4.923751967924117068e-01
4.939504019008520430e-01
2.493876939397505765e-01
4.316219454757055374e-01
8.556043040291427815e-02
2.905121446474545621e-02
4.977125149126688797e-01
-4.370299345966888183e-02
-3.322829109450022855e-01
-3.694345131173726315e-03
3.340779854124775738e-02
-3.416824212517921566e-01
-2.736266234115891649e-02
-9.766689026194441681e-02
-1.181949908832775620e-01
5.508092991053628040e-01
5.088153844601794873e-02
-5.736477925545946377e-01
1.104442139592665129e-01
4.459814963912673846e-01
3.559126705201371976e-01
-1.350103301182024040e-01
3.940854391037529325e-01
-4.192825999446823104e-01
-1.869909474192334997e-01
-2.310614625257336741e-01
-2.178575024937741134e-01
3.861473629076161984e-01
-6.722227154234960977e-02
-5.523321157697616002e-01
1.209155172251694665e-01
4.068423720099278995e-01
2.512461742486751248e-01
2.440184298965100140e-01
-1.627416021666059365e-01
-4.611466256510050599e-01
-5.693583096979439873e-01
4.384250929138939767e-01
-4.273179987045780948e-01
3.057491774275327145e-01
-1.011264691417697037e-01
4.903399147115656831e-01
-3.632037447902796146e-01
-1.625647770508829026e-01
1.412199341136810560e-01
-2.519143721823491333e-01
-1.538811564580111479e-02
5.937990160156481068e-02
3.858153922123719326e-02
-5.377033725796938057e-01
-2.869543272213794793e-01
-5.245710117918420679e-01
2.206600778331946344e-02
4.579750418655059718e-02
5.288054589422133134e-01
4.837316602343513239e-01
4.613700079967273382e-01
1.703443867334089035e-01
5.531424718778152894e-01
5.350614334945156259e-01
-1.265433984021413494e-01
-2.955372284828294838e-01
-2.381486430864416803e-01
9.821753052190729250e-02
-2.262992447505034477e-01
-5.844327325508560378e-01
4.849547115651997586e-02
-5.290570807406895781e-01
2.484837059045288399e-01
2.166906354972955029e-01
-2.778336822471052514e-01
-1.204780743056836911e-01
-3.287593606655532241e-01
5.428471307042936900e-02
6.285152363662760422e-02
4.642477128612085835e-01
-4.345580697266839820e-01
-1.000822339697435837e-01
-2.532735179253640112e-01
1.074975410420133670e-01
-1.903037107438407816e-01
-3.249553896147130416e-01
3.045852127689343547e-01
4.697766672288334888e-01
-3.547434866417571442e-01
-1.098652512905040624e-02
-5.556970761486441646e-01
2.239227784940567290e-03
5.897958607563946742e-02
4.032105119531852466e-01
-3.345438673748413194e-01
-1.385028831065735488e-01
2.703586676478000328e-01
4.115727425575901322e-01
6.072894962272936681e-01
-4.127645327620648175e-01
-1.584609698847874171e-01
3.256499569073216804e-01
4.625377541585198315e-01
9.542979103384396922e-02
3.111670943848796611e-01
-2.814679558169661533e-01
4.436742671823346029e-02
4.636022442496789964e-01
-5.462098589539188254e-02
-4.985010739800541657e-01
4.854838406637469461e-01
-5.366541531385538022e-01
2.925981112299158582e-01
2.148234902767427457e-01
1.040181768458436906e-01
6.503527091684357941e-02
-3.256352576772520990e-01
-4.345892910562580980e-01
-3.180518458626657718e-02
-3.107530708957098042e-01
4.005844096861199688e-02
-4.569595023839383430e-01
3.018405700210093912e-01
-3.422279634030322981e-01
-4.350577911542661269e-01
-1.185832728219029519e-01
-3.812074585126445925e-03
3.754256204031971578e-01
-2.839180027762377989e-02
-4.642858190268395191e-02
-9.949626852023740753e-02
-4.130005010573167823e-01
-2.588565452231765818e-01
-2.330482631499366519e-01
6.349228379944005241e-02
-3.099416167080537576e-02
-4.079048717190048023e-02
8.081854989739678530e-02
4.690611250255249942e-01
-5.186922025888485166e-02
-1.727777492439326323e-01
1.779995897655881620e-01
-7.718963710312998217e-02
-1.036128801925819687e-01
1.205345159295365676e-01
-3.314035856471910790e-01
4.064081702873671986e-01
-5.606805877879832423e-01
1.115244154133501198e-01
3.088795071751384569e-01
-1.397284046141713532e-01
-2.157853712898472054e-02
-2.657352551998339862e-01
-1.477953024333151788e-01
2.024990531822705719e-01
-1.588802846449457462e-01
2.530243433821119936e-01
-2.982866217830029143e-01
3.265852138388094517e-01
-8.346243099300210133e-02
-2.282002906061375569e-02
-2.974876993548427606e-01
3.525262961129165262e-01
2.222204103298599520e-01
-4.846824842155141866e-01
2.992403478610761169e-01
-4.263218739401875013e-02
-5.018263826805453576e-01
-1.440203916436546550e-01
-3.220434791473447689e-01
-2.027025716029751123e-01
2.202855286884659591e-01
3.950080961322566253e-01
3.789284589656105595e-01
1.217822117562663564e-01
1.900501069419711087e-01
4.156431728749820920e-01
-3.261413285251517635e-01
-4.809430259407312391e-01
-5.155802794785113718e-02
-2.695902158890035594e-01
2.506099127758343315e-02
-3.113259200051121667e-02
-1.183057313303592650e-03
4.802537651401976859e-01
2.862039007220698039e-01
3.693052923442987634e-01
1.588615618863116197e-01
1.033587121053924918e-01
-4.840421668702763469e-01
5.431922634880903544e-01
-4.820622028595433761e-02
-2.483331748994306309e-01
6.366065007867582892e-02
-4.452885179382199965e-01
-5.445949520856165904e-01
-2.186825475872922198e-02
-1.115431029785947104e-01
2.498499760961792049e-01
1.706702210570689715e-01
-2.750960267480948573e-01
5.702319044644044155e-01
1.095097333605483669e-01
-5.591559552118177123e-01
-3.248724861082452620e-01
-1.662363046425561208e-01
2.237581969099311507e-01
2.040152024686587851e-01
-2.122007837318555801e-01
-4.521477923549035438e-01
3.774827177333515138e-01
-3.264283311464621917e-01
4.183940603740667896e-01
-2.100482975824764509e-01
-2.149116558115693465e-02
2.282557822992536956e-01
9.248971282818008177e-02
-5.151817064649693023e-01
1.548113888355606704e-01
1.341839668166251442e-01
-7.582114686735152986e-02
-1.350715520584557794e-01
3.776592122515465277e-01
9.975417503077999015e-02
3.958154839841432349e-01
2.071642417381669432e-01
-1.327632783960011054e-01
4.365701393830576649e-01
4.269451028389505964e-01
-3.900099689967557737e-01
-2.978009435602286814e-01
4.173361208909494025e-01
2.921794615171791065e-02
1.482324846859928158e-01
8.416001058461120010e-02
2.110167361844617062e-02
2.238895271887901828e-01
-2.203985028763408849e-01
2.145642505799134625e-01
2.323608210416114872e-01
-3.758262290451259702e-01
2.055071534860761773e-01
4.305530179208281183e-01
-6.017638749695395362e-01
4.567171189631844541e-01
1.961498539575323719e-02
-4.488587413595253039e-01
7.024304626332433799e-02
-2.195493264856009930e-01
-2.591083062396055681e-01
-3.949052261882535220e-02
-1.652701831939396016e-01
4.595230190042967067e-01
3.605253587012580141e-01
4.363261047712114760e-01
3.984655783056547662e-01
4.403220084272474466e-01
3.105842281318231812e-01
-5.361806157369004566e-01
3.353616607092133606e-01
2.224529072667031926e-01
-4.113890253592114021e-01
-4.292487230756094618e-01
-4.040646291476068797e-02
4.489003132984379363e-01
3.606651368352951081e-01
3.536183416862730411e-01
-4.498207724786649209e-01
-2.473447055327646638e-01
-4.998012037817103348e-01
-1.520035942169304377e-01
4.061580732092231472e-01
-2.700289430097768673e-01
-1.784860718627729881e-01
-8.444573296926094486e-02
2.692634389810022455e-01
-3.450756337036677834e-01
5.749268628950323645e-01
-2.706032931131048258e-01
3.745625806524008894e-01
2.163408088719567246e-01
5.198815860179344384e-01
2.551260948279860941e-01
-2.011674115057786594e-01
3.268176707716516916e-01
-1.225305882016476389e-01
-4.152370616640954637e-02
-5.378464050381905892e-01
-1.224556654937209998e-01
2.237836288457328848e-01
1.114935241370007546e-01
-2.422899230835691142e-01
-5.249231976180617210e-01
-3.331812499798845195e-01
1.019566792321304760e-01
-3.523737980658214752e-01
-4.866730946130566338e-01
-1.995233036384771452e-01
3.085705534731530975e-01
3.483660692539185533e-01
-8.574187331404026224e-03
-3.577498294551331171e-01
5.811455756567696085e-02
-1.076638073947355778e-01
5.330178692210907343e-01
5.652826496295837444e-01
2.844735368732091985e-01
-1.190028382293863984e-01
4.232407576637697844e-01
-4.671423576795579180e-01
-4.721506291235311181e-02
-5.545926596859125368e-01
-1.534593648710291802e-02
1.728424138904918195e-01
6.476333045617366224e-02
2.043120347065032760e-01
-5.324451020663056866e-01
2.455781834817560849e-02
-3.179965547831162809e-01
2.071038565088434424e-01
3.686483102417792423e-02
-3.235699934815103873e-01
-2.016076188063440355e-01
-3.744173535062298441e-01
-4.729206210644409936e-02
-1.703717256524690526e-01
-3.168857662222723803e-02
4.943628214738033932e-01
-3.484497737240461746e-01
5.423594394009088049e-01
-5.133099198336399382e-02
-1.913458814817321496e-01
2.668656043582826598e-01
-5.120006734962512240e-01
4.096791743304120104e-01
2.395499494764408155e-01
1.862747633518013757e-01
-4.812338615302440559e-01
-3.883232328319774496e-02
1.279670468633842262e-02
2.356725326693895894e-01
-2.316392809733240910e-01
3.516734755986217209e-02
2.304027599610964927e-01
3.114438376878858605e-02
3.192388581634117983e-01
-5.228626698621674507e-01
5.402710649710424917e-01
-4.566748662568738126e-01
-2.541423891193073104e-02
4.840966632906411604e-01
8.145931751088486550e-02
-8.158922996828188445e-03
3.307272503413294373e-02
4.073052679599058479e-01
9.607081559000185678e-02
4.565582765563291900e-01
-1.489091490495306758e-01
4.572429266953461635e-01
-2.084398285557611530e-01
-2.836235842280494523e-01
7.464914068263350799e-02
-4.670766869170241975e-01
1.008990901745807633e-01
-4.401751695927460517e-01
1.831665391174990276e-01
-1.020555399778775296e-01
3.014399512583398888e-02
2.807181717988695979e-01
3.660450459613695529e-02
-1.382470857324546998e-01
-3.916188730252683214e-01
5.932338504135810098e-01
-4.889878593043395227e-02
1.019267346093268856e-01
-1.208798927252132671e-01
2.968880029147937805e-01
-2.706781016389090411e-01
-8.621440929296309008e-02
5.447812298227105998e-01
3.771115392908193087e-01
-5.248194509648937967e-01
-4.062447967404807514e-01
-3.331685861602240450e-01
5.427374117191421377e-01
-1.843684790738340240e-01
3.682367845325433819e-01
1.258551523016917528e-01
-3.494865017519002137e-01
5.690322901798587907e-01
3.147938201072655318e-01
-5.270534281217509331e-01
4.944612361596991690e-01
1.604644377028794366e-01
-5.962414502310116049e-01
-3.893614017581290554e-01
-3.025725875669067477e-01
3.284752560557500090e-01
-1.165250586225790030e-01
-3.190574318833201417e-01
3.688583111564138761e-01
-7.430150813524249997e-02
4.924131687411748004e-01
4.368853320482024571e-02
-4.389270324936891399e-01
-2.867997870957363915e-01
2.252364954816767906e-01
-2.909725638600662023e-01
-2.719126317500952794e-01
2.078387270046686552e-01
1.598739493547274293e-02
4.242112695410664713e-01
3.463637494950315698e-01
-1.514458143303629711e-01
-2.303900846463724505e-01
-2.685712046976806988e-02
-3.500569726760698330e-01
-2.485436185307277057e-01
-5.484066844047026379e-01
-5.107803363884979575e-01
9.604433727433558943e-02
1.088070946163757213e-01
-3.669214093972952284e-01
3.920576769784487325e-01
-5.460157134552225955e-01
1.613287198784219001e-01
7.546656261753437178e-02
7.897181410716491712e-03
-2.643960773444238299e-01
4.370917654891082194e-01
4.850846705481259846e-02
-2.135728681014956720e-01
-1.004745670712559047e-01
-1.623258552119413167e-01
-2.601279894358485834e-01
-2.074023410211172092e-01
5.430791901533780219e-01
-5.584492544951080717e-01
-4.661021241816030170e-01
3.472103110010040794e-01
-2.370045453727689377e-01
-6.981482892106249949e-02
3.568718364015737166e-01
4.448359602589508910e-01
4.543069769915053513e-01
-2.489981776011367387e-01
1.481933843717841981e-01
-2.017545884762093067e-01
