4.697000000000000000e+03
7.471000000000000000e+03
8.168000000000000000e+03
9.304000000000000000e+03
8.039000000000000000e+03
1.022500000000000000e+04
8.414000000000000000e+03
9.078000000000000000e+03
8.411000000000000000e+03
9.103000000000000000e+03
9.723000000000000000e+03
4.991000000000000000e+03
5.962000000000000000e+03
3.227000000000000000e+03
9.244000000000000000e+03
7.373000000000000000e+03
8.758000000000000000e+03
7.200000000000000000e+03
8.154000000000000000e+03
7.954000000000000000e+03
7.009000000000000000e+03
9.310000000000000000e+03
1.007200000000000000e+04
4.904000000000000000e+03
1.902000000000000000e+03
1.041700000000000000e+04
8.459000000000000000e+03
1.014600000000000000e+04
9.080000000000000000e+03
8.798000000000000000e+03
1.627000000000000000e+03
8.865000000000000000e+03
9.727000000000000000e+03
8.866000000000000000e+03
1.013500000000000000e+04
1.008200000000000000e+04
7.778000000000000000e+03
6.336000000000000000e+03
4.704000000000000000e+03
9.026000000000000000e+03
9.939000000000000000e+03
6.227000000000000000e+03
8.092000000000000000e+03
8.151000000000000000e+03
9.934000000000000000e+03
9.167000000000000000e+03
9.596000000000000000e+03
1.022500000000000000e+04
4.444000000000000000e+03
9.920000000000000000e+03
5.576000000000000000e+03
1.105400000000000000e+04
9.655000000000000000e+03
1.112500000000000000e+04
6.742000000000000000e+03
1.707000000000000000e+03
1.043200000000000000e+04
1.084400000000000000e+04
1.032000000000000000e+04
3.771000000000000000e+03
6.529000000000000000e+03
9.561000000000000000e+03
8.774000000000000000e+03
8.798000000000000000e+03
5.050000000000000000e+03
1.051200000000000000e+04
8.470000000000000000e+03
1.053400000000000000e+04
9.725000000000000000e+03
9.155000000000000000e+03
9.831000000000000000e+03
1.133200000000000000e+04
1.008400000000000000e+04
1.049600000000000000e+04
1.049300000000000000e+04
1.007100000000000000e+04
9.965000000000000000e+03
9.356000000000000000e+03
1.009800000000000000e+04
9.048000000000000000e+03
1.139000000000000000e+04
1.010600000000000000e+04
9.195000000000000000e+03
9.807000000000000000e+03
1.019300000000000000e+04
9.658000000000000000e+03
6.365000000000000000e+03
1.046900000000000000e+04
9.337000000000000000e+03
1.018800000000000000e+04
9.771000000000000000e+03
1.042700000000000000e+04
1.100100000000000000e+04
1.053300000000000000e+04
1.066900000000000000e+04
9.415000000000000000e+03
1.081200000000000000e+04
8.756000000000000000e+03
1.023000000000000000e+04
1.036200000000000000e+04
