-2.669318239892062294e-01
-5.015176548520656752e-01
-8.472881124660585073e-01
-3.385130443691428681e-01
-9.955287165753450296e-01
-7.208372193105496706e-01
9.860330730453981118e-02
4.351232285396058330e-01
5.876637742761401384e-01
5.185351073481756501e-01
-5.525707222626312642e-01
8.785765939029186455e-01
8.219127308790881159e-01
1.526411252256878015e+00
-3.382123759966448873e-01
-2.626031323728188482e-01
-2.436342373952804508e-01
-7.875608299932617129e-01
5.127648189373354981e-01
-9.395929713356325763e-01
4.161364294475760062e-01
-1.136917435924396536e+00
1.444785448849383869e-01
5.979525786962280876e-02
6.548600617851674244e-01
-8.551864971867404464e-01
7.232458855423704591e-01
-1.948096951360138718e-01
5.443070913940450950e-01
-1.006971535840928578e+00
-1.342811245037407453e+00
-7.626322141465742277e-01
8.174785569130698093e-01
9.502397321916866701e-02
4.454702369814143026e-01
1.061057973292488299e+00
-4.890172767661642439e-01
-4.988956328731344314e-01
-1.296144012579834026e-01
5.759418023027595979e-02
1.240022797251638664e+00
-9.306749622677532585e-01
-4.910078307575158618e-01
-1.134330672320986277e+00
-6.367639515832301811e-01
-1.281927442069017431e-01
2.226683879814856937e-01
-4.625400681722711127e-01
2.732245856406381179e-01
-3.979035443850129639e-01
2.204410189332994818e-01
-5.251884503301607054e-02
-1.489788282932726915e-01
2.125462053832229969e-01
-4.020823980209895510e-01
1.896940157114634928e-01
-8.372392170803584222e-01
-3.695693001847217829e-01
-6.972253067039133612e-01
-4.491900484658337689e-01
-4.934255927117545681e-01
9.548349186781539544e-01
-2.990773464338039034e-01
6.430770887289867233e-01
-2.929888012582191337e-01
-6.052437288261476311e-01
4.403175518692705737e-01
-9.212260219850305631e-01
2.570908764663135671e-01
4.146394260692503053e-01
-8.804032945094695251e-01
7.001835915266871879e-01
-3.494981769661364979e-01
3.426920545175438093e-02
6.908973983812805031e-01
2.642310248912016490e-01
1.101006051068178948e+00
3.619032497795506842e-01
3.983843437540279808e-01
-1.252830040640793285e+00
-5.419546895890601235e-01
1.907376196432171156e-01
-7.839135256392930629e-01
-1.519316731058797387e+00
-4.876219384950957192e-01
1.146296674064938514e+00
-9.568583465626350204e-01
1.371026490579383861e+00
-5.508104231553883068e-01
-7.086407542785195801e-01
9.301905827751770772e-01
5.194938374002209258e-01
3.724059537267194742e-01
2.206346688269942291e-01
1.455817755737260910e-01
-3.646788124418467447e-01
9.775621671398315726e-02
2.175258584211761104e-01
3.779382230187886549e-01
6.268384165758345006e-02
8.839988576986197444e-01
-2.819065484257459175e-01
-3.128267354563227798e-01
1.395043333457479662e-01
-2.039513584917749256e-01
-6.219147184398625683e-01
4.888170751668177161e-01
-7.390918809142554835e-02
-6.836772023242296825e-01
7.707621338013606049e-01
5.260348298141899193e-01
2.580911934422740472e-01
1.705718157554764858e+00
-5.277818876649273960e-01
-4.908622276156382469e-01
-7.316496546446522586e-01
-1.105432999288853413e+00
-4.578117464774305034e-01
-4.771237542330641901e-01
2.894504316865553761e-01
-2.687574853381837769e-01
1.071323119361480281e-01
-5.624651539473060069e-01
-5.923957115631708348e-01
2.667616302287161290e-01
-1.008184286752476844e+00
-8.027393713592161362e-01
1.141588058889894342e+00
3.846612812146474880e-01
-1.577546106125220504e-01
6.179185661234063431e-01
-1.161182026112006049e+00
-1.070546338857884194e+00
8.770664824456586572e-01
-1.460615130291031072e+00
-7.834956725983497350e-01
7.407159907861506909e-01
4.209310217448889446e-01
-6.228864153622906130e-01
-1.269500346977299632e+00
-2.707846261837785207e-01
1.293789322934747688e+00
-5.064921910071493727e-01
-1.054893104856748920e-01
-8.168095232096046487e-01
7.937194003009295784e-03
3.525577607193239871e-01
6.428660147301741290e-01
4.008006024076351537e-01
4.164265343888784443e-01
5.890671466560082337e-01
3.814242298695189604e-01
-2.403197767782847549e-01
2.346564302222304832e-01
8.022229133737868167e-01
9.110740302667066359e-01
-4.131362977619446042e-01
-6.748689107150536159e-01
7.290644236201444528e-01
-1.296159445616722916e+00
7.762930755239061398e-01
-5.218486692190351661e-01
-7.611814478923308869e-01
9.809795593409997849e-02
7.751367025696609403e-01
-1.322669362486608602e+00
-2.642607585691614247e-02
-1.524493279009906388e-01
2.531532466972805651e-01
-1.062388798052748662e+00
-9.878831601842632537e-01
9.367786981034376126e-01
8.854038604764022935e-01
5.652695141182793037e-01
-5.495748962921300773e-01
-1.317644740838818329e+00
-1.502547300039767109e-01
-1.215544703942380345e+00
-4.585719063016195918e-01
-3.114097714512187309e-02
-2.927938399725764640e-01
5.475347365845877334e-01
8.948352574101994250e-01
1.467318024866754556e+00
-9.950618243233408933e-01
5.578185467952270216e-01
1.154140262517459270e+00
4.813652400822734378e-01
9.940490298271171810e-01
-9.729091253397523786e-01
4.511509548187078167e-01
-1.267495351340279797e-01
-3.135804960391164187e-01
5.701417284431968824e-01
-9.304377461157002926e-01
3.820249966186466395e-01
-1.072502962632309487e+00
8.318513597538768067e-03
7.788710661350783937e-01
5.185064746927814383e-03
-1.618054508200010844e-01
-9.645747952010648163e-01
2.682340847839279618e-01
1.092112432966949598e-01
-2.102712554740371331e-01
-6.582152044795730461e-02
3.725968061837958700e-01
4.167867859023175470e-01
-4.482197148731437153e-02
-1.448442560126173007e-01
1.495569975489718040e+00
-1.143703230121905001e+00
-1.329876160472132085e-01
7.949045948381527893e-02
-1.228964907420629693e+00
-1.496348760259583521e+00
-1.363623308902282005e+00
1.022919890116335218e+00
7.256763212078354286e-02
-9.354814801652029388e-01
2.857492998078283719e-01
3.197145997052066591e-01
1.491476537162693461e+00
-1.647792950283513136e-01
-5.722527439468825250e-01
3.434022081155223560e-01
-1.970158444980443235e-01
1.998661088280488940e-01
-5.410789013737176134e-01
1.754937950459147800e-01
-1.815489210557430511e-02
-9.409726837938077182e-01
9.088094243880009415e-01
6.392103649714631075e-01
1.849261720980246437e-01
-1.696760818886158262e-01
-2.124536637178939813e-01
4.505595509902651230e-01
-1.087789950977210651e+00
1.171929459342363700e+00
1.413402917136519221e-02
2.859896106255543913e-01
-1.180080363548182021e+00
8.677653950513146697e-01
-3.398052165850149464e-01
-2.285725634266864148e-01
-1.225562254141460805e+00
9.164300830364933148e-01
7.559405458183654503e-01
-3.566306421623872680e-01
-1.231501413575308845e-03
-3.687559311989989652e-01
-7.193752687324463935e-01
2.599652599178838841e-01
1.956424610630378425e-01
-7.339967712564634539e-01
1.234976811760439830e-01
2.040683768905449114e-01
-7.474559416969590586e-01
3.020465924912532074e-01
-5.081095334045215850e-04
-1.021179595844338373e+00
-1.425663033280129000e-01
-4.229607973740998617e-01
2.559479153847661337e-01
5.266737644644496896e-01
-1.189408454067732990e-01
-3.128204713939295445e-01
2.708619009606216821e-01
-2.420897550765754858e-02
1.204070472446786333e+00
-4.483767004002290335e-01
7.538638474270857870e-01
8.722345552064059149e-02
-5.080171230620251777e-01
1.079982461144965988e+00
-6.216351933533044161e-01
-1.742627566006946793e-01
-6.532292453483838912e-01
4.748309527819216669e-01
4.697450629066786121e-01
-7.470682934121848362e-01
-4.844428064796524325e-01
-5.828403057568545265e-01
-3.790381536757863046e-01
-5.204140884156593927e-02
-4.555759007808148908e-01
-6.321789020016161942e-01
-8.397141184874161723e-01
3.486251627625422955e-01
-3.634039159015305387e-01
-4.151194001946514334e-01
6.663559821861309018e-02
7.754630178882848668e-02
-4.238109137757026801e-01
-2.458371391506961601e-01
4.314207453285234806e-02
8.315875231899152453e-01
1.164458541766969724e+00
-1.099392231410947218e-01
5.290250786903305524e-01
-6.101750194641875069e-01
1.014518082160359214e+00
-1.044720276476579279e+00
8.914529078348465418e-02
5.731600255051692017e-01
-2.661051488506833707e-01
7.320702295280945293e-01
5.034262382796663715e-01
-6.540814905824134939e-01
1.370556734371613850e+00
-6.918209331676807849e-01
-7.817874497447796500e-02
5.501271787413575254e-01
-3.473547680290867135e-01
-2.455754880049081379e-01
7.596865579579157313e-01
-1.594418121596730131e-01
7.788730692810723610e-01
-2.821908328691051793e-01
3.439432284714367682e-01
8.611171194837119458e-02
-6.935710153145748791e-01
-2.427275166605262768e-01
-6.279835282895538384e-01
-4.983739167380250024e-01
-2.472352867505280827e-01
2.252336598410300539e-01
6.825697637489653857e-01
-7.964053291077091146e-01
-6.074893946109227727e-02
-6.609033930863992268e-01
-4.959821520592058164e-01
1.012199730632064920e+00
-2.933804187972146593e-01
-2.315465378334184976e-01
-1.557690061023411232e-01
1.266453140364738772e+00
8.611773167384679795e-01
-1.112428638798785840e+00
-7.220594009372574007e-01
2.709688974518709159e-02
-3.592549829295901276e-01
-2.660246155548033897e-01
-8.959624680011444298e-01
1.120070435555008181e+00
-5.150530262790038449e-01
3.891027894437542045e-01
-1.579382435311741162e+00
6.308447517621029732e-01
-3.770064854307548785e-01
-8.077520532022788302e-01
-7.974348531309916055e-01
7.042926598518555181e-01
-5.663412213418084207e-01
2.970219311597697143e-01
-4.180733095759139317e-01
-8.302854670941606230e-02
7.924821846647667201e-01
1.178598207883117865e+00
6.145599971385085070e-02
9.083256939648043371e-01
6.267379516976401277e-01
1.154533499944498942e-02
-4.170297727690730483e-02
-7.211794612715003439e-01
7.975474453169422162e-01
-1.465027870462618509e-01
-2.146691023999363068e-01
-6.412853272974352592e-01
-2.543861702825491733e-01
1.061915567297103458e+00
-3.487468947068634861e-01
4.856159469452947519e-02
-1.665959161277163592e+00
-1.227937645393795130e+00
-5.034163949223788848e-01
-1.675563164868423272e-01
-8.345156945595775255e-01
-1.041452667023545775e+00
1.252494165478326593e+00
7.204380653665491963e-01
-3.038760189538454171e-01
-6.870019308094503785e-01
5.455346957565767596e-01
-4.270711155328958952e-01
-6.637099577675389384e-01
-7.903551234726036157e-01
2.878311045339998486e-02
3.869983673162167293e-01
6.339624659651788008e-01
-4.026659036111182033e-01
-3.703853631568811977e-01
-5.914643463469948514e-01
2.467350481363785875e-01
-5.244299545807287188e-01
-1.306021403891585386e+00
8.331309437498379822e-02
-3.706780883765858903e-03
4.257495502471364546e-02
-7.778686764406907983e-01
-4.403073310216063518e-01
-1.255265943422465114e+00
9.213363599250490310e-01
-1.577078522282526762e-02
-9.921159648910125028e-01
-5.974422914438566323e-01
2.634075220973466358e-01
-1.928745240549307738e-01
1.833157261841211749e-02
8.926187111401251428e-01
1.717863394532246346e-01
3.991763616098564782e-01
-3.728146620759194008e-01
1.028303939278805146e+00
-2.529438662618384015e-01
-1.322287401155806563e+00
2.098422822898990958e-01
6.986810372312168838e-01
-4.491945784279511855e-01
2.741299464931916674e-01
-1.246751294185099113e+00
2.339009613028455448e-01
5.982807804138499108e-01
-1.052333983319435617e-01
-3.970328970158600868e-01
-2.581927585350225485e-01
-4.417091552845908708e-01
5.931220047375287407e-01
-3.937636553979935172e-01
-2.976115529783722735e-01
3.309028802993152496e-01
1.346670495150457114e-01
-5.172088533448180314e-01
1.179072600412656158e+00
-2.408919824159552192e-01
-1.955802439033327289e-02
-8.070539407281085431e-01
8.001203835253001273e-02
-9.657672419705409794e-02
-7.620880108992889035e-02
2.241800325673111161e-01
3.308725212276177885e-01
3.378885212106661484e-01
-3.958819360493457395e-01
-1.266559269300229218e+00
-1.112046016399679260e-01
4.999250194557856020e-01
-2.638408129295832794e-03
-6.446755796609853206e-01
-5.866266674322888619e-01
5.089522579399297086e-01
-1.588336349783681101e-01
-1.944685575527325128e-01
-1.249825535342999672e+00
-2.996261882627102580e-01
-9.899467138605793082e-01
7.466015099132139454e-01
-5.355164415989364102e-01
-6.377779052795382597e-01
5.615188629256362418e-02
-7.535241507654681925e-01
-8.044804310372102307e-01
9.865040548081474014e-01
-4.910938722315565386e-01
1.800023428387564906e-01
-7.951921734858213853e-02
7.047980523244588014e-01
-1.717912127709724235e+00
-3.186265346819769917e-01
3.957753503522791760e-01
5.709364754353440929e-01
-1.766756132030621096e+00
-1.492216731837329391e+00
-3.514039687082508578e-01
3.502091566699387926e-01
-1.023797722362711493e+00
-1.084439881488989954e-01
-8.200201833304365806e-02
-5.225191002454945277e-01
-6.446578446919932759e-01
4.628391332099832667e-01
3.625132847705287986e-01
-9.913813167257217174e-01
-3.430904624942652248e-01
9.119366246117532881e-02
7.719188044569165186e-01
1.131650905122287831e+00
-6.560817930373206153e-01
-2.014914518642809682e-01
-9.341552947879669944e-01
2.026347700996025125e-01
1.723115996502571079e-01
1.290923813614845983e-01
-8.653600994709096383e-01
1.362289869347888427e+00
4.345924766274755768e-01
-1.010647596591945252e+00
3.081825839304510595e-01
-1.093965953250606304e-01
-7.387379809028118416e-01
-4.346595439026952334e-01
6.304021248287030588e-01
4.128508156630816828e-01
1.744095577599944491e-01
2.832629284598189301e-01
-2.254942405845534736e-01
3.785716421943465804e-01
-6.348741444258996225e-01
-7.621118175521708338e-01
-7.557702503817322892e-01
-5.174752153131789711e-01
3.151578620364876571e-01
-2.663527625624064754e-01
4.717399767400003441e-01
-1.279886584589915444e-01
-4.600845346101820610e-01
4.783110502224374727e-02
4.901289743606689342e-01
7.049916207585473771e-01
-6.067789485049432940e-01
7.946398855493574942e-01
-3.312270628721334376e-01
1.717818984973775720e+00
9.022211324650886155e-01
2.986600093137976586e-01
1.084970421849476452e+00
1.150839570671050360e+00
-6.162982565292960402e-01
-1.797162705195223253e-01
-9.079947235765963853e-01
-1.052539454303333954e-01
2.012548412022585609e-02
9.987210322428596854e-01
-8.190620630121010493e-01
-7.604898246047113730e-01
5.602723971101086775e-01
-1.721982215106550029e-01
7.623188779580356567e-01
-7.732981503639706489e-01
-3.401247829043541060e-02
3.519417696366469173e-01
-5.247373036884539488e-01
1.535000706183211605e-01
8.815336649336913410e-01
2.541820286889571179e-01
9.648329965198705338e-01
5.296892401482988788e-02
2.736092755285994826e-01
-2.704304007037166002e-01
-7.041974888417437128e-01
4.518116744872333612e-01
-8.189891671611704282e-01
-4.824330711620667955e-01
1.117600752837919487e-01
-2.912533871035138944e-01
-4.498816707669393011e-01
1.384768952446098211e-01
1.963957227052208765e-01
-2.666351181610338017e-01
9.221805107619456265e-01
6.095254826505698276e-01
1.258977486799466305e-01
-1.526923461334801058e+00
-5.355811710815761018e-02
-1.025931824184487251e+00
-1.114831143066750130e-01
9.557048163027470622e-01
6.015198871962201821e-02
-2.293048104064174808e-01
-2.402774003991039464e-01
3.570753182189658759e-01
-2.618125628796201809e-01
1.476194734643456741e-01
-9.766517597352653013e-02
8.581346281059438752e-01
9.125478321395386061e-01
4.248614076444692245e-01
-1.198286917300377397e-01
-4.177181433828387469e-01
-6.425625153520098110e-02
-5.007429143661701332e-01
1.049402230856877338e+00
7.263522920267106997e-03
-6.330324466833907593e-01
-5.423573114889288505e-01
-7.322457037026044446e-01
1.043334281310287714e+00
-1.041300299359732229e+00
-8.050775826891776177e-02
-7.075620124496584396e-02
6.037016816790252705e-01
-1.559316202516818350e-01
1.124135814683010715e+00
1.290014192095084056e+00
-9.309756824284365351e-01
3.272324428515176464e-01
4.862481205655191374e-01
6.636941367098403433e-01
-2.818196615285719631e-01
2.521239254330058799e-01
-4.069301510825322765e-01
1.454948265014098574e+00
1.201823396036392211e+00
7.244927962622238482e-02
-9.807652469446193066e-02
-3.162129109735047905e-01
5.650718575264876975e-01
-9.966495560227972561e-01
-6.940440246405064073e-01
2.988152531835037706e-01
6.194589283296414450e-01
-9.300086739844033445e-01
-7.068720589414105859e-01
3.364319134312845350e-01
1.260065920872256662e+00
-7.503680747778309623e-01
-7.378843528274652286e-01
-8.873379271372900945e-01
5.448648262669664177e-01
8.362299073214565226e-01
-3.581563972468577717e-01
2.198464411835203691e-01
2.068887693085823543e-01
-1.729465090679704886e-01
4.989289899043107823e-01
6.671162023964463117e-01
8.659217062521218367e-01
-5.367186955694220885e-01
-3.320513176533603783e-01
-9.259535451306355469e-02
7.013064125658496906e-01
2.044493991198246263e-01
5.929746412740266592e-01
4.182396105476335890e-01
-8.383871090358576694e-01
1.130644230608615075e-01
6.526938518046883075e-01
-2.175531353339446028e-01
-6.243591486377884081e-01
6.320364414918921980e-01
-3.097645950582919028e-01
-9.230288890458577811e-01
-3.216820900440042763e-01
3.191116782334946222e-01
-1.831189513054329865e-01
-3.944380059767427227e-01
-5.048178851834626002e-01
-4.857349445060235027e-01
-8.770925969150944468e-02
1.395684145978797197e+00
-5.070737161890370714e-02
5.657894261462974583e-01
-5.514038442203208490e-01
6.243283458683102083e-02
-3.997213012466023230e-01
3.047674744425030724e-01
-3.377756515816301430e-01
1.567409668729613514e-02
-5.085156222521067804e-01
-1.335548288843222409e-01
-6.113748051211116419e-01
-4.160217728749024957e-01
-1.211762691265967362e-01
1.306515738263875903e-01
-3.988116249924988921e-01
3.209488925665846537e-01
1.130233315842286146e-01
-3.947441231694135411e-01
1.229549307809564063e+00
1.726623028636620205e-01
1.529770302501312074e-01
5.417806563100580064e-01
-9.279206789320681992e-02
-2.363460548387728011e-01
5.371136751223151151e-01
1.033970671758046578e+00
-2.248846178855909983e-01
-1.039475665339359978e-01
1.236189840141372898e+00
-1.081560329575622426e+00
1.818016832533331240e-02
-1.372733641471939325e+00
6.424474083814413206e-02
1.234998439817358573e-01
-2.022038256942595424e-01
-2.103369913124044643e-01
-5.309610082330165071e-01
-3.013575824995688990e-01
-7.210406295593321246e-01
-5.846911424828249437e-02
7.268122000938506133e-01
-6.602376711975654899e-02
6.675671396677715919e-01
-5.384739909660503088e-01
-1.186694958181790938e-01
-1.696883477763178050e-01
-9.169814155667328492e-01
-4.201374722893991276e-01
8.359839376898925423e-02
8.045788721768900587e-01
3.230211963396882879e-01
-4.139905642203620673e-01
-4.201459977582118199e-01
-1.061588003607716324e+00
-4.257944259743657867e-01
-1.173112404049359014e-02
7.464235800043494962e-01
-3.216662287294766998e-01
1.733083046329465304e+00
1.639579607566005848e+00
-5.902987978025961979e-01
1.211911802346783418e+00
-1.657774885906313500e-01
-7.654096669677556974e-01
-3.444355673854424538e-01
-2.605422252517479720e-01
7.477693023380558301e-01
3.347307237511687461e-01
4.583494826770238006e-01
-5.923164377920704382e-01
-7.836171350665006585e-01
1.066777839550953288e+00
-1.094541003634640575e+00
3.024135156796052826e-01
-4.460190305737654626e-02
2.750832443067272592e-01
1.379266704017505063e+00
-4.811409874755439020e-01
-9.280647966429853568e-01
-1.086171674911247109e+00
-2.546623203072169161e-01
1.216665161455541266e-01
6.805152124559636917e-01
-1.916729691030472083e-02
-8.897864119141711825e-01
-9.862316650246416572e-02
-2.299638112676598567e-01
-9.927278847287208663e-01
3.979410468962107927e-01
4.104743198927867098e-01
-6.160633776393531491e-03
9.344708904741194644e-01
-5.665797644702177394e-01
-3.376372275018093561e-01
8.494942240037639536e-01
3.052346566298602681e-02
4.456442185892317553e-01
-2.527581853749945040e-01
-6.584458278795004560e-01
7.342235435469461891e-01
3.495667203655923316e-01
1.849103929521822565e-01
5.674492105875170722e-01
-9.134134032324841002e-01
-1.686634090363083871e-01
1.033939860928565935e+00
-8.245934349189392165e-01
-2.739072477529740368e-01
5.289521436638002783e-01
-5.457985671692417995e-01
-8.586395398964441483e-03
-4.828245955887586760e-01
-7.148721272227511747e-01
1.371515966007242682e+00
5.582440394849719212e-02
6.061009771701133531e-01
8.445982993510288139e-01
-2.709941202532331062e-01
-3.959839558620394939e-01
-4.716105991548467102e-01
-1.027016524109265916e+00
-1.267431261903856132e+00
4.937766975269486380e-02
4.072971606374302667e-01
-8.123241301929624569e-01
8.762689763066973114e-01
-3.605871643760938383e-01
7.103029724451284110e-01
-7.882686603408801673e-01
-8.014522679085054335e-01
-2.070256654271664942e-01
1.970174612145738635e-01
-3.901998374727631003e-01
-9.764463504456335485e-01
-5.192030749096163689e-01
-3.883804198124600759e-01
-1.244655120620282052e+00
4.023658686229039105e-01
-1.932651415680997076e-02
-4.186591979494984628e-01
-1.000934837772425645e+00
-9.434489098435872023e-02
-1.260249430197660114e+00
-9.358667226782930726e-01
2.779903241768311162e-01
-1.383334526355585403e+00
1.089904303702934563e+00
8.806261267730386422e-01
5.573007129522888903e-02
1.048232250740278815e+00
-5.950117873937132984e-01
-9.942472756639872955e-01
4.470044789892622106e-01
-1.279816652721024184e-01
-1.203935992006766043e-01
3.398631254302113547e-01
2.969463356410706467e-02
-8.537423168468718515e-01
-1.009793802536531615e-01
-6.330111194971852484e-01
7.943260851436289016e-01
-6.210183564731099892e-01
-6.746298675945174850e-01
1.344483624309003034e-01
3.256327713908291344e-01
2.310385351785892993e-01
-2.342216514504507074e-01
-4.096858632788569210e-01
1.118622373321196406e+00
2.301145747439248268e-01
7.581431214042932965e-01
1.744405738896528391e-01
5.798822836398382918e-01
3.077508287883539140e-01
-8.069257310448971765e-01
-6.803097296159581475e-01
-8.245044044250882109e-02
-1.881936516535720472e-02
-8.789689827221760510e-01
2.285483503565366448e-01
-5.573157462049991295e-01
1.077946338767434398e+00
-1.081808887347051051e+00
6.004495862540579765e-01
-6.801175953125904172e-01
1.444715298737751397e+00
7.325762179736949875e-01
7.802521154183059693e-01
9.688981536459344568e-01
9.495337398365855108e-02
1.359523174668524348e-01
-8.086900817284812248e-01
-4.213611157012824293e-01
-3.789664760683546518e-01
1.332441484980142477e-01
4.079325167359995064e-01
-5.958763532299720111e-01
-9.273567316317121723e-01
2.781064609893082462e-01
-3.951102416719125543e-01
3.705693520783492900e-01
-4.838641350339045744e-02
-2.324585274050248174e-01
1.505230970278779168e-01
-8.883568760422067001e-01
7.126053649700683224e-01
6.785312357825290519e-01
7.256195629021444660e-01
2.324636810336766501e-01
-1.433845726293836442e+00
1.167673429836666443e-01
3.764834957221250278e-01
-1.687069991401575209e-01
-7.230040500104459866e-01
-2.150626772983406099e-01
-1.174951297780020720e+00
-3.773636200873538016e-01
-3.549061716444139591e-01
5.104560293913422697e-01
5.527557394936266633e-02
-5.654579491645144174e-01
5.898696724719085793e-01
1.200913654234220473e+00
6.087979148443158905e-01
-7.530278145734312645e-01
-1.781765552817233811e-01
-1.491367581154353417e+00
5.933154830265161550e-01
9.764484878363388631e-01
1.323635608887485660e-04
8.089293053471191541e-01
-6.306235822741790287e-02
2.903495993766460614e-01
9.523986309996459454e-01
1.145775525398622818e+00
-8.985365810875132198e-01
7.351847015252364059e-01
-2.661583644478806576e-01
4.563906038676179833e-03
-1.317468899343989808e+00
8.992550407299502169e-01
1.173622296192196046e-01
-5.048765767903660162e-01
-1.266951610091587188e+00
7.857571879086888700e-01
-1.473712826250768160e-01
-1.946416338064054230e-01
-6.966046205190492557e-01
3.638946037993164850e-01
3.087024211596212098e-02
6.072957034081669647e-01
-6.535069886202595768e-01
1.075016311937726954e+00
2.921237384135908499e-01
-7.066736490440970186e-01
-3.051382697567417424e-01
-3.468385744506159440e-01
-2.705067001230574419e-01
-7.291248174852587027e-01
-1.859135969369498653e-01
1.208169752555683374e-01
1.234858127282040030e+00
-6.481056724509413058e-01
-1.177856763128737327e-02
7.367883856450507807e-02
-4.386799370428651201e-02
-2.232846887157906579e-01
8.145864849961430565e-01
1.114016932142720684e+00
4.873448082352336286e-01
3.615774081898948111e-03
8.079774738398484146e-01
7.808060864680221869e-02
9.487110093841835123e-01
-2.345535306952015731e-01
-5.014412271384536268e-01
-1.306985012147113157e+00
5.344029603719144816e-01
1.136012095459983939e+00
3.014923915398277643e-01
-1.716061290505104253e-01
-9.784799014705116704e-01
-6.126143370727596960e-01
4.418012147014387381e-01
-1.669226617561978543e-01
7.438588477501282270e-01
-1.163413374658511135e+00
9.516651305489265411e-02
7.364779864783397301e-01
8.804483613399769482e-01
6.318433110457934987e-01
-1.277097815021872140e+00
-5.757066472904686094e-01
-8.391070532984743480e-01
-2.423292101449359137e-01
2.758235686981169721e-02
-1.828339024301453009e-01
3.405478841209843566e-01
-4.031304845219132460e-01
2.525155314410651997e-01
7.783661741452876370e-01
-7.297669030083575592e-02
-2.980076781478038228e-01
1.086117366976901977e-01
-1.277649574344703609e-01
2.525914801654405295e-01
-9.520262645666823786e-01
2.049470670976507591e-01
-4.122659609251044799e-02
-7.522675659406488080e-01
-1.393222343819386033e+00
1.969752097476114017e-01
-2.353628943192891398e-01
1.201214609754770457e+00
1.059377525016832244e+00
1.375805057636103612e-01
-1.257621286662362614e+00
2.386418029471624180e-01
-7.751888730653417880e-01
-9.175810345222537023e-01
-3.585647426744493771e-01
-6.809168468786115369e-01
-2.886783986187460016e-01
-1.591582993236375643e-01
-6.291176586632669654e-01
6.454759589984471191e-01
-5.829282992780226991e-01
8.052433747938181341e-04
5.488609646551010357e-01
1.569980467256772982e-01
5.220066168310371069e-01
1.299329100422177419e-01
-1.291968295538044487e+00
-2.950814884605357236e-01
4.708463229093116098e-01
7.471760521326489268e-01
5.845679238999412775e-01
-6.415385500646744177e-01
8.713734950259759415e-01
-1.363791133992331428e+00
-6.253402921087669597e-03
2.866365482253687702e-01
1.698019304310358635e-01
1.158706270231812496e+00
5.974960116484098194e-01
-9.347796208800929207e-02
3.499254365209232276e-01
9.562420046434443321e-01
1.163787125980332071e+00
-5.173074985870469433e-01
9.674174892223108557e-01
-7.582934500243609932e-01
5.008111437982165626e-02
4.810409677773268555e-01
6.950653154787422849e-01
4.626839806741358530e-01
-1.025837592137528897e+00
2.393330440637067014e-01
-5.292765428447925302e-01
-8.158232097997588639e-01
7.888840591125925172e-01
-4.746730142730299917e-01
-4.465210501143790367e-01
-4.152440184272752077e-01
1.212993771522557829e+00
-2.381845249075720261e-02
4.364976378807172708e-01
1.728309248705368617e-01
-9.191914869147312928e-01
5.743741726520550372e-01
9.684935336733353495e-01
-6.274426668867061352e-02
3.710700423145061322e-01
-1.515325518329833088e-01
-3.399911385055709445e-02
8.467240516881835433e-01
8.911400289827042798e-02
-3.310549045775417198e-01
-5.611541203486751783e-01
-1.358221200123323591e+00
-6.068179656874574945e-01
4.614755328654709388e-01
1.223192453446753092e-01
-1.101392792415527566e-01
-9.845055868609033922e-01
8.074148780039349660e-01
1.519295033392866756e-01
-1.400235043166997428e-02
7.182165614122215658e-02
-7.512463810933125430e-01
8.091151191434455825e-01
2.475295788422098298e-01
4.868533048196130864e-01
-2.034435281161135478e-01
-3.074825732067489881e-01
6.080969308918788840e-01
-5.686818801053519223e-01
8.410014782087671392e-02
1.352146261977402730e-01
4.279785347401485751e-01
6.433588727747032721e-01
-9.798830023238771503e-01
4.885480256088383655e-01
3.531790249441151275e-01
-9.159756448185021327e-01
1.593375663429474898e-01
-1.461511842111393733e-01
-7.708923575611805745e-01
-7.482129974947069329e-01
-4.407898152191087604e-01
1.305106549706023245e-01
1.178836114704882476e+00
1.304232945109149000e+00
-1.051847964414295955e+00
7.829070026861142395e-01
-8.979896708504870873e-01
-3.454898190084794152e-01
-6.616668804235503742e-01
6.529381314328475128e-02
8.833157241847553465e-01
-1.647484686899751694e-01
3.975798609369105563e-01
-1.067898823398576891e+00
7.561600116644662251e-02
-6.710269825195069870e-03
2.279078885163432489e-02
9.965674577401966161e-01
3.531050648798492730e-01
2.199310120395292500e-02
-2.673698038220599926e-01
1.993684801988448996e-01
-1.013479034659168665e+00
1.919738754319544327e-01
-4.437549456644864776e-01
-4.928134499932514956e-01
-4.987755259451942536e-01
-3.776740607436437358e-01
9.944131388714483322e-01
7.475429714277384008e-01
1.114210857903953134e+00
-8.470170199884545781e-01
7.497309949414781016e-01
1.102521579021635389e+00
-5.909020412748295925e-01
-2.947705214578935085e-01
-5.774966975386970347e-01
-2.294793285869785038e-01
6.303778113746520972e-01
-8.427569585539851360e-01
8.082363478223184572e-01
6.058299533816633442e-01
-2.098583461548200191e-01
-1.264552955779508991e+00
8.360879944655730256e-01
-1.642745550883262240e-01
-4.710388686376560941e-01
-3.588648583890403643e-01
5.500484084818992869e-01
-4.961207664022495578e-01
-2.936109191473192936e-01
-1.799207794809545291e-01
1.234305582439088944e+00
9.949115829058632343e-01
-1.350983239460292751e-01
6.002895587808971811e-01
-2.239467125367244904e-02
7.979648424732479484e-01
-4.765783186435985641e-01
-9.937612481976287881e-01
3.631508858199161693e-02
4.246518427020884445e-01
-5.587073479128692455e-01
5.762619235176327237e-01
-3.852207421312057178e-01
-1.203887136217259624e+00
3.220297548932116172e-02
7.451044347258370948e-01
4.614063129913077432e-01
8.882255757157686560e-01
9.787103685884188664e-01
1.027271643187050110e+00
9.332623259298458152e-01
2.877178435431559933e-02
-1.133998140430752422e+00
7.308617384307272147e-01
-1.144007190220917458e+00
1.004099363740747819e+00
-3.172684159919789693e-01
8.281209827247826283e-01
2.286161320372590566e-01
-4.261818238334500464e-01
-1.111565590371217827e+00
-9.859177309970581504e-01
7.513904482864797174e-01
-6.229674778287339620e-01
1.860223027388805406e-01
1.366412656891817790e-01
-6.206184142741646426e-01
-1.862747699947870039e+00
1.546103283159805386e-01
-2.596354801031814930e-01
-2.393019096865636186e-01
-1.536190416183034202e-01
7.476123992545087305e-01
3.714024667019941717e-01
6.197881273821135295e-01
1.438625601348775263e-04
-1.124455619792623651e-01
3.059975350373385083e-01
9.953166084769202726e-01
3.963196330199476591e-01
-7.136687774760019920e-02
9.142182436457186867e-01
-1.319773782126514305e+00
-8.902437986498039635e-01
8.434090531418911851e-01
-3.712524400641701305e-01
-5.002205628064686493e-01
-2.506813511506154057e-01
-1.400288960816009620e-02
6.345720750875454286e-01
7.952442694576022930e-01
2.974137110930943351e-01
-8.964118269369603098e-02
6.271590026586357780e-01
9.020349075467768429e-01
-2.800518644912415311e-01
-9.926753162173085343e-02
6.025616876109696207e-01
-5.236336459973998103e-01
9.104517181626734512e-01
6.702970611722003369e-01
3.607700499286981000e-01
-2.724919887493442161e-01
7.370260688723631048e-01
8.186016553377273297e-01
-6.284341001578850339e-01
2.743347085522662709e-01
-2.090875824715174858e-01
6.187626231697862522e-01
2.148830642895873666e-01
-2.333329604219942510e-01
2.888767770547140401e-03
1.823686952751737422e-01
8.578930341096775436e-01
-2.981332843895234674e-02
-1.159586122838184075e+00
-1.153050599708791424e-01
-3.632739062281995501e-01
4.521503030649238752e-01
8.381043243122423547e-01
9.810995498558519046e-01
7.136162659317699664e-01
1.099654318840395106e-01
3.874572296030081020e-01
-1.008055770232229698e+00
4.444162695051545597e-03
-9.786249486720599577e-02
-3.231592063086230482e-01
-1.938180211885072168e-01
-3.386431896186277157e-01
-1.369745210022324855e+00
1.728401221511624897e+00
1.090421258958365058e+00
6.294615580706430791e-02
-9.822403105569588178e-02
-7.358918798578661935e-01
-3.938510527298069164e-01
3.796953200787100968e-02
5.921289466807575508e-01
-1.590024140278050169e-01
-1.258366200447858851e+00
-6.979510649151450252e-01
-1.733871725594458013e-01
8.067023500756365095e-01
-3.733886000381279047e-01
-6.250252624746384100e-01
-9.189493255779837000e-01
9.864420893218017738e-02
-4.056257362917614628e-01
-3.483467547462115732e-01
-1.795583528843902599e-01
7.082835155945543804e-01
1.313266985850294333e-01
4.066854974512583709e-01
8.708471350308721881e-01
4.109634960968264750e-01
-3.339537709378355146e-01
-2.156891330164896203e-01
-4.410098840620522154e-01
3.928165928728244438e-01
-4.374521726468216798e-02
-1.057784479092438445e-01
1.116101565794727080e+00
-4.223592400973110728e-01
-9.895270139019629596e-02
8.076153556597063243e-01
7.763022525993470424e-01
-1.591632656053843409e+00
6.917902804465292377e-02
-6.208524206777781274e-01
-3.733840245518349477e-01
-3.273129705009028001e-01
-3.562613013808295648e-01
-1.397369116599680439e-01
3.186419834477653978e-01
1.285017561242014494e+00
-1.126784017449931508e+00
-1.507776588927596251e-01
7.995801125660104702e-01
-6.609833894100214380e-01
-7.347957500932444930e-02
9.399093511282252678e-02
-1.310167168212323929e+00
-3.705715617923903693e-01
-1.081274387407258342e+00
-1.000199954808096425e+00
1.198934582918758096e+00
-1.189145519819936325e-01
-4.325663245691693248e-01
3.537106667927316650e-01
-9.323029090609962211e-01
-1.544792959957632661e-01
4.562877230113127069e-01
9.896524538381257230e-01
-4.042333117509260276e-01
1.260093622291904580e+00
-8.433998405228271267e-01
-2.015156781117255491e-02
-2.458476606363753092e-01
-1.076717582954200836e-01
3.284884051345553502e-01
6.912408766314399600e-01
5.961646575073746845e-01
-2.583664102616989311e-01
3.977552087607172382e-02
3.685283365565776847e-01
-6.908790076403024116e-01
-6.342980896041581218e-01
-1.508172367960094462e-01
1.392138626625547104e+00
-1.021317652608106474e+00
-9.611592677422349240e-01
4.340459122117223956e-03
2.882068728405009495e-01
-2.701617052614455616e-01
1.006239039272126767e+00
1.363295265419584013e-01
-3.739971427751509481e-02
1.416490729227213308e-01
-1.284678829220817775e-01
-8.812243878964842736e-01
1.123792431409689208e+00
-5.169704948098168273e-01
-6.701178520691204454e-01
5.623279193400776421e-04
1.605397118150921898e-01
-7.138968280592621340e-01
5.886648152643489951e-01
-2.752884994841400257e-01
6.435857825757551609e-01
-2.918235149846148957e-01
8.468872269539131636e-01
-1.049427723118492306e+00
6.854936182419990587e-02
2.700952563671252804e-01
-1.102906362103178051e+00
-2.635322717330570441e-01
3.492078047951352460e-01
-1.452672042860134738e-01
1.517631139603558665e+00
6.822143605614581219e-01
-4.519851067879301354e-01
-1.233745078920470917e+00
2.294077705706492054e-01
5.396645992379855983e-02
1.355028161838767176e-02
-1.766470782436426745e-01
-2.477101479477923363e-01
-8.342699232546033628e-01
-1.071125455667036874e+00
9.744052244668068852e-01
1.504079736860664873e+00
-9.421094943974370750e-01
-2.269965875831569946e-01
8.584927802214359360e-02
-3.067481515787271462e-01
1.085733915752371104e+00
9.385639203354765314e-01
1.391353641321391166e-01
7.094626443960709850e-01
-5.509746701509863342e-01
-1.051174156674046234e+00
1.201696728175396522e+00
-4.223638165877261486e-01
-3.156798991097087281e-01
7.909323175370293058e-01
-1.075040928106218985e-02
-9.537839255134219485e-01
-1.943313890329854132e-01
1.772186256425936079e-01
-1.603350309819715491e-01
-4.214567773469815037e-01
-1.080924466767019254e-02
8.760596336368902115e-01
1.573114079775557173e-01
3.619352488919851396e-01
7.958674772195992730e-01
-3.604973833398794625e-02
-4.793296667959365820e-01
-7.234974812896215468e-01
1.963592076512652440e-01
-1.027625132239680550e+00
4.317067055159284905e-02
4.456119156398763437e-02
1.023116324443070546e+00
-5.782724518355486509e-02
-5.659741887733265031e-01
-6.904237831743369469e-01
-4.781396465328802137e-01
7.595858512470812229e-01
4.446329170120311147e-01
-7.533861987662229254e-01
5.652087274723038846e-01
-7.133420683893900716e-01
-1.269712645571170029e+00
7.505890130260697291e-01
-7.241758681051164714e-01
1.073684930798437520e-01
-1.320401506413055870e-01
-7.551193270219442866e-01
-1.107324688602534302e+00
7.291403286126918459e-01
9.360462511618301562e-01
-6.218435524666769965e-01
-7.834762570209212740e-01
3.460324833012782264e-01
-1.471146777010016393e+00
-5.218346578249049017e-01
1.942654475389984370e-01
-3.574520949941826231e-01
-8.579982881456729160e-01
1.026670264039129421e+00
7.871409892489555915e-02
-2.979342858667815008e-01
2.381224377199391284e-01
4.708851549527315328e-01
7.383826478029202889e-01
-1.409103049644961914e-01
-1.443725944697200170e+00
-8.151687031927776772e-01
-9.525753671155783309e-01
-6.319568794995591432e-01
7.748295316807993771e-01
-2.803373410391429843e-01
-1.552824576911628895e-01
4.302002880485460423e-01
-3.032927296060679012e-01
-2.455504960056362762e-01
-1.061366495270346100e+00
1.056225773318567818e+00
-3.422028545536397459e-01
-1.044001452705476396e-01
5.353081967704023114e-01
6.324501815020076023e-01
-2.725982821357106900e-01
-6.170308167134717081e-01
-1.383524574466195034e-01
-1.659203445432613222e-01
3.046986317170832237e-01
-7.388435405778004395e-01
-2.496281399798441214e-01
1.624335835554973073e-01
-8.253817536925209808e-01
4.745539143943036109e-01
5.045780220118345483e-02
6.175248392600876102e-01
2.347725751239382319e-01
-1.289763985796311019e+00
7.789091054446544149e-01
-3.305058361819588342e-01
-1.450834864378611755e+00
7.432827070283636317e-01
-3.238369314372624430e-01
-1.482553614662647234e-01
7.268269759963406074e-01
-6.086543759976841272e-01
-5.823870255781624650e-01
-2.183873691380249227e-01
9.807079801502993632e-02
-3.028936861898907651e-01
5.874063305203813812e-01
7.225155151394693220e-01
1.066764514702748023e+00
-3.287090444236246967e-01
2.830645358031045333e-01
5.238359301925257228e-01
3.172168348915800351e-01
-5.976526527954177936e-01
2.259847308386664366e-02
-6.979456871059861456e-01
7.186464346500880396e-01
3.884907263343535533e-01
-2.412771748317812381e-01
8.404431618391949854e-01
-6.571376286335430805e-01
1.294124448561852603e+00
6.156969393733193741e-01
-6.649690413650155563e-03
2.537357737454684070e-01
6.120891249219972963e-02
-4.063322857446998171e-01
-1.488141770098430072e-01
1.124334452186717570e+00
4.349989691248712376e-01
-3.764276682814209352e-01
2.032616065625836299e-01
6.627734365381874326e-01
-6.160510283572211421e-01
-1.901178332482373889e-01
6.455855916299713115e-01
4.872198709283459550e-01
4.140457612797554532e-02
-8.671056988304046698e-01
4.566683877156672011e-01
2.877160051396421281e-01
-6.666590015839624073e-02
1.467472521622701365e-01
-6.879919408583710094e-01
-2.265402509791760721e-01
-9.118441754257071707e-01
-4.923922447805599845e-01
9.809863072893687530e-02
1.494435871104732527e+00
3.242241122440532308e-01
-5.558946803695610228e-01
2.514329215538149143e-01
6.890115239854299745e-01
1.378126090211235777e-01
-1.041373421954714829e+00
6.195957198085633166e-02
-1.244311867975699926e+00
3.321416304226421090e-01
5.515138870037450403e-01
-6.810232703458183323e-01
8.443223997450637341e-01
-7.858287000951271750e-01
9.813020434953170223e-01
-4.025397745050440790e-02
7.104898973788476013e-01
-1.621528917059444908e-01
-1.429596402786845744e-01
1.021148356883551322e+00
-2.710654396859055737e-01
-1.969262182015096840e-01
-4.791942740029897507e-01
9.686673712464841657e-01
-1.264373188075441412e+00
-1.023624473658745870e+00
3.560632013936073648e-01
8.927107312041275833e-01
-5.378888324847297397e-01
-7.254881791258434021e-01
-1.537146220455269052e+00
-1.526635120483819108e-01
-3.800269454515028400e-01
-2.097455363737852352e-01
9.111666065497168177e-01
-2.763768504227908096e-01
8.737049879697700305e-01
7.356154570735391474e-01
2.973633742764159038e-01
-2.886412291080553416e-02
-9.364470099509416556e-01
1.625287090292956371e+00
-6.599648313610932959e-01
2.589699564883716221e-01
5.252506927652920155e-01
-1.364685416480675428e+00
1.957516017291105470e-01
2.390208246229423850e-01
8.155186177070961051e-01
-7.139685717328729808e-01
-9.070985813198486625e-01
-1.051888580177509525e+00
2.425370021674844168e-02
1.176826938677510093e+00
1.597328670895045377e+00
1.274238679023653731e-03
-1.163758471015642115e+00
9.700123593022746959e-01
7.582632638073674158e-01
7.874132035479144420e-01
3.651666877240780096e-01
2.239791974111700057e-01
4.473390972357007556e-01
1.618960055605223047e-01
-9.300370728250531016e-01
1.089012259840127506e+00
1.790014235707495516e-01
-2.905226016526389898e-01
4.626037618302749621e-01
-8.650009809078849088e-01
-4.209420921143411931e-01
-4.361139685630943674e-01
5.154767904854722360e-01
-1.098220821010074122e+00
-3.243765590367138074e-01
-6.342592867833172221e-01
-6.015880289765442868e-01
-6.626859272317062732e-01
1.644264506685031435e-01
5.888392210914163982e-01
4.336379292871423985e-01
1.619848595958437443e-01
2.343927035397985748e-01
-2.691103777611774106e-01
9.092985945257865410e-01
3.278369749239953279e-01
7.257945454012926234e-03
-2.370289600263708607e-01
-3.916998089899967894e-01
1.073129683543925239e-01
6.500540523869835496e-01
-6.899432747019424994e-01
-9.146784742952700498e-01
3.022058199780452981e-02
-1.065728019022050610e+00
2.539044213246901549e-01
6.912945256784297499e-02
3.594438461047744227e-02
1.178752624682823935e-01
-1.623083508706031353e-01
-4.157875801359223189e-01
2.492350384171793110e-01
1.302088549809630180e-01
-7.709537224092946062e-01
2.866012978277154843e-03
-3.828176303286996429e-01
2.901312644342173286e-01
3.851358695008482158e-01
5.270532137433825426e-01
-8.659385871494400533e-01
7.004706685373207620e-01
9.940342151921655045e-02
3.536061728169723750e-01
-3.772852172625711376e-01
5.980745377938747609e-01
-2.448124901240564810e-01
-7.583445189195714420e-02
8.243557652468282981e-01
3.637407477209375628e-01
-4.480075699162995306e-01
4.773248292970411200e-01
1.041609787868176262e+00
4.629897860947860266e-01
-3.217851159399831573e-02
5.704256023861562497e-01
2.908748804909837560e-01
-2.519458459247312376e-01
-9.673014451051846763e-01
-6.955941247891699319e-01
-6.555251673686974812e-01
-3.725659247069650348e-01
-5.654922373111528344e-01
-6.875871431768940667e-01
4.438067781880121743e-01
5.717288587127722366e-02
-2.865350357720481966e-01
1.212558585956369228e-01
9.996259063178980497e-01
-5.205108025427884755e-01
-3.352559536933785722e-02
-7.122887478431643160e-01
-1.075713436372929266e-01
-6.003717064743527843e-01
-8.348772549615190997e-03
7.944348213794611979e-01
-8.390593541132664868e-01
4.283251816947828416e-01
-3.905897464795868856e-01
5.430156184311769607e-01
1.176140214863297118e-01
8.901567445036473458e-02
-1.068438568404416866e+00
1.189537082754489106e+00
1.544905194123771253e-01
1.135080701812443138e-01
-1.231689033068987804e+00
3.918766781522453613e-01
-2.924777349447333918e-01
8.953336913727909518e-01
-7.105500358116012549e-01
-7.088934982649854888e-01
2.275083438629614818e-01
3.092029946474674773e-01
1.335132169538358227e+00
-9.100669976241722026e-01
-3.923612599001700119e-01
-1.382196758927236147e+00
6.008331226751018050e-01
-2.394518181421272374e-01
-9.766198746147818355e-01
-1.254737908812525227e+00
-1.010231353173784985e+00
-2.369671709518925695e-01
1.083065229470756563e+00
2.916165522983007463e-01
-5.515246005415965769e-01
-2.548303350014782254e-01
5.258424957606671057e-01
-3.186393196301171571e-01
1.321787713823466603e+00
4.873116806685651170e-02
-1.074617740338759120e-01
8.810945548381354797e-03
2.773938712127685946e-01
1.220299084225172415e+00
1.603983166630174040e-01
6.367865162581498595e-01
1.244123500079088451e+00
7.872561901859720379e-01
4.189768594016287651e-01
-6.522537336079121673e-01
5.243917186539697184e-01
7.361874624431719027e-01
9.681049103004824019e-02
-5.092200901120591539e-02
-8.826659146054858240e-01
3.071561278543368800e-01
-1.224918852055676410e-01
-7.359125462088620395e-01
2.829752663972220361e-01
1.669260713003364316e-01
-3.605533389725197324e-01
-7.422454707091219461e-02
1.706990093435027944e-01
2.220056863432624539e-01
5.280112148640059289e-01
-1.169002166284891508e+00
-2.454601671887211012e-01
7.114257327873749759e-01
3.036032155869383686e-01
4.428222119654288136e-01
1.735744447328633200e-01
1.075757583238177162e-01
4.053693213057130151e-01
-6.919205183852730201e-01
8.652149468320011749e-01
-2.382524038412201506e-01
-2.845246272950756605e-01
1.039329397118590848e+00
-6.208146983769227134e-01
1.336961469430972826e-01
-9.406260928156662260e-02
-2.327657856704687944e-01
2.191883195982722299e-01
2.673504121778238485e-01
2.817235819894694515e-01
-1.059998308569300551e+00
-1.314887340186023934e-01
8.403652114746495982e-01
1.062020237351721796e+00
-3.171610284690959958e-01
-3.060079293525532762e-01
8.503764104327551365e-01
-4.665319747477667534e-01
-5.118787586719548699e-01
7.717940151044411223e-01
-3.882762169471938307e-01
4.553859805680202655e-01
-1.307563478889575137e-01
-4.371712456129959179e-01
1.495470094174997655e-01
-3.164449335025469878e-01
-3.472564504135844388e-01
-4.377658850869039497e-01
-9.047757149803450361e-01
6.949981819151274109e-01
2.093956546859097045e-01
-5.947337832942078961e-01
3.223539921626459304e-01
6.642155417956852048e-01
3.319853022018879329e-01
3.833280844234767670e-01
-1.063872882475785708e+00
-1.846810969689114401e-01
-9.596866428718975328e-02
-3.934876838360610307e-01
1.546383743676118527e-01
6.173343284936718689e-01
-4.566585071594877476e-01
5.213080551836268839e-01
4.866052301835690486e-01
-1.122115284239495470e+00
2.796063440778002729e-01
1.074636937851217056e+00
5.427039113428699935e-01
-8.487687801521008879e-01
6.273154331310148990e-02
7.114975828888780995e-02
3.622923826260047164e-01
-7.074903536117229663e-01
-4.033232201290317676e-01
1.601236350128120378e+00
1.018755607422670018e+00
1.486811219119203997e-01
2.682645258002569477e-02
-1.247227629674609872e+00
4.426590477952903058e-01
-7.577482581688244068e-02
-1.138959933528765234e+00
1.481542510766148624e+00
-8.381948716117406661e-01
7.649450763300214007e-01
8.298784198610906770e-01
-8.890082679847521874e-01
1.370044012026454538e-01
1.128644802452143381e+00
2.051792572284929506e-01
8.721772836979315713e-01
1.632298832369549757e-02
5.723802461569658107e-01
-3.109318544201418177e-01
-3.435136033969321545e-02
3.299421623419753757e-01
-2.979042630623016663e-01
3.633869986375231065e-01
-3.557210739285343593e-01
-7.513545925592470809e-01
2.450319043354385329e-01
-4.288220915946947542e-01
-2.614996128717015367e-01
4.691832739623151838e-01
-2.854812931095995765e-02
3.171841519418681088e-01
8.137295393530763477e-02
3.428152362036529510e-01
9.841573636125211522e-01
-1.138786725391368826e+00
-1.289923761505987976e+00
6.260003360577934828e-01
-2.024923949585364369e-01
-1.539621146849192712e-01
1.021111201704170135e+00
-3.243194989694710983e-01
-1.781337455141720483e-01
1.139981367620187314e+00
1.371756602713301021e-01
-3.580194853765519269e-01
-2.110127250918329977e-01
-7.132107664816818016e-01
-3.252145206860754811e-01
-5.869025888844268124e-01
-1.673829863303755161e-02
-7.903133944981286518e-01
-1.753231668623451700e+00
-9.003632175833287121e-01
3.416653444783612770e-02
1.133414067457305663e+00
-2.761626560422714149e-01
-8.715978275025992872e-01
1.294922702538599424e+00
1.415061384359309393e+00
2.564860013618428525e-01
-9.183058909881864906e-01
-1.508393080027023991e+00
-1.163948716844282139e+00
-1.450660821106009024e-02
1.917116502064715178e-01
1.193380512052831577e+00
2.807363295282518934e-01
-7.623197480689718475e-01
-2.009888789390874564e-01
-3.170665490622361915e-01
6.876960249997310370e-01
9.491579146261379663e-01
7.793898075437937223e-01
-1.533477570163963577e-01
1.281822459926813096e+00
-1.673480622391037898e+00
-1.654546195021842081e-01
-3.661876060746482864e-01
-5.509933664423973809e-01
1.259978311950682439e-01
-9.045514824929785647e-01
8.318085563237689328e-01
1.227430193088783206e+00
2.169339622409660606e-01
7.416799836346701369e-01
4.992386501816188371e-01
-2.314441297014990795e-02
7.933858552744013082e-01
6.056353131241856147e-01
1.127675839729260332e+00
-8.946865247766790930e-01
1.059287885173676003e+00
-8.854694108178406964e-03
1.485860269557681690e-01
4.460300549904445688e-01
3.143716413466437487e-01
-8.177855344657114500e-01
7.992979135442537242e-01
5.347339453934871756e-01
-2.327482483538751978e-01
-1.193375740540730146e+00
-1.144893920125680697e+00
1.748138394136020679e-01
9.360206777613280238e-01
-4.502453102288059839e-01
5.291836281631123740e-01
-1.114560995976043856e-01
1.290180872678250878e+00
3.845852492132770806e-01
-2.294720869230912896e-01
4.238131126445185970e-01
-4.430335011830042191e-01
-8.553419474944412570e-02
-2.523110433056432456e-01
1.206863476018902759e+00
3.841587267301749264e-01
-4.552465664837876957e-01
1.769133858073931087e+00
-1.723434733667037477e-01
-1.314017866633676590e-02
1.150167152212643096e+00
-7.349145808714272476e-01
-2.207043083048878529e-01
-6.016386189413962526e-01
9.426905659457682773e-01
-9.953578853142852623e-01
2.984389593679273034e-01
3.109609902189163222e-01
-5.393643300287411790e-01
1.653691267486570027e-01
-4.852262838922358767e-01
-3.192344186130391392e-02
2.238516238676888648e-01
5.197538166142878779e-01
-2.579225167073140312e-02
4.641366291577835312e-01
-4.744433702618620075e-01
-3.112218363637726526e-01
5.218651321091911655e-01
3.122552015354358446e-01
5.293713141977818282e-01
-3.348035767496675419e-01
5.579519385983742197e-01
-7.938326160745399207e-01
5.413409783336859959e-01
7.516254643258415413e-01
-9.665291546551459945e-01
1.548200506291745882e-01
6.589511125433382688e-01
-9.565977228160891244e-01
-9.235166357869672993e-02
6.677780531118804319e-01
-6.697730984222394213e-01
5.340586259772877042e-01
-9.146000658575301756e-01
3.435608530381504266e-01
1.245609328595184806e+00
-2.890033770260558299e-02
1.999787910658579193e-01
-2.275102088750458051e-02
1.084154609497480770e+00
7.222622213969156491e-01
7.138613647996505662e-01
2.934025629407166491e-02
2.695250704057530200e-01
2.024844497626423490e-01
-1.992486905846941880e-01
1.102257328343086762e+00
-1.506221219470397443e+00
7.060263764262852959e-01
8.124807229922970109e-01
5.474297523003297528e-01
-3.926834063141582121e-01
4.160720875083772086e-01
6.661494541787602586e-01
-8.803996722109275197e-02
-8.627704604111388065e-01
1.107665786229866001e+00
3.282693597916006567e-01
5.045498448858820595e-01
-1.503639389415386773e+00
1.193160917025441137e+00
-5.101715178223251712e-01
7.827260385138146148e-03
3.466142640035414502e-01
-7.207266427154248589e-01
-3.944145845066406864e-01
5.811968496331783030e-01
-9.684394763013690621e-01
-4.690496637150189940e-01
1.143965475075482630e+00
6.799623174141009585e-01
-3.929772554869961354e-01
-5.329235699723042785e-01
1.444576277390545727e-01
9.732021007127915624e-01
-4.623804932330237705e-01
-7.058347258409369829e-03
-1.178798710011372819e+00
-9.501749300279094257e-02
1.512113464709097244e-01
1.426862879180204047e-01
-1.257837706880490458e+00
-2.384103562158959022e-01
4.118905489913382567e-01
-6.189316289882400568e-01
1.879278727950053351e-01
-2.762724998061658610e-01
-1.215957094725101051e+00
3.047581457958603579e-02
5.199255747104132297e-01
-6.245813819269532274e-01
-3.616956067032193189e-01
3.849962078221995654e-01
1.009937724029890127e+00
9.417384341225183420e-01
-3.371403724780552835e-01
1.354828266539680470e-01
8.821526838776039270e-01
-9.452554700887016992e-01
6.538978105388242312e-01
2.348770593699054388e-01
-3.070091002117756318e-01
-2.230823650936555325e-01
-1.433976693353775644e-01
-6.236970011672484659e-01
-7.457482156335064616e-01
1.198805974425507515e-01
3.414617341310686172e-01
-3.000944488766190688e-01
-4.282689635712859655e-01
-1.109216000487895926e-01
-1.153655148649287199e+00
9.491150796500411602e-01
9.948182516721795210e-01
-1.177419000688652240e+00
4.490272696938646391e-02
2.149834595270494475e-01
-3.856442659936121231e-03
-9.264327744560763023e-01
-5.714806072654523561e-01
-1.227739818257749249e-01
6.209213380713158870e-01
3.668704735575438747e-01
