-7.916184419728837796e-01
5.415109500997665748e-01
3.379593108516498745e-01
-6.444633984102132729e-01
1.882553411201213223e-01
-4.417086928675582058e-01
2.656968796428884616e-01
4.666508299283647077e-01
-5.989354051116899669e-01
8.889865847615077143e-01
-9.415664916554842279e-01
3.573976355364170132e-01
-6.316967249071829826e-01
4.176103402586566204e-01
8.328003112128161689e-01
-1.643274716678631009e-01
6.758613775857007511e-01
-2.291154365449354913e-02
5.276314675271365218e-02
-1.676163660248413123e-01
1.858902006730556167e-01
-7.742085037419483839e-01
-9.215084952659404749e-01
-6.749541802359226850e-01
1.903497520614338967e-01
9.606630552213601959e-02
2.840318087867110819e-02
1.116470209453366280e-01
1.173591275546589152e+00
4.629676031080531828e-01
1.482530748555896949e-01
-5.449287974112957400e-01
4.768967811879143426e-02
-5.282148937276041067e-01
-1.518126984542931268e-01
4.497946966154984239e-01
-3.909198727563207854e-01
5.716528958330009402e-01
-5.279866445769583194e-01
-6.910301743162081678e-01
-1.739485345791367266e-01
-1.112082052857612524e-01
4.099011516793771293e-01
2.288964215094235755e-01
-1.674969315840701967e-01
-1.094314015398339279e+00
-7.323738170383586876e-01
-1.521845984180391742e+00
-1.306414513320969029e+00
6.320819333039189303e-01
1.340759385509411317e-01
5.457306096063838652e-01
1.752846200848470204e-01
-1.919968839180077325e-01
1.366155122913523812e-01
6.368856631227703957e-01
6.883202989387546822e-01
-8.806900936165780180e-01
-2.858182863972436039e-01
-4.850774554382457637e-01
-4.153111823354844745e-01
3.467112487372725482e-01
1.086028138418750899e-01
-3.601377980953026636e-01
8.038580807195643274e-01
-3.219232619589886824e-01
-1.458581465274435551e+00
6.557487787190918738e-02
-5.499539607813810349e-01
-8.373424715148338748e-01
5.706718440107838575e-01
-2.838199849533502572e-01
-3.744744115034741583e-01
-1.583587727258202182e+00
2.164509257072655402e-01
-9.926917921594835548e-03
2.729900573809018738e-02
-3.241212500141701369e-01
-4.240121641469851710e-01
-2.792190685590512089e-02
4.008371000894594971e-01
-1.298095298377304641e+00
-6.035681490845323793e-01
-5.017229799478206687e-01
-2.449566059928347528e-01
-4.906178554913296352e-01
-2.941063583619731858e-01
-8.385157985364166677e-01
-1.983776304554787373e-01
-4.522328790543532762e-01
-1.181153857852902611e+00
-4.005703763093659830e-01
-8.923821667336007124e-02
-7.406735900702008379e-01
-5.092533732558059967e-01
1.051288905494586423e+00
4.234336443104869119e-01
-2.115754622790824158e-01
-6.705514905640388434e-01
8.300676051100630559e-02
2.994770140571469952e-01
8.636758449602766063e-02
4.520588242757392905e-01
6.422791523252060486e-01
1.471973947887357248e+00
9.508092575977418193e-01
1.005210415493875686e-01
9.183812551301056004e-01
-5.166402688997715487e-01
-1.033584733619751006e+00
6.534266534481467659e-01
3.251561828452640412e-01
-3.402059454100454516e-01
-5.196421223773359799e-01
6.308297640601701062e-02
3.544403766259023314e-01
2.477689495752244397e-02
9.514929872007886758e-01
-7.792724480071431259e-01
-2.377135507454930519e-02
-1.289689179273150188e-01
1.193016522472383656e+00
-1.760139421001003512e-01
7.346332433998643552e-01
2.619908781660651442e-02
7.450084879021368067e-02
-1.019700095565463371e-01
-3.160008670395768604e-01
-8.724647566575747248e-01
-8.663612361458641331e-01
1.203150561455093026e-01
1.297584964084164127e-01
1.421982254134155355e-01
-3.054196246050286945e-01
1.016986564122132286e+00
-2.093436699157988912e-01
-4.169963722755500868e-01
-1.280892055493962900e-01
4.365638973709540238e-02
-1.329810093474488752e+00
9.767952069974414897e-01
-2.667033049196732009e-02
3.240395714057466847e-01
-3.793419853772626027e-01
-1.042948842585946778e-01
8.741698613025423725e-01
-5.247723263587538156e-01
3.129703419479490378e-01
-2.310885946604912533e-01
-9.042660780372981932e-01
1.032438764836081546e+00
9.535074225431579009e-01
-1.021907379176596020e+00
1.068625598712937830e-01
1.571922774300782422e-01
5.973112626370848943e-01
2.123135540459415438e-01
2.676597692709474785e-01
-7.582061960960526648e-01
-1.011480362218364348e-01
6.687558774648536541e-01
3.319579661269127513e-01
2.361035682536760660e-01
1.482913016593210287e-01
-8.879337103593023528e-01
-3.575243374934915508e-01
4.238605124954855086e-01
-3.067486620188812907e-01
-6.995059313186704486e-01
1.276960488618517076e-01
8.076008195748807239e-01
3.235142980488339148e-01
2.324619685523474644e-01
-7.773256926066025585e-01
-5.620034502299633417e-01
-9.682654467253808406e-01
1.499768240829144617e-01
-3.865007814004286502e-01
2.669458965632278691e-01
-1.800578155147061210e-01
-4.769587639016332759e-01
8.566548269409688388e-01
1.067395896896261576e-01
2.505955183614592130e-01
5.329238356499903517e-01
1.055480470684786454e-01
-3.545647707700325668e-01
-2.928970572070266343e-02
-3.255276003934151063e-01
-6.483343386869124814e-01
6.742767938042941722e-01
4.472675968248296385e-02
7.276064085981843732e-01
4.867587269752942092e-01
-3.619846790517593504e-01
3.897571797384982162e-01
-7.712820103012312245e-01
3.864276408801412543e-01
1.556282701010351488e+00
1.174491662950243764e+00
-7.525373195688089822e-01
5.733331283220408636e-01
-3.080040945589530565e-01
1.091976157804578129e+00
1.272147956931330981e-01
1.191813546767845899e+00
5.334288916828331395e-01
-1.202354299940911808e+00
-1.268260223005777121e-01
-6.030678697299158841e-01
4.925571043031311547e-01
1.799469769766091076e-01
-2.660316614223532383e-01
4.055992511427284342e-01
1.924019324935599684e-01
3.970194428482773930e-01
2.353083567504041795e-01
5.981493790684888623e-01
-8.924220030012532945e-01
-7.326703653475110656e-01
-5.289051694070829868e-01
5.425447485788001956e-01
-2.093254807359397063e-01
1.923052154682753923e-01
-4.314965581135785655e-01
-5.154151901617414211e-01
-1.092639060367759818e+00
-2.338037815454496737e-01
9.484973685878479444e-01
-9.134684226148053199e-01
5.799247331153081220e-01
9.662016255591243663e-02
4.821044006520560643e-01
8.539036148977832141e-01
-1.576516733750103594e+00
-3.091781572863947503e-01
-5.641805474889167726e-01
1.017474986164107698e+00
-3.626210853194269390e-01
-6.202615232792805244e-01
1.466720885716323863e-01
-4.214866792545892693e-01
5.408935967392158872e-01
1.107662913481646250e+00
6.826011877305004916e-01
9.690196684905316715e-02
-6.773084039768786369e-01
4.221925789393488060e-01
6.877416446294546404e-01
5.898905354594443651e-01
-2.006225111111543669e-01
5.081232311818570935e-01
-7.968599012543151616e-01
-4.569765814931345815e-01
2.730690480109299045e-01
9.491780483205545238e-01
-3.734024273285641016e-02
-2.213038710359915839e-01
-7.506894374747004051e-01
-2.533529699459791118e-02
-2.610458657862571030e-01
-1.050704700396609681e-01
-2.876337897106395758e-03
3.678317401583566237e-01
-5.604728457651715345e-01
-1.353047467597754405e-01
1.517916394955850734e+00
8.434269324706971105e-01
8.215609589249179834e-01
4.078821790096576194e-02
-2.656980152436982934e-01
1.004319112361274691e+00
5.454923378006348855e-02
-2.705087179139322728e-01
3.846854119645648495e-01
-9.207965836357967504e-02
4.346781203306990804e-01
4.314015594182318836e-02
-1.437334265413330314e-01
6.285498730560057368e-01
2.807210423469728156e-01
-1.483374321607175972e-01
-5.723496792889735119e-01
3.027195372830480125e-01
2.707319679466717588e-01
-8.076133464217214453e-01
-4.436746855159947600e-01
5.812919950133830227e-01
-1.535879046216237498e-02
-2.333875034265870951e-01
-1.939383982866687006e-01
2.085615291933260451e-01
1.810335363552528776e-01
3.777789813598566582e-01
-2.437310873958598023e-01
7.208738587030429912e-01
-2.889354712307161677e-01
-8.731429071433929323e-01
-2.264338803581527060e-01
7.124514612269745584e-01
-2.973337516023342175e-01
-6.263799215016137012e-01
1.458100031772140426e-01
-1.538093780305194169e+00
-2.601583660920692154e-02
6.393584409012778025e-01
-3.133991405923177709e-01
2.473038283915247604e-01
-7.239271612006890066e-01
-6.067272805423904458e-01
-2.169063863759257416e-01
-1.794173826906337865e-01
-4.790299598097877976e-01
9.633374588905141422e-02
-3.089634452444043333e-01
3.154077784887476810e-02
-7.049807673250469975e-01
-2.321662077185076001e-01
4.085686118059115302e-01
-5.126940721781210186e-01
-8.397481294793660567e-01
-8.121581759729128436e-01
-1.048105990139571730e-01
7.273291294544295127e-01
-5.346086551059618941e-01
8.629649908016379101e-02
2.862547645283521902e-01
1.372543141762339047e-01
-3.682063087202980256e-01
-5.296168949408857074e-01
3.391204413653614580e-02
-2.439077116288590474e-02
7.910347166183209211e-01
1.370802105633321055e+00
1.107467098826355745e+00
-3.594346412300133409e-01
-5.595122503689919924e-01
1.016269806201303361e+00
5.245683509705614256e-01
-9.037271698719742119e-01
6.345037015875050201e-01
-3.206022838543010067e-02
-7.110142359965223591e-01
2.207236534357797098e-01
4.112380574798635280e-02
-2.683162794948126262e-01
-1.037459097072455538e+00
-7.892622451646724713e-01
1.667910988251311011e-01
-1.633613381162781764e-01
2.445658998765098957e-01
-2.008560539361852193e-01
4.479884539297973589e-01
4.435344424341511882e-01
9.283831406966314148e-02
1.012143840965999964e+00
7.275952474398899028e-01
-1.106085800803770613e+00
7.779700666064925940e-02
-3.351012701903330893e-01
-6.214265516659303046e-01
-1.780212170459556376e-01
6.492326881764771684e-01
-1.172526882298887685e-01
-1.594159599307163333e-01
2.951456766334032977e-01
-5.270012275719553330e-01
-4.597469012173736047e-01
-3.306715570013070149e-01
-9.105386461663433906e-01
-1.014253675876639171e+00
-6.733864764872858899e-01
4.074535126857146139e-01
-5.692885555459596958e-01
8.515750719576971051e-01
6.088924934772954600e-02
-4.849167216283625237e-01
5.450633985540278559e-01
-2.416483886269604753e-01
4.013213621170708123e-01
1.627430834915868374e-01
9.494171600478260586e-01
9.253597395846924201e-02
-7.778157937542395928e-02
1.365171781279812535e-01
-6.582490478626734642e-02
-1.195409233894318302e+00
5.982871126094524428e-01
4.809894128477782971e-01
8.129006907154598949e-01
-2.958356124534446963e-01
7.214653123268721657e-02
-6.186839796289724802e-01
6.757767577857780594e-01
-5.328148239551184773e-01
-9.593717546489619608e-01
-2.877065471899200588e-01
-3.344326286312861995e-01
-6.103580052892709773e-02
4.855406679580358542e-01
-5.946860434800003148e-01
8.005555708956553218e-01
-2.412388033792218778e-01
7.101704066990972564e-01
2.928634270158205766e-01
2.646252331415519521e-01
7.984089720048137551e-01
5.932286656381631218e-01
1.036713501934267256e+00
4.528214593346593375e-01
7.087145437920963076e-01
1.073840272244890315e+00
-1.848795691495546123e-01
-2.618204892126039240e-01
-1.079256607112650812e-01
-8.428753852942358904e-01
-5.108564737946306167e-01
-3.336700786692095022e-01
-1.720873141328480571e-01
2.457771608244465611e-01
6.476670230085073143e-01
-7.861349493090674656e-02
-2.083404080071060704e-01
-5.459250911917594706e-01
6.680568372144968237e-02
2.675024307409881175e-01
-1.171627516524832657e+00
1.391923159418599454e+00
-3.788056965003976373e-01
1.725952019053567099e-01
-1.336265197796135951e-01
2.113527952179126146e-01
-7.590067944066625216e-01
9.486599487145666032e-01
2.412440594732707666e-01
-1.627890284044202218e-01
-1.174809786683267632e+00
2.562137724947080031e-01
-5.368238021067970323e-01
8.434285590646393160e-01
-5.726175172700695981e-01
8.686572149240987528e-01
-9.226033858605555693e-01
-5.638837207540694507e-01
1.014795076123662376e+00
1.864922839305362956e-01
-7.631092982448528517e-02
1.675655798625594883e-01
-1.357533350911170889e+00
-6.708160699430907314e-01
1.208217847373127540e-02
1.565022354955978301e-01
-4.796068055329527624e-02
-3.390599435291541397e-01
-3.481076945912509046e-02
-4.163003941601344238e-01
-1.273549059734406796e-01
-1.536223360817947636e-01
4.840254170429370006e-01
-5.995332601536178529e-01
1.475745794464558003e+00
5.658740011954588311e-01
-1.056738068046862988e+00
-6.773496371764808899e-01
2.955508228512950808e-01
-5.616068146115082982e-01
-2.269771080071789626e-01
1.874751224013424533e-01
-4.964732709842332170e-01
1.023222752584328710e+00
7.494372717935195993e-01
-9.527296272336815974e-02
1.701811370332464435e-01
5.662756333148646348e-01
1.178586008401518725e-01
2.370174239339206679e-02
1.326066034584751918e-01
1.266451625414493520e+00
-1.244691730821832820e+00
-7.387168924207712095e-01
5.607939531152261736e-01
6.251148668873085512e-02
-2.663834261256621261e-01
-7.709876184684798517e-01
-6.744735000260480007e-01
1.821010801286941927e-01
4.315952342755249305e-01
1.125014121052822169e+00
-4.187521751852374408e-01
-4.185115845637819021e-01
-1.517043617473570194e-01
-5.560601258628876664e-01
8.498341939687232838e-01
-6.398473825334676235e-01
-4.801845748275388459e-01
1.539748596285450688e-01
-4.066747606610991994e-01
-7.058143099092548667e-01
-1.043196280370182194e-01
1.290270054124480481e-01
1.433784152104617959e-01
4.848020523795462111e-01
-3.217633117240676910e-01
-4.620236704650872994e-01
-1.595783891021174128e-01
-6.723385425107037960e-01
-2.067164451812164572e-01
5.778481503754759885e-01
2.293153123810398597e-03
3.396298449477690440e-01
8.567754501251600985e-01
7.864383067446523157e-01
2.308866259920607789e-01
4.287701539651367355e-01
3.324563963358464491e-01
5.205182052456898134e-01
-2.382347488580851547e-01
-4.428132464552723135e-01
6.102387813366405567e-02
-1.770340261345211275e-01
7.003753090924780267e-01
7.052193883403390373e-03
-8.894434275520675115e-01
6.427535054889048638e-01
-6.871001379354799710e-01
-1.989064210025581758e-01
3.168193899632152366e-01
-4.259711873712195285e-01
4.977678704863484072e-01
-6.469912051464632441e-03
-2.933570093471509210e-01
-9.043971842814970685e-01
3.404207053309171727e-02
8.959120864617240443e-01
4.591911431568735935e-01
-9.551355383117163811e-01
-7.342534168014109852e-01
5.507353798930445521e-01
3.451634253706430400e-01
2.497802774762458711e-01
2.374755718337411281e-01
4.084630698671345428e-01
8.124827794512707868e-01
7.320480995525393553e-01
-3.164133124500700944e-02
8.664768610452089348e-02
-2.363894980914658106e-01
4.144761412220923091e-01
4.319920635511245166e-01
-6.911475165849427782e-01
-1.365288739501195892e-01
3.311914980561772026e-01
-4.855029305705826914e-02
-6.733866749514652028e-01
-5.313345808469529530e-01
4.413952830145548845e-01
-4.971090020351489613e-01
-1.186681786034506914e-01
6.540642299631924672e-01
-1.343270535988907888e+00
-5.229835738954609070e-01
1.028249017334852411e+00
3.700372439143349013e-01
1.574881819084481549e-01
-1.216045790029989249e-01
4.019728756763649713e-01
-2.157033567472304014e-01
-4.257730990488841627e-01
-4.947996162652277263e-01
2.618542651890498618e-01
9.224870615255342798e-01
5.454656320539719161e-02
-3.920178115570038813e-02
7.430989703848398520e-01
-2.032892298626878258e-01
4.529348187639836709e-02
-2.866769091523293511e-01
-1.484035969509189812e-02
-5.159517786340188650e-01
5.007344016650838725e-01
2.909635218486483765e-01
3.983243492126931073e-02
7.572154640859096730e-01
-1.315158395081263976e-01
1.186037308456838524e+00
-4.096850463978816137e-01
2.848467583510663204e-01
1.619850648401568449e-01
-5.323441720561783441e-01
-1.306497826663219897e-01
6.528298036194568610e-01
1.035181888378691184e+00
-1.576808213061609010e-01
1.506992294607512051e-01
-7.936090601561396340e-02
6.477318837020540343e-02
4.452171460428608896e-01
-3.009879918852238490e-01
-9.038116332026540078e-01
-7.755191801984073763e-01
-3.548754894520573799e-01
-7.364794706328758878e-01
-6.181212956233572697e-02
-2.893711935934417667e-01
-2.513859033746683735e-01
2.636848018897115509e-01
-1.125449467113757152e-01
9.967672260791182737e-02
-1.036780538697454901e-01
-5.007668295385707680e-01
-3.808299858282815364e-02
1.082156386630003908e+00
7.508838101624899508e-01
2.295159859260289537e-01
1.870467763075058798e-01
7.940117433684292791e-01
4.922323550707821127e-01
-7.654634996242490885e-01
1.941243933968541668e-01
-4.094746107415447867e-01
1.652383026458270621e-01
4.165205033866259399e-01
-1.566914080523869046e-01
5.419292477172135136e-01
-6.705474796392119075e-01
-1.868428745222239229e-02
-8.039856499434181458e-01
-2.217357272526605527e-01
2.540426258952246386e-01
-1.062945203862279975e+00
3.403160987532602988e-01
-1.374757014718558601e+00
-3.255641900741101935e-01
3.307933093527450907e-01
-1.446437233822328583e+00
1.031170644645065693e+00
3.076079365132331489e-01
3.263323407761422601e-01
-3.641118593826577765e-01
-7.045761159154562137e-01
-4.548533793684219617e-01
1.769064142740859324e-01
6.807867823624844661e-01
-4.224225509426826619e-02
-3.062299461338815476e-01
1.361779474911351429e+00
2.099543886099670686e-01
3.144313226375370363e-01
-1.748155652195562126e-01
-3.977212172960777892e-01
7.263378930149499979e-02
2.708695340261542128e-01
3.058794597551148797e-01
5.601265570528335402e-01
-2.280992207239940228e-02
7.158449176256862501e-01
1.754321083383860724e-01
-4.517437296221675780e-01
-9.665958381341797079e-01
1.194591123115472442e+00
9.931300404482676925e-01
6.660599884041795704e-01
5.298837174016277629e-01
2.987473215078972899e-01
-6.217620236236420794e-02
4.953673303398309358e-01
2.558786373097463596e-01
3.067833707019653744e-01
1.037918596806997051e+00
-1.355267877576524782e-01
-1.616718071651472854e-01
2.242403657763825109e-01
-2.151440008743934484e-01
4.890323101970261988e-01
6.519338476946279215e-01
-4.320772799855800983e-01
2.511754072560190565e-02
4.471092292088441056e-01
6.690664559118904009e-01
4.270938844199010376e-01
1.036463858668357219e-01
2.503023349304545064e-01
2.999457379759116193e-01
1.258536862135262169e-01
8.484247647512930257e-01
-1.973661524836529679e-01
4.229990378022465691e-01
-7.001311392978752934e-01
1.114071741229478718e+00
6.093597798224568152e-01
-5.507441298377893091e-01
-4.046180281663156464e-01
-1.489255120447072755e-01
-5.316677438344541429e-01
-7.296424306352120581e-01
-2.412750533521510476e-01
8.312361339069020971e-01
9.388620144375634524e-01
-3.867486891566853657e-01
-3.177845438400508371e-01
3.042923111763018440e-01
7.247479279130377705e-01
-1.419067307955934609e-01
9.568835014623555679e-02
3.526260651165857851e-01
2.845727850717505447e-01
-1.078588381143639197e-01
-6.858110708633997632e-01
8.806892585019356900e-01
9.735482042287557647e-02
1.080248671884891820e+00
3.195556342978278508e-02
-1.692297537697395882e-02
-6.347315769420376341e-01
-4.541940816972802608e-01
5.263843600125994726e-01
6.256382184831288384e-01
8.647703551087912999e-01
2.714079138682157222e-01
-5.864597626278040821e-01
6.772569360280140671e-01
7.313391203316275124e-01
-3.698001904226222436e-01
8.072125153239051443e-01
-8.324554058941764367e-01
7.004985160339858297e-01
5.134902819899922477e-01
1.623691067427497359e-01
-2.729077161749282610e-01
5.738335169196187024e-01
5.226398735680746199e-01
-1.095495207802787530e+00
8.264581598148348363e-01
-2.433770527562737485e-01
3.099343533002869577e-01
1.597843596185697379e-01
3.666039239573262165e-01
-6.927239091379808755e-01
1.785872509212582671e-01
-1.977867253124330205e-01
-9.186989058512846640e-01
4.400660201463111321e-01
-7.982862149442313537e-01
-6.992271581247502255e-01
4.807793536823012914e-02
-1.509305906187599078e-01
-2.976082771541106453e-01
-1.608430081438259052e-01
3.005189248327404528e-01
-1.703160110083254963e-01
2.985990093560584313e-01
-6.014308490781994365e-01
8.582938598532239283e-01
4.770460858974718832e-01
-3.572018863936623490e-01
-5.862775986339663348e-03
5.882321334850395544e-01
-4.481375714006663458e-01
-4.782729215663463762e-01
-3.008284865611274839e-01
8.030686402670905721e-02
8.611668947879902447e-02
-3.686460762585479500e-01
7.719789722155345757e-01
-2.018324599947547426e-01
-7.479985319548108080e-01
4.077711140614255214e-01
-8.378990531796750574e-01
-5.186721084076859611e-01
2.124581304091011091e-01
2.838455124591554579e-01
-3.947895953697333482e-02
1.134731089012378291e+00
1.257797594595375656e-01
-8.424054274133450093e-01
-1.357730815093386667e+00
5.852552539488096173e-01
-3.575424188550613280e-02
2.951825908001683985e-01
1.275225982242123024e-01
-7.003804344208433008e-01
4.396446743924586897e-01
-5.750267372898907325e-01
1.363738173584492230e-01
-4.768212015488799693e-01
-3.790094543803235183e-02
2.732326536959739371e-02
-2.449780023234815474e-01
-2.250487669551448633e-01
-3.262495748912179749e-01
-2.110096169939517097e-01
3.052371834711049559e-01
-2.238993776060462793e-01
1.026125172639491545e+00
-1.638824410295551814e-01
-2.194048280577316490e-01
-1.009132365557696698e+00
2.630211138541147520e-01
-1.151267249651826141e+00
-4.990205537080392162e-01
2.607008974498059573e-01
9.861068475078269557e-01
-8.853235981841622859e-01
7.038154442446895587e-01
-8.871681394191606174e-01
-4.258187420190706618e-01
1.487106159779187919e-01
1.363530915149189227e-01
-7.705868810053004836e-01
7.413910529846230446e-01
-8.572806296314370300e-01
1.501957777451243814e-01
2.498080874787671490e-01
6.083600876108539168e-01
2.898209951000154661e-01
-1.735302944459418129e-01
9.907151018439765977e-01
-4.452089256106175341e-01
4.471435479992313944e-01
9.434396942013298926e-01
-4.072385981868134053e-01
7.650592434384542173e-01
-8.762755968837332432e-01
-5.742035480434868333e-01
7.284914874996850642e-02
7.809769785417808308e-01
6.356276106162050965e-01
4.251792126545685946e-01
-2.661414631210874404e-01
-1.479360700538414619e-01
-7.871053835662547016e-01
-3.272706749845273322e-01
-1.119491592836099336e+00
-9.338181387689727941e-01
-3.477867867031392279e-01
1.704104540438482474e-01
-7.295615187821438141e-01
1.076153504110255454e-02
6.199935971144849844e-01
-3.481822541889023626e-02
-5.459277266782756044e-01
-1.932097922945388291e-01
3.273773531078205679e-01
-2.651774446284962394e-01
-4.512750943713585983e-01
-9.114775089699111987e-02
3.442340563414738597e-01
2.995256463334268204e-01
3.276927536710418920e-01
-6.315119788431138304e-01
9.763300649105666196e-02
-6.107527008264774793e-01
-5.170604412516155435e-02
-1.899899319961813049e-01
2.698457869374291107e-01
-8.040008842858092919e-02
-1.875582614361173128e-01
-6.183291671389667954e-01
1.055912764909344048e+00
6.556778944069785453e-01
4.877541221677139660e-01
-1.329947731399672151e-01
6.794811491989785068e-01
-5.897353766648594231e-01
-3.520080108906045169e-01
5.679307479998314534e-01
2.652828328758616294e-02
-5.956079140339278766e-01
-9.079088735700375778e-01
-5.292893281589705623e-02
9.382044641136939589e-01
6.167924238665296599e-01
9.000216377391030420e-01
-1.153289649421137320e+00
-3.348445138787070618e-03
9.565659750658381810e-01
2.111345622335916161e-01
-1.809870031770284271e-01
5.741780077378519920e-01
2.834854752617115281e-01
2.498429058382711787e-01
-6.084834907038150220e-02
-2.281970108589606028e-01
7.828458051024966835e-01
-7.536644312096383302e-01
1.115652431160976121e-01
-2.939134345991298858e-01
-2.443152515590867324e-01
1.051079307432094545e+00
-3.982405771654473625e-02
9.982643858461424102e-01
-8.753215675930734463e-01
1.271082542075774313e-01
7.519166153243048711e-01
4.766594824312715417e-01
3.987073969508001525e-01
-1.046730279605609937e-01
-3.509102168398037236e-01
3.077138636721254983e-01
1.344258249218617252e+00
-8.879918719439086061e-01
-2.092843728663380531e-01
-3.977320844708165382e-01
-8.260842428693129236e-01
-2.160094346273933041e-01
-1.513863551411178676e-01
-3.250573918306418619e-01
-4.380872291998940682e-01
-7.126938329983616427e-01
2.907835352251000316e-01
-4.528748954091197376e-01
3.686270090339727190e-01
8.240191997115147160e-01
1.153375714121201767e+00
3.975253216395504552e-01
8.482697434712012097e-01
4.341408081642619265e-01
4.050060250959033326e-01
8.491768032123285792e-01
4.020694886563465076e-01
-8.809527486415271724e-01
-1.315735247540658293e+00
2.870141255217113496e-01
-9.702085886142173266e-01
1.425627078564750683e+00
-2.722755552093403253e-01
-6.776844768575092104e-01
-5.768766692942230989e-01
4.714630085796631676e-01
-3.370512843661055413e-01
-2.692467387715389293e-01
-5.382863117738612146e-02
3.332078654235148818e-01
-5.784540582746604542e-01
-5.638342029631395746e-01
1.924557798315351675e-01
4.787935546969848133e-01
6.987045357446284299e-01
4.751186696208264948e-02
6.739862972288275245e-01
-1.933547652561129482e-01
-4.502829187409664868e-01
5.234378962990504647e-04
-4.255946188298844746e-01
1.288345072433770611e+00
8.054645050863182831e-01
3.784102799694268882e-01
5.776523229758767641e-01
-3.389953094491415797e-01
-4.558586990254678284e-01
-2.836291676583568844e-01
1.519980091681416567e-01
-5.315084917954271404e-01
4.453743729896242343e-02
3.129441470276725923e-01
9.913329989429531253e-02
-2.810571462633371098e-01
-7.854168315514922227e-01
-4.454289428133764162e-01
1.084500861778236569e+00
-2.307304712285693782e-01
3.902734799242644215e-01
-1.548594775635692145e-02
-1.837195265596953675e-01
5.854242476033091336e-01
-1.129587317420446269e-01
-3.381121550942340903e-01
4.389565790590088667e-01
-7.811231995173484322e-01
-3.059895692888190410e-01
9.596321937789138445e-01
-6.144158741588725547e-01
-5.521979331720459072e-01
-6.915035367700657076e-01
-5.546858544840471694e-01
-2.215957157605705774e-01
8.801339892682316091e-01
1.537784267673636407e-02
-3.321803453789149430e-01
1.936555467356715354e-02
5.695804449583867779e-01
1.021511156584021585e+00
-5.812498843177014152e-01
-8.857843421276268003e-02
5.011901330230124074e-01
-9.403059029121054735e-01
5.461883947200965039e-01
6.432919451113292553e-01
-1.022166600590086460e-01
-6.726341217751938828e-01
-1.248523837280730575e-01
-6.024270038265218119e-01
5.987056247327231517e-01
-9.771686457222612532e-01
2.046666467355775509e-01
3.865645994574462563e-01
2.707543403608960730e-01
-3.834238784012988788e-02
-1.007018275405151098e+00
-4.189729018037509078e-01
-2.270053414530384117e-01
-1.039613147289217387e+00
-6.413704762722218788e-01
-8.150270618856225724e-02
-3.352514774788613039e-01
1.396384581694327665e-01
-4.008757138119847241e-01
-1.644025861238898045e-01
-1.011745577426150788e-01
1.351316029296957488e+00
5.322790708650924074e-01
-3.800690542134184113e-01
7.777085796127796158e-01
1.023977717028796697e+00
-1.203939135968235874e+00
2.326990466692269166e-01
7.299004417495602581e-02
-5.391293404301258363e-01
-5.118888527027634083e-01
1.122442014914942554e+00
-2.419403667244779399e-02
-3.385753656229644193e-01
8.514354107837371899e-01
-1.845703634633446555e-01
-3.527449630939578640e-01
-2.061663539997669048e-01
-8.344842338304010454e-01
1.426760863372908972e-01
2.205726813062316438e-01
-3.220016948130215440e-01
-4.689831481200634755e-01
-1.848744561051578472e-01
9.077874563891308313e-01
-7.102157328226592625e-01
2.429009650046634050e-01
8.959756215229734977e-01
-5.402904847896037310e-01
-3.726575761818331500e-01
1.170492193244776047e+00
-8.439450394680578782e-01
3.378589290950886337e-01
2.924202312875312515e-01
-7.511289928074127431e-02
-1.179473046444400097e+00
-7.107889830427733813e-01
2.700792250592343180e-02
-3.439668244066780289e-01
-3.264938509397827815e-01
5.068289772075020849e-01
3.609768061024700714e-01
6.488743617015737541e-01
1.085219048656185237e-01
2.878477462949025067e-02
-4.379344184959546027e-01
-3.170819479890143455e-01
-1.562064673621001987e-01
7.634479663933291249e-02
2.936875677157679831e-02
2.264386263508502140e-01
-6.910420916078319209e-01
6.376333144756429760e-01
2.255772271975793331e-01
-1.521197169404686633e-03
2.246601874058971049e-01
-8.196089931984751331e-02
-1.008375845770292045e+00
5.631904164619392361e-01
5.031038700621968118e-01
7.658529794004493851e-01
8.557678922828877432e-01
-1.318595954744154586e+00
-2.301683539253200905e-01
-5.247596535978429344e-01
5.610241367394390721e-01
-4.240504938927012191e-01
4.430043949305275675e-01
-1.709500183628733794e-01
1.088249224411082849e+00
-4.338733966268009112e-01
-7.711313723831043632e-01
-5.199650302119067646e-01
1.029727802333480824e+00
1.321181377544133895e-01
-6.949952653249402701e-01
-1.232846381190952911e-01
1.186394775511692146e-01
1.038482726452421900e+00
1.285127069159299751e-01
5.137105610264125488e-02
2.147848355982207025e-01
-3.409268727095051688e-01
-7.822381104507467597e-01
4.154637138641597005e-01
6.009764002392525839e-01
5.607092352301528138e-01
-8.682765568741341866e-01
-8.076982352864341408e-01
6.061638501928401368e-01
-5.837377372724681379e-01
-1.082882844447532911e+00
1.984854579060773005e-01
5.759024769302811819e-02
2.958620206766049421e-02
4.116318572519972463e-01
1.067099644753835008e+00
-1.335492859417684475e+00
-3.928255669092539648e-02
2.814361614141960288e-01
-2.082396231611944870e-01
-1.777100164300096097e-01
-7.936109450567538914e-01
6.293641386039539043e-01
1.473440220755193764e+00
-8.469086972785833112e-01
2.272080065638828472e-01
6.124021464644213708e-01
-1.308361177062073111e+00
1.146254800982964284e+00
-2.364044415987676118e-01
-5.987701551676662959e-01
-2.575068594432297076e-01
2.005498676540851122e-01
-4.322483348456103158e-01
-3.315085757259783605e-02
-5.301335795111015159e-01
-4.989218495825360478e-01
1.209594584226271863e+00
2.362343335812884249e-01
6.632185186705239488e-01
4.774551222283198726e-01
1.015857568872067240e+00
5.364346716072994070e-01
-1.768364962164783449e-01
-1.169486526569614604e+00
-1.647818043283829859e+00
4.555110246465243762e-02
-2.848229697371431612e-01
1.076870697223997198e+00
4.768131268290964897e-02
2.742270311558403506e-01
9.949933929680554456e-02
-1.674027751125164443e-01
3.051673877357172771e-01
2.934447979818513019e-01
2.902366513609999643e-01
-5.758518312366600611e-02
-7.947018168422816942e-01
5.881175325209255789e-01
5.581570962865356478e-02
-2.805513288981122955e-01
-4.151893451211909891e-01
-1.079220410282903941e-01
6.884148711988853364e-01
2.991114322648327217e-01
-6.175754878453734165e-01
-2.305585061531045810e-01
6.616526951079748642e-02
-6.721702402121740860e-01
1.626916135297582500e-01
9.444394139419820533e-02
-8.308612025582959859e-01
-1.165298001292036645e-02
-7.411662940241541264e-01
4.006241342635270541e-01
-1.730554376174824327e-01
3.611374038827372956e-01
-4.823868143393985619e-01
2.877686376652235367e-01
-7.023997332191900256e-02
-2.126161460263604752e-01
-1.655296147850187083e-01
4.830896826364021734e-01
3.612996704618121058e-01
-6.406161926078812741e-02
1.543428631674519380e-01
-6.348785712894873257e-01
5.858430028077918905e-01
4.658388219550433362e-01
3.701079321764684238e-01
1.151682514073897323e-01
-1.810277116223701910e-02
-1.126564056765073207e+00
-2.410265494919956453e-01
3.963593224933905645e-01
-7.511022315607718269e-02
-7.978181848469034776e-02
-6.031939980599787532e-01
4.672608890970604278e-01
8.271872991838549183e-01
-6.714767508063701484e-02
1.717997938411919279e-01
-1.096761766620623746e+00
2.710985465581501330e-01
2.191009437382449576e-01
3.310586016810788124e-01
-1.195615930659831960e+00
4.656451177144118603e-01
-1.724965257816766240e-01
1.930440605373915375e-01
6.862866214218499294e-03
-1.036060145960080447e-01
-2.861881186591110904e-01
-2.979774120675262594e-01
-8.793036724547036442e-01
-3.341011829245124076e-01
2.772738603866304885e-01
-6.861996266071557216e-02
-3.233379747234623736e-01
1.022233306489511051e+00
9.539291348668319515e-01
6.746802255076831401e-01
-4.949735856692907277e-01
1.089471902008225968e+00
-4.577021237799305808e-01
-7.409268919615641380e-02
-5.931980714341005267e-01
-7.023724219098381738e-01
4.442977958933980176e-02
-1.413339972463578675e-01
-5.935746739226326341e-01
-4.515545957327411486e-01
-5.841631991584961270e-02
-9.004306642155590623e-02
-1.070914511532325974e-01
-1.281179804679855039e-01
7.110563626383541447e-01
-7.001114380281947547e-03
-1.399865502017378915e-01
-6.916244650607001887e-01
-1.043974331566745573e+00
1.438126884503105885e-01
-1.305240176613123637e+00
8.826796536394176940e-01
-3.578823255285712435e-02
-3.659203311479934939e-01
8.046876669335114585e-01
1.202533396358118623e-01
-3.186007832939576900e-01
-1.177331848686083315e+00
-7.719157572883093010e-01
7.033281749115127823e-01
-2.763169191613954467e-01
2.262170775172345216e-01
-6.568113231401060403e-01
2.688819627106813215e-01
-2.498766394379003941e-02
3.631212730451514048e-01
2.931215605523727064e-01
-4.318801868993737969e-02
3.983448250674062052e-01
-6.991575214346568146e-03
9.836203276968911169e-01
8.103502167026155334e-01
-6.260454663281818100e-01
-7.082857298790754541e-01
-2.166137126488543174e-01
7.925672638964602612e-01
2.011720507424650251e-01
-5.559945203710388029e-01
8.344749596456146890e-01
-1.497564448104959922e-01
-7.236490366144154862e-01
-1.066513350540807537e-01
1.047242565514148183e-01
-1.029987251624814970e+00
7.403269189086856272e-01
-5.235024669296874933e-01
2.151347341719533901e-01
-3.125779494118408053e-01
4.368799907771503399e-02
-6.431403919973606165e-01
6.586878754497584865e-01
2.919772954228072592e-01
-2.444415980498408913e-01
-4.735521241164333262e-01
7.517510908917355295e-01
8.311530212491549108e-01
5.887104270170588904e-01
-1.140155462973604372e-01
9.335474147630158370e-01
2.629544238456062999e-01
1.042281735227366113e-01
-1.887460342961757576e-01
-2.784468042676868649e-01
-1.592556867840499990e-02
-6.388629043654869832e-02
1.738844716263621137e-01
2.518823771825147162e-01
-9.654786880208501287e-01
1.014835191681281223e+00
-1.364920614186321934e+00
-2.263345520583968096e-01
-6.568392196015278017e-01
-7.936887109300183596e-01
7.645084039532648035e-01
-9.446127332683573741e-02
-9.452865692272087728e-01
1.678588826586047134e-01
-2.610953355234073570e-01
-4.314932461248046636e-01
4.832292133847824189e-01
-9.473826921175731997e-02
3.141355307110078598e-01
-8.416762853230732588e-01
1.921567574181732851e-01
3.266577863539055215e-02
-6.533417754389345689e-01
-5.560199979687174832e-01
1.848385343906322476e-01
-4.672602533033458627e-01
1.927559384960684241e-01
2.505008753337625294e-01
-1.084737160541464185e+00
6.808331626397787772e-01
-2.131307910206290401e-01
-6.179601491775024158e-01
-2.566967402144726407e-01
8.583452760766725476e-01
-7.292834521671709425e-01
-8.131237370522921282e-01
3.124845981193331568e-01
-5.054688588002749228e-01
3.536083277065724673e-01
5.633031770805558835e-01
-8.117992347385030172e-01
6.412952913725717963e-01
-7.647540519634699052e-02
-6.174262239620631476e-02
-2.434941828611929537e-01
-2.998962486377640957e-01
1.457336265237452189e+00
5.033553952089686589e-01
-8.665212804880084718e-03
1.264029594072608731e+00
-6.465878152399984202e-02
2.491698408889959637e-01
3.095512418893875406e-01
6.419854710506704976e-01
5.494855628914860901e-01
2.829398247926953047e-01
1.844763960085629151e-01
-6.094702932449020949e-01
-8.806930577710794239e-01
-4.664393185903028538e-01
6.314544034573543740e-02
-1.560296292248573025e-01
3.014195808737172300e-01
-7.788794773173286501e-01
-5.936112198918426230e-01
-1.518041153752545114e-01
4.616425218819344423e-01
-3.261026850965178525e-01
1.378685986453280776e-01
3.848039574998196599e-02
1.249963835873409757e+00
-1.034398528474032020e-01
-4.751437178753441515e-01
-2.572541467671189963e-01
6.046777083045826728e-01
2.509825491824111410e-01
-1.013791774188908867e+00
6.517596455551970536e-01
-4.187811606796509878e-01
5.518575461848440611e-01
1.921947147504878828e-01
-3.529085280034314209e-01
6.919083549263707056e-01
-1.643084567397519180e-01
5.063857269353500001e-01
4.709233695641774631e-01
-3.155398018103072744e-01
-1.686968688901782087e-01
1.305616246766589938e-01
8.772378626833443604e-04
2.406562901260045351e-01
-4.143895565031581185e-01
1.034800730628121279e+00
3.827644152452833737e-01
-8.120808812228652585e-03
2.929736189663199042e-01
-7.159868142722878304e-01
-1.931987765553628833e-01
-1.024073087349954392e+00
-8.333384976925515275e-01
-9.809696175759432535e-01
-8.272620197210489579e-01
2.491844995958558684e-03
5.186338964795114137e-01
5.707015869413538667e-01
6.268451942418789002e-01
-2.591356472001669076e-01
5.005085345236368610e-01
4.343388802371714874e-01
3.245281096817640432e-01
1.888983313532470731e-01
4.064289247160832730e-01
-2.285776117414783926e-02
6.582032418732612911e-01
4.533561450681187210e-01
7.809117006908827818e-02
3.491811525459400656e-01
-7.328116834357771836e-01
8.235875100181804243e-01
-1.739577803355150110e-01
6.193920050925560972e-01
-7.938136940689766163e-02
9.908345571602534818e-01
2.765359171563286367e-01
-6.472693360767127757e-01
-1.185225064375678983e-01
-6.909841158695870789e-01
2.954180830998085483e-01
8.729588779318095959e-01
5.006125409462027775e-01
-6.935492891574739360e-01
-8.318686998645477004e-01
-1.021605811234387318e-01
-1.710956107865637676e-01
-6.140294811002267039e-02
-9.410910719958920367e-02
-1.702831291857913598e-01
2.218648058106253984e-01
8.759231140125383064e-01
-4.535016847868078571e-01
-1.617937952324615569e+00
-6.879843465478900910e-01
6.171853279052541552e-02
-3.310767620353516349e-01
6.926162659368237939e-01
-6.964495847990459509e-02
4.401577984229216867e-01
-5.327371849051054653e-02
4.460333998715348969e-02
9.048962256634212054e-01
7.223585090662982822e-01
2.827583492724050629e-01
9.188167273365444032e-02
-1.363802582959703358e-01
4.309166193073430406e-01
-1.062293491384052047e-01
-2.518885692909869078e-01
-8.973651765007470971e-01
-1.758614100525974777e-01
1.739972721972726788e-02
4.423280506864646355e-01
2.124012831960762071e-01
2.817568019860416939e-02
3.378114389412427698e-01
-7.225123287501009628e-01
-5.993288444762923106e-01
2.993815179961476503e-01
-1.233867868761033826e+00
-8.624706890336328868e-01
-7.393336565058197252e-01
1.181564843799240982e+00
-3.213307382696033443e-01
3.837814047500787140e-01
-2.034097183953358368e-01
-7.685745374519994400e-01
9.646754783785747023e-01
-2.007782376238864686e-02
-4.241206813210371962e-01
-1.144713129276650587e+00
-4.278223048994798106e-01
-3.202622781484452119e-01
-1.133418605189140393e-01
1.406887604878814813e-02
1.038010340667915088e+00
-1.963875902376157612e-01
2.247844017461897437e-02
-4.101513307054718283e-01
4.939378542519792248e-01
-2.780476050568623236e-01
-2.491814239064833458e-01
-1.362122063329698207e-01
2.660700540738014652e-01
4.142300912651375455e-01
2.462738519156113526e-01
3.756235173359359081e-01
-1.419202529222101106e-01
5.381621032468997257e-01
1.501893492691550591e-01
4.805965095376407703e-01
2.020576061341019525e-01
-5.373254658475943302e-01
2.633135497854439677e-01
7.160548187827666666e-01
-2.332553174142830699e-01
-2.350423099658680570e-01
5.760439048326801981e-01
-7.499080305993022222e-02
-2.356075302633700019e-01
1.034797888712997604e+00
6.461223733734877683e-01
3.774560620480391648e-01
-2.384576456585190130e-01
9.784064426864880204e-02
3.629491956382935314e-01
1.807486255444681333e-01
-3.696772672259145409e-01
-6.119467879897078078e-01
-1.385954720321773692e-01
-7.185485293937219353e-01
-1.660077661892964684e-01
-7.771093559500696912e-01
7.374223624542342037e-01
2.739934762664866241e-01
-6.362554079528326412e-01
-7.825356179063440720e-01
4.855833535844347182e-01
-7.245744217160243750e-02
-3.029818617570407824e-01
-3.387395717689756225e-03
1.170713451592533261e-01
2.693134951651909859e-01
6.487050143779153899e-01
-2.214384493931307318e-01
7.142557409425185355e-01
5.131375591188174212e-01
4.809285574846544620e-01
4.961000221069156169e-02
2.949911706063002015e-01
1.345802548780721253e+00
-1.020199600788936234e+00
-4.639663474892596895e-01
-2.203084311455869582e-01
3.282036604884597253e-01
6.612439884747089991e-02
-4.063736453920308023e-01
-2.247044391704084987e-01
3.759529693670842221e-01
-1.159136617720512241e+00
6.237872343533048536e-01
-4.153160801209496711e-01
7.885521886060278263e-01
4.821868833932541065e-01
5.478034318837643468e-03
1.272125917729329814e-01
4.756813969314519497e-01
-4.713795584554203444e-01
4.190432992812400670e-01
-6.547260221400241775e-01
-3.543911098814636063e-01
-2.260176183505544500e-01
1.246255230045889562e-01
-6.444090422127501938e-02
-4.981755984449574015e-01
1.318171688477507431e+00
-5.523370706665975405e-01
3.804466675055584446e-01
2.308995341690769365e-01
-1.637025837601537859e-01
3.478713341374159995e-01
-1.214600561377867649e-01
2.041159264061889189e-01
-1.559421618986274183e-01
-1.130433117413138788e-01
-4.312513707771223892e-01
6.424362594038903751e-01
-3.795922733693313234e-02
-2.337003531004260282e-01
-9.246300673310914320e-01
2.730908182057012468e-01
1.959599859925473808e-01
-1.811743636199549812e-01
4.859946086485900096e-01
2.369539431985456801e-01
-7.870331725234542830e-01
5.064965732347292970e-02
-2.024778803253202142e-01
-8.496335886733845655e-01
-3.678344820764225531e-01
3.105323705677323076e-01
1.224022078885056430e-04
-1.577370115461604883e-01
1.414265152600444608e-01
4.019054321804924612e-01
-7.603000526492031952e-02
-6.504805368551433986e-01
3.675076253021209993e-01
1.948476361831117387e-01
-3.591797097208067058e-01
3.541929664749492446e-01
3.916752001985823739e-02
-1.775790766627762807e-01
9.323564480616610695e-01
-3.774894069747247727e-02
-1.581915298978318063e-01
-1.558218524711563191e-02
-5.741805701927926719e-02
8.280971836219253035e-01
3.560409606481851341e-01
-1.615163127921963593e-01
-1.031100211994673277e+00
-4.198397843765659943e-01
-1.058140086003600544e-02
-1.543124749939615015e-01
-1.956607009183572998e-01
-7.326765595440605239e-01
-7.314285606946615559e-01
-1.012408141682099583e-01
-9.663303585247184913e-02
-8.672673251750451229e-01
-1.052789185791278559e+00
1.062964704810301697e+00
5.715366612450445416e-02
6.337933339128811738e-01
-7.714200963286161894e-01
2.701548290361817095e-01
4.335602041088844061e-01
1.353925140334215627e-01
-3.198283145434057673e-01
8.683466862108080164e-02
6.232373085569697935e-02
3.273715505481273880e-01
-3.145839518436686078e-01
-5.324362909951485534e-02
-5.581653323315096671e-01
-1.141919488360687573e+00
7.458093283423572473e-02
-2.192298849105380754e-01
3.087661473166907200e-01
4.501171699355843714e-02
9.813546680542728495e-02
-1.022814768383586426e-01
4.541605615130102080e-01
-1.015034063190700664e-01
-3.842903200837000099e-01
6.985180894223033121e-01
2.847535935305476329e-01
-5.577755367753596261e-01
9.971525730010100119e-02
-6.779217857790804658e-01
9.469133204190498532e-01
-3.796231573375994373e-01
-1.009899882572281804e+00
-3.254575012316376359e-01
1.286493162369639620e-01
3.062756166981355221e-01
-6.392943905297077123e-01
-5.595680209625619739e-02
1.041415142353621093e-01
5.903120393648126907e-01
-5.396687663818280356e-01
-7.927785232208570676e-01
4.394418268421409479e-01
5.437667475169574161e-01
8.772880818467285735e-01
-1.167033575297801828e+00
-7.895627565903753364e-01
-4.397865814693933117e-01
4.922479290887737946e-01
-1.772998332742581340e-03
-5.168211177714621130e-02
1.073641297435955266e+00
-1.120836076964371042e+00
-1.676085307022177062e-01
-2.986641587951499588e-02
6.273099460178439557e-01
-1.257649758372696880e+00
1.885536859304668411e-01
8.776319230423332840e-01
4.223004235934570971e-01
5.118592428519752602e-01
-1.817344518183698909e-01
-1.042180651596896546e+00
-3.834008862321285349e-01
1.013899962222994056e+00
3.747485374438124239e-01
9.696446736011310463e-01
4.029493051955901350e-01
-2.680042721784898774e-01
1.212714082367174484e-01
-6.793394194337309955e-02
-3.561587190357231592e-01
-8.314290061463855963e-01
7.286595570206353401e-01
2.981279870474660143e-01
-1.005493253428946243e+00
-2.349575874645424278e-01
9.065094353994105347e-01
4.826802094507929297e-01
2.024593988828593538e-01
4.578961107223236127e-01
8.457834572957070307e-01
5.910768071283190039e-01
8.621998272816711051e-01
-1.869268322078534439e-01
3.958717680731052013e-01
6.183972072479146931e-01
5.098163414768261958e-01
-6.055141564950119459e-01
-1.774824846310716353e-01
-4.816464512078830751e-01
-6.860013993952920330e-01
5.494413446383372701e-01
-1.062963092156119949e+00
6.908083137195486501e-01
5.018016981989950054e-01
2.675976988835078174e-01
-2.473939603269181831e-01
8.107311131423600159e-02
1.410053119736867089e-01
-2.931436259580504355e-01
-3.474246470733808323e-01
-1.780478150548532312e-01
-2.650659721511852140e-01
5.034282431732801655e-01
5.775913111908250741e-01
-4.224561407706692862e-01
-1.204079208568487047e+00
2.887388443015179718e-01
-1.147267148853687857e-01
-5.865153882910938421e-01
-7.056897953640728360e-03
2.333809088065317283e-01
1.340104479948518446e-01
-2.827418209605214727e-01
-3.443609737761841316e-01
-5.090883600446334256e-01
1.720976046255895398e-02
-4.148532865503060663e-01
4.322573587097444658e-02
-6.270866918015158831e-01
-2.483914164424234627e-01
-1.046281304279604640e+00
-4.317887739017303161e-01
3.039889213419630920e-01
-9.824118073820464758e-02
-1.688105412518385862e-01
-9.358588905139608727e-02
4.446160432798187401e-01
2.146742763360576234e-01
2.281027499633250244e-01
2.959269701514344320e-02
5.213158111785753945e-01
-4.907184201015901692e-02
2.678128998485203027e-01
1.232110107934536458e-01
-3.671267179100947686e-01
-3.615641181835513862e-01
-6.462956541655353604e-01
5.440912636817802905e-01
9.508135081926720744e-01
6.462991797744717104e-01
2.520491980702015411e-01
7.018014610882072901e-01
-3.890492345700025112e-01
2.069213712554107687e-01
1.343343721181840422e+00
-8.377284098039181615e-01
-8.928796287423823586e-01
5.982212043230852316e-01
-2.285150684981722691e-01
1.461025778984303969e-01
-3.167262322424893028e-01
5.567436315741183250e-01
-1.040830842978399673e-01
6.178498309100550756e-01
-9.108457631846391678e-01
-1.393249287853226548e-01
-7.949836402021572823e-01
-5.677037063660517191e-02
3.329599732526844491e-02
-1.214869354562040371e-01
-2.124739490282836485e-01
-9.122490081224130520e-01
-1.400796282151386407e-01
-2.182948402682169942e-01
-5.672951219530544265e-01
3.224246023223269475e-01
-3.132422217541179776e-01
1.432907247876684664e-01
1.200495893058791452e+00
-3.152200403720328836e-03
4.323056961403137777e-01
2.738137232107717978e-01
3.378879122053666251e-01
4.184824865743355105e-01
-1.027092952554840011e-01
1.357210270584783274e-01
-1.133872981358265086e+00
-2.366451602705907931e-01
1.066475856823188018e+00
-1.214947128378796037e-02
-1.562804489252860307e-01
1.936196786401875869e-01
-9.342817086881218813e-01
-5.347916954106812781e-01
-4.770627980518762357e-01
1.057981875651998749e+00
-3.606397860805587996e-01
1.920352727317169439e-01
3.954221787771041718e-01
-8.314008681054119165e-02
3.413704782195186027e-01
3.311766179882580374e-01
6.567703818779957459e-01
-3.479711144404964429e-01
-1.824496269805315762e-01
2.942228969383551274e-01
-3.738120522799261991e-01
-6.345358211482636790e-01
-9.800584671406893378e-01
3.783803931831641876e-04
5.423039678162311361e-02
-9.119642585142351265e-02
-1.872328331082435682e-01
6.664690666419303966e-01
-1.293278972038305330e+00
6.464147886831392853e-01
1.787168915082171239e-01
2.173965809978497532e-01
-1.032003638050680294e-01
-4.153827374582608201e-01
4.967012306397036170e-01
6.634491623971703333e-01
-1.440699782578350074e+00
-8.933036364847337651e-01
-4.320137529925194286e-01
-6.244007131907061137e-01
-2.088115242861254828e-01
-2.435051344990082356e-01
3.362675766431983959e-01
-4.515248967636882327e-01
-3.870812459260362104e-01
2.519711302986173962e-01
-6.723565347860525065e-01
-8.758681959435286046e-01
1.249964999452321202e+00
-6.928963978909159493e-01
2.825815995054465901e-01
-1.016582026614720746e-02
5.722221256076496232e-01
1.591761022649675894e-01
-2.431716315700738207e-01
-6.016642640980807144e-01
-9.116777751062263846e-01
4.681450057917047047e-02
-7.930804407229343767e-01
-6.572959805487998963e-01
-4.511678396259766188e-01
7.824237915608041050e-01
1.091267694161079049e+00
3.603208475030506008e-02
3.952196683922259979e-02
-1.709824713977194488e+00
-5.191722833146350524e-02
-1.446197027701376925e-01
1.156803641249385173e+00
6.973254494844969287e-01
-1.138450888076033785e+00
-8.720590460370916119e-01
2.073191860895384764e-02
-3.839504060942449115e-01
-1.788928313840507656e-01
6.387239161345785732e-01
-5.929540533582358108e-01
-6.323154112182844955e-01
2.651913451085903262e-01
3.135471056436847093e-01
6.730669248472684885e-01
7.203097762206356336e-01
-6.067003357885543124e-01
8.890576280809270315e-01
3.482838060791282331e-01
4.142507608967092025e-01
-5.191704086362669557e-01
-6.104328893151196311e-01
4.017454338808335024e-01
2.465454178463222235e-02
6.051028114556302739e-01
-3.295134216573645247e-01
-7.248980528846500349e-01
2.199566341422087845e-01
2.603890760048432895e-01
4.201091110599168843e-01
5.549380278430717794e-01
-9.868637400317616937e-01
3.616803752629262902e-01
9.028973105428539370e-01
1.668105742158942917e-01
5.930057215964836814e-01
-2.136679577550104625e-02
6.064062934339737865e-01
5.079538720779774863e-01
1.155952307207669172e+00
7.306284814780639181e-01
-3.492693864711071683e-03
-2.128768033195962417e-01
-3.549527926932665167e-01
-6.599143669531040146e-01
5.992477427286537761e-01
-8.272558623635095643e-01
-1.295764705338751099e-01
6.999124451142808567e-01
2.667842774367663594e-01
2.193475062456604618e-01
5.213152048435532038e-04
-4.328765883488312483e-01
-5.108138414116094594e-01
-1.100860561253188763e+00
2.637897378347737742e-01
4.275071738073235039e-01
8.289246616168970405e-01
4.472629647875034919e-01
-1.233190630002888977e+00
7.158199905420481457e-01
-8.007816057286269995e-01
7.790948900697527435e-01
8.735878458764023691e-02
-5.005107127967276526e-01
-3.149740505753184650e-01
-1.137476566395530853e+00
-9.050004211089994755e-01
-3.734729861913219651e-01
-6.053670118407428191e-02
-1.492537872182575498e-01
5.324548594290252623e-01
-4.622753865592956757e-01
2.491116903836863017e-01
7.174843753730737461e-01
7.688987844676482553e-01
-1.235958758581761074e-01
-9.630675726237036827e-02
5.846141573248564427e-01
2.854817659290453946e-01
4.895101881621073403e-01
7.216382117984991851e-01
5.605161446082229659e-01
6.748751309331355586e-01
3.422635987471602803e-01
4.300748435378114465e-01
-2.895246028500340074e-01
8.159573715037629071e-01
-1.555789330506793799e+00
-7.409038882043246232e-01
1.015315037055781744e-01
-3.066770235850704296e-01
-2.318557641621961096e-01
-6.542825366369076079e-01
-5.307753522024096782e-01
-7.149542376339557137e-02
-9.700089548126200611e-02
3.470821778628785381e-02
-7.473281698711460308e-01
2.217786738427163229e-01
-2.005194114444028841e-01
9.536110810008482375e-01
8.665650989882731636e-01
-1.048128899278180093e+00
-3.742747710246030479e-01
-3.052618126016435340e-01
-2.162666788341844892e-01
-3.862524928140000924e-01
1.271156610390510977e+00
-1.210499558651205732e-01
-3.030005871567853504e-01
2.728111529569403615e-01
-1.145031728664571702e-01
-6.910580731701028157e-01
5.490503284411172302e-01
-1.501081380932181020e-01
-2.565943818985436664e-01
9.145717494963969685e-01
-3.254468343854624024e-01
-2.615155822342796199e-01
1.304809103784307922e+00
3.988098253201401988e-01
9.800761419062755664e-01
3.972398056728074778e-01
1.092579363916758695e+00
-6.012209725107489078e-01
-1.819570952378128936e-01
-3.300598808354848757e-02
8.530795195646190265e-01
1.402938371493219094e+00
-7.434073896248802882e-01
3.765199743996205939e-01
-4.460914159337310281e-01
9.500319193547923646e-02
2.313550223888007906e-01
-3.817843667603586510e-01
1.311247005757003592e-01
-6.532274072893180517e-01
8.345515634901534696e-01
-1.608242393799981684e+00
-6.003867462918606179e-01
-4.631976032745317440e-01
-4.412675050617833605e-01
-3.451763255111739426e-02
2.274654054671749748e-01
-7.929497770109943389e-01
3.781417766410939407e-01
6.037175097657856426e-01
-1.029264139693359947e+00
-4.155212891230073424e-01
-2.827305576011145405e-01
4.938524139621467413e-01
