3.037000000000000000e+03
3.455000000000000000e+03
3.314000000000000000e+03
3.344000000000000000e+03
3.612000000000000000e+03
5.487000000000000000e+03
4.394000000000000000e+03
4.249000000000000000e+03
5.134000000000000000e+03
3.702000000000000000e+03
2.268000000000000000e+03
2.688000000000000000e+03
3.058000000000000000e+03
2.308000000000000000e+03
4.227000000000000000e+03
1.914000000000000000e+03
3.979000000000000000e+03
2.923000000000000000e+03
2.501000000000000000e+03
3.398000000000000000e+03
1.235000000000000000e+03
3.096000000000000000e+03
2.216000000000000000e+03
2.305000000000000000e+03
2.284000000000000000e+03
1.909000000000000000e+03
2.337000000000000000e+03
2.637000000000000000e+03
1.895000000000000000e+03
1.448000000000000000e+03
3.630000000000000000e+03
2.025000000000000000e+03
4.647000000000000000e+03
3.675000000000000000e+03
2.550000000000000000e+03
2.476000000000000000e+03
2.621000000000000000e+03
3.366000000000000000e+03
2.352000000000000000e+03
2.167000000000000000e+03
2.284000000000000000e+03
2.634000000000000000e+03
2.718000000000000000e+03
3.984000000000000000e+03
1.308000000000000000e+03
1.773000000000000000e+03
3.801000000000000000e+03
3.675000000000000000e+03
1.946000000000000000e+03
4.130000000000000000e+03
2.204000000000000000e+03
2.896000000000000000e+03
1.358000000000000000e+03
5.728000000000000000e+03
4.834000000000000000e+03
3.850000000000000000e+03
3.395000000000000000e+03
4.631000000000000000e+03
5.999000000000000000e+03
4.976000000000000000e+03
3.039000000000000000e+03
1.398000000000000000e+03
5.242000000000000000e+03
4.758000000000000000e+03
4.696000000000000000e+03
4.209000000000000000e+03
5.249000000000000000e+03
5.083000000000000000e+03
5.300000000000000000e+03
5.723000000000000000e+03
4.586000000000000000e+03
4.670000000000000000e+03
4.812000000000000000e+03
4.983000000000000000e+03
5.200000000000000000e+03
5.015000000000000000e+03
4.080000000000000000e+02
5.091000000000000000e+03
4.010000000000000000e+03
5.322000000000000000e+03
3.994000000000000000e+03
3.003000000000000000e+03
4.439000000000000000e+03
5.829000000000000000e+03
5.323000000000000000e+03
3.549000000000000000e+03
4.904000000000000000e+03
4.973000000000000000e+03
4.689000000000000000e+03
2.553000000000000000e+03
5.561000000000000000e+03
5.356000000000000000e+03
1.693000000000000000e+03
5.030000000000000000e+03
5.437000000000000000e+03
5.360000000000000000e+03
4.736000000000000000e+03
4.707000000000000000e+03
2.707000000000000000e+03
5.068000000000000000e+03
