1.519837415311510398e+00
-9.043567709499313878e-01
-1.387208150488801195e-01
1.068908665374443956e+00
-2.099302138324545819e+00
3.480687936861741605e-01
1.278760271726948616e-01
4.023051307002969423e-01
-1.153914117946270412e+00
-8.948697831388239265e-01
-9.981843985307286005e-01
3.007044914585303985e-01
2.501943918398995770e+00
8.901247310244508881e-01
3.384968803106360724e-01
-2.675778655327185618e-01
2.616101197086804220e-01
-1.327831808790467250e-01
-7.558837958104884791e-01
-1.222404099872150596e+00
1.002724649611042906e+00
-7.538409589219527973e-01
-5.376554501144603648e-02
-4.683916637323637389e-02
-1.056444505842079717e+00
-1.346043623114380416e+00
-2.129572610388850151e-01
-1.554258497400145878e+00
4.338123818516077534e-01
-1.152442332733574659e+00
-2.116476325921991197e+00
-1.163258608299759800e-01
1.718840961355452279e-01
-7.463703426270793528e-01
6.364994842987865553e-01
1.629092440816533482e+00
-1.181208888321508166e+00
-1.165350305031402023e+00
9.225181045161745530e-01
2.571424566756865815e-01
8.231449335869234218e-01
6.947702326501072889e-01
3.608387449248180445e-01
-5.229675274036607036e-01
-2.392008746701215216e-01
4.955966264368614205e-01
-7.617297113514753804e-01
-1.791143507326027340e+00
-4.290084130084963476e-01
4.506732011729930321e-01
1.025874308772789512e+00
1.118188011314114050e+00
-1.075714682723404536e+00
-3.047608606775922269e-01
2.005499794468619257e-01
7.968979094993482448e-01
-6.608063495624554307e-01
2.836230657352984963e-01
8.429543914764447976e-02
4.842993374529003248e-01
-1.343933716454487559e+00
5.597518804079459898e-02
2.679468205185431273e-01
-1.753498751300845981e-01
-8.745171003998848391e-01
1.046882502026532435e+00
-2.646659687736816480e-01
-6.813429349890434139e-01
9.911766513292601388e-01
-8.682522060368249583e-01
-1.010122666771352762e+00
3.582199126721423710e-01
-2.152120467760507694e-01
-1.678673098380642159e+00
7.922118190599070076e-01
-8.984767605095003162e-01
1.602360346442647021e+00
-4.392834720552665217e-01
5.834064918086703244e-01
-4.138258863858048642e-01
3.293764906185669972e-01
6.501143120012242704e-01
-7.171825126161612829e-01
-3.458715819548716652e-01
8.079065330931811673e-02
1.506228551622641021e+00
-4.663724632407788562e-01
1.471850396762039992e-01
8.466485510898635880e-02
-2.914238001415192514e-02
-1.555211056847101148e-01
1.184509024902040686e+00
-1.096357890386041589e+00
-1.614408908935274223e+00
5.783505054618736096e-01
-2.578672548053253522e-01
-1.469343727290000068e+00
1.689901559326244751e+00
1.964862622495324729e-01
9.267446285884251012e-02
-2.583577793798141897e-03
7.801362718549533781e-01
7.332217869164505686e-01
8.135295527766706059e-01
9.512172033948571581e-01
-5.218448346413531169e-01
3.945013451254029135e-01
-5.428107494837561831e-01
-4.470822120589774684e-01
-7.938901178147084181e-02
1.579678344692105441e+00
7.366862308537447390e-01
1.163223781182177063e+00
-4.575560873259565398e-02
-1.068076967394441468e+00
-2.135712029487102370e-02
-8.639996608105073861e-01
1.300834638075585303e-01
5.687141017154662137e-01
-5.715990436707896194e-01
3.440824714506351967e-02
6.871133311313837311e-02
-5.975145724992989571e-01
3.471443831785636647e-01
1.235671083074034726e+00
-6.463145860769969886e-02
-6.842158531209063810e-01
-1.303433166859426784e+00
-2.398528417245380240e-01
1.001937091512788314e+00
3.545793724344736830e-01
-1.477356650541653771e+00
-6.582882128774922847e-01
8.274506995453689839e-01
-1.036385348124134964e+00
3.975335081662318970e-01
2.806261959955502761e-02
1.490789565639047076e+00
2.850011347709013876e-02
-1.708856930258541240e+00
3.033784764686622282e-01
1.604169365685232940e+00
-1.296766271532019843e+00
-4.151087168832754415e-01
1.070491831054914300e+00
-3.295936917298005753e-01
8.915904705761112936e-01
1.358918113692077156e+00
1.082372633097366865e+00
-8.501350253007613489e-01
-3.448582924163892116e-01
6.202616790643391553e-01
6.529019403382640974e-01
-3.206666122358212689e-01
-4.093586806042779358e-01
1.234722523580634501e+00
5.837062609886860542e-01
3.975697484625229094e-03
-1.478243354555459632e-01
-7.852227273854142098e-01
-7.566384770060459175e-01
5.403078334431281604e-01
-1.051786427102712196e-01
-3.722636878730796184e-01
4.806207978926115842e-01
-1.129580697081937757e+00
2.355028000388070808e-01
-5.466389784037382071e-01
4.656766771928193549e-01
-8.761701616787060942e-01
-9.417552476471087175e-01
-6.926095182432021602e-01
8.883505223880829860e-01
1.350659067518256151e+00
-9.137905310025828953e-02
1.371456363860970029e-01
-1.144709619696080871e+00
-1.479207168627941105e+00
-9.201338764670801140e-01
9.624651700129049914e-02
-2.814492511912725092e-02
1.210071733334299182e-01
2.266913863051771116e+00
1.421569028799057222e+00
-1.177441648541143415e+00
-1.868562574705769919e-01
1.226838997405582887e+00
1.111536283514482193e+00
1.019212931076029172e+00
-2.939146093742195376e-02
1.209140619897070223e+00
-1.054400682563225722e+00
-7.347851829955063252e-01
-7.856952463472408610e-01
-1.530106504157915381e-01
1.107218133121513404e+00
1.618711046140379750e-01
-1.539365635642040431e-01
1.360795683953419655e-02
2.196075459715629563e-02
4.696194588079904975e-01
-1.054587292640477791e+00
-2.761663919507135745e-01
-1.375021382894511035e+00
3.542763712942615939e-01
-6.089448230701677289e-03
3.850013230739071091e-01
7.869834169714877703e-01
-3.227468610499517609e-02
1.977192530054159292e-01
1.462143370243518703e+00
-4.360399981163567418e-01
7.774616473732676170e-01
-5.336274464476318258e-01
-1.022444004438301413e+00
-1.076603201925881770e+00
-6.048973851521255440e-01
-5.685206648117926420e-01
1.051270655817950761e+00
5.373633970284252825e-02
8.867173688704390599e-01
1.478390934228870357e+00
-4.873518899553319628e-01
-7.870009859996116575e-01
1.029687950075953928e+00
4.524074246434608426e-01
-1.331844201896608126e+00
8.614082016455970603e-01
1.121581198288517101e-01
-1.947860255247894745e+00
-1.498473138343101141e+00
-4.164828536311659946e-02
1.244465723722283812e+00
-2.503857032186171949e-01
4.414971573321828657e-01
5.958656949520921842e-01
5.856684842396120416e-02
7.317390277051236680e-01
-2.312289787320622736e-01
-6.129220001685391495e-01
-1.021320029155013742e+00
-1.707869352412503261e-01
-1.770860070249784091e+00
1.341466690332646650e+00
-1.298332141731445510e+00
-2.377535394538540459e+00
-1.232054805296907141e+00
-3.537919329326584261e-01
3.435347932086703082e-01
-7.611440025567164369e-01
3.686761381734218190e-01
-1.067633020506113084e+00
-4.525008134175809715e-01
4.861611372404350817e-01
5.556501665687187952e-01
3.734164386790972401e-02
2.027890926816544592e-01
-1.068531778972317881e+00
2.105380329722397192e-01
-2.187425834748104592e-01
1.195626858340616216e+00
-8.286981192725288992e-01
2.110398779362139265e-01
-1.432214286435827155e+00
1.348219121389995223e-01
-1.288383037211774607e+00
-6.343889644617082268e-01
8.708054491929972940e-01
7.631837669043148864e-01
-3.941089088339619906e-01
-7.921119649162111642e-02
-6.013349637271492298e-01
9.610734985460354096e-01
1.583534928564276356e-01
-3.127187694542641339e-01
-8.112341765697150819e-01
-2.881783813076665979e-02
-3.411100532164823562e-01
-5.593859205249431810e-01
-1.261840283543822494e-01
-4.721933183916995347e-01
-4.958925839834584792e-01
1.902127667432207403e-01
1.101395035451178117e-01
-2.278806989332235577e+00
-6.036532658517312910e-02
-3.371311846900688636e-01
-2.397819228591320240e-01
-9.205038509418530523e-01
4.596596222612987503e-01
2.239945053459235780e-01
-1.783770342266235431e-01
-8.932857101931510613e-01
-7.330498401787206575e-01
-2.551741681055750277e-01
4.527026497813366746e-01
4.309155507193818124e-01
7.552277600190926421e-01
3.992286495578518668e-01
-1.997868141262362229e-01
-8.100692878633788396e-01
-1.021593993245276444e+00
7.029532507948026421e-01
5.053210804159604663e-01
-2.444799486640034658e-01
3.716498990706540440e-01
-4.936422039865266953e-01
5.261413515131341256e-01
-2.354943086662686369e-01
2.318801156744889624e-01
8.338551449253897019e-01
5.490617860151081331e-01
-2.111993674092973450e-01
2.778602985143692194e-01
1.198427228711596904e+00
3.229880949372798682e-02
6.128080585939610359e-02
9.508174152696104997e-01
5.173625694143337839e-01
-3.360931486658609302e-01
-7.476121898399217258e-01
-1.351140323935307030e+00
-1.875762396843771107e+00
-4.791908424797739485e-01
2.458054374398974673e-01
1.224940517556126096e+00
-1.184042152161905559e+00
5.149121604061104307e-01
5.927224834541613419e-01
5.879849308102613747e-02
-4.847501147181123571e-01
-1.585902916504606797e+00
3.622379168509830549e-01
1.233295791768160399e+00
1.212683762270977184e+00
-1.148071755183366349e-02
-5.242750249372871707e-01
3.964049505494084968e-01
4.949591714535825915e-01
8.857496752570526155e-02
-2.331460978539645623e-01
-1.134286918292044533e-01
-1.663374142013882562e-01
-5.538572023577028602e-01
-1.232298057919360090e+00
5.231920249191626127e-01
6.055610644293896172e-01
1.338477521682061244e+00
-1.467079299160545247e-01
-2.078493848755842421e-01
-8.932431613991358432e-01
-7.892739431242468129e-03
5.456433224332046805e-01
-8.417782330998448970e-01
-7.560091738186702770e-02
-5.019164536848057523e-01
-3.919436810681276029e-02
3.109436279213007026e-03
5.483809364919096652e-01
3.641646866222636447e-01
-1.602658611309202286e-01
1.439096584389395694e+00
-1.285974848672566395e-02
1.940487145065672436e-01
1.240284032222391808e+00
3.881875855962313437e-02
1.495282925299346033e-02
-3.098282799154361555e-03
-9.471367320226420361e-02
6.327480583055331564e-01
-9.611212951959089423e-01
1.490921350983722249e+00
-6.307107007843795188e-01
-1.499314711055212967e-01
-7.899248590854659469e-01
-1.162506617478167303e+00
-1.044430672972593843e+00
-9.072256494757233725e-01
5.896482321493721201e-01
3.166929418323594092e-01
3.360161591537700332e-01
1.295787380493975682e+00
-1.107399289825285571e+00
-1.080953195917775389e+00
-1.291557305461907834e+00
-1.036900708061128107e+00
1.002111363493602525e+00
-1.243356815238804813e+00
-1.851068248349196921e-02
4.211665196802938382e-01
-5.169927640510447731e-01
2.847442487067066708e-01
-5.905972364812424047e-01
-1.151086821840463070e+00
-7.750914526595664711e-02
9.984219656997339598e-01
-1.392777288069517727e+00
1.098589803319445224e+00
-6.525083058456653262e-01
2.627579454234476586e-01
-6.610869550668496686e-02
6.408499486360614839e-01
-1.922181028623923815e+00
-4.622658386257345597e-01
-6.624256742709668799e-01
7.396863612866733106e-01
1.049833092550436220e-01
8.670942953747999837e-01
-8.610025340374427572e-02
1.138421961507702918e-01
-1.608752380239104607e+00
1.153669775889372140e+00
-1.861247647059727228e-02
-4.534195380828620614e-02
1.225705479401630882e+00
8.549519547100512540e-01
-1.150485849486686529e+00
3.186441080467750098e-01
-4.150978578935315966e-01
-3.229797429356198180e-01
6.142465678210111690e-01
-2.174885201089704623e-01
4.608900625893337377e-01
-4.614194715009185543e-01
2.040687936571439209e-01
-4.181178263304516918e-01
-4.254897748873665009e-01
2.722524027467176921e-02
7.800923340333127953e-01
9.145831273006539419e-01
-3.929215522349052137e-01
9.085969771992470356e-01
1.467599873568161684e+00
-6.094790133625558326e-01
-7.036125870762752754e-01
-1.527890989743931449e+00
4.357605273344944408e-02
6.861281702652277659e-01
-1.958844510265498329e-01
-1.698049984910601662e+00
1.819834243913277305e+00
1.033120168562271957e+00
-8.960756496893766965e-01
6.446273767895753792e-01
-1.152993601434660231e+00
3.221664328676610012e-02
3.352958489196815606e-01
-4.398784731934011205e-01
-1.780068485316297355e-01
-5.320058962363924948e-01
-2.532159632558093065e-01
-5.575176063180817820e-01
-8.450834801091673398e-01
-1.212511015697455008e-01
-7.177051287363855891e-01
-8.423710040355203432e-02
-1.547286208080735914e+00
1.017355607201677614e-01
5.997112931440344852e-01
-1.158419193633763555e+00
6.181718266901548020e-01
-1.516251299787354512e-01
-4.093102686755232256e-01
3.824789636126979531e-03
2.540677389371204242e-02
2.069044240777984101e-01
4.126534850323535508e-01
2.491716317301051475e-01
-1.588241249604946947e+00
-1.264836888384941460e-01
-1.181584758885494857e+00
-4.795756413587479727e-01
2.441981690052941190e-03
-3.119169161210209040e-01
1.314730469604827867e+00
1.235505325919907804e-01
-2.251585399917343633e+00
-5.744024001868677232e-01
-5.774377376727599653e-01
-1.556473991227624865e-01
-4.956271267362897248e-01
-2.891625784594609172e-02
-2.178196812051353959e-01
6.037867183244838287e-01
-3.401630019510459846e-01
-3.536312697606724953e-02
5.561514076147480168e-01
3.902435863301825236e-01
-1.124659271239164759e+00
-1.679488889273983432e-02
1.373792211908932970e-01
-3.631104772157431881e-01
-2.841292691528281011e-01
-8.321454295546555358e-01
3.850467407254933860e-01
1.542043972418997377e+00
1.110503960489873876e+00
-6.440673720829863669e-01
6.283431905639318416e-01
3.590895482628404523e-01
-1.779130063018570684e+00
6.243794093333763229e-01
1.478751565463011453e+00
-4.816264389163835702e-01
-1.015106323836649782e+00
-1.042209661774951446e+00
3.163620822852166725e-01
7.576482420010721697e-01
-4.148824770662651318e-01
-1.516101744525002459e-01
-1.103441123658597256e+00
7.288757006416144435e-01
-8.856675694876177118e-01
-1.252046668430829790e+00
4.399642489398027934e-01
2.851830341297816318e-01
-1.531124183473395295e+00
4.568401074985919408e-01
-1.011362586710568223e+00
-9.939490362371827814e-02
-1.650001175303010825e-01
9.771251713281152718e-01
-2.604454825527504624e-01
3.669545996855827497e-01
-2.825853249410235080e-01
-6.936277682535498812e-01
-6.529705984991984735e-02
-3.508387407416799775e-01
-1.896196102944358586e-01
7.383719734543072732e-01
-1.085662900381108020e+00
-2.330583650017246100e-01
-5.243358492775849200e-01
1.390813056890962685e-01
-1.718758460555562806e-01
-3.261562474751347196e-01
-3.859586346360819320e-01
-3.450868049016007078e-01
7.621462612005247550e-01
9.741015356439497452e-02
-6.253643302224087819e-02
-9.296245358313894869e-01
-1.003753012187578175e+00
2.273542975180831149e-01
7.774744784725484692e-02
-3.931019440454104341e-01
2.899072808782374722e-01
8.406182472592753641e-01
-1.238045167543057712e+00
3.993364858332881795e-01
7.092599455229429140e-01
1.350125993776530642e+00
-3.590867850328587352e-01
4.722540044017966565e-01
1.124551931847017627e-01
-7.990456252164346296e-02
3.564291388517890624e-01
-1.050872050806745506e+00
-3.188144916003041729e-01
2.291208999121181478e-01
4.193459863129582743e-01
-1.361029685926480326e-01
-9.363148007414814344e-01
-9.202017475016761594e-01
-7.366388978700433299e-01
-1.910517964288178661e-01
1.319717745269120002e+00
3.779553567964395455e-01
8.400265533980846300e-01
5.800148606487445235e-01
7.715861904088878731e-01
-3.123635537107940507e-01
-6.832448459805897656e-01
-9.362133739004239175e-01
-1.084097979231365194e+00
9.113621448437836392e-02
4.802214249605762930e-01
-1.392164293277584619e+00
5.828667689030009313e-02
-5.766610584527267491e-01
-9.656276923390283429e-02
-3.758829295609773524e-01
8.773926033900085741e-01
-9.807546806539280126e-01
-5.309747937594968548e-01
2.480582285889543215e-02
-6.553941952567114981e-01
9.967145134941617357e-01
-1.235278259376251242e+00
1.128066007956379124e+00
7.091139613729868785e-02
-6.753669875663153022e-01
-6.404084451957103852e-01
2.525123723280762178e-01
6.779889209992457921e-01
-1.221741139871354243e+00
2.823501674521944338e-01
-6.316793353495304686e-01
1.374627012311542273e+00
1.082582987978142341e-02
-1.872511977846080811e-01
5.617378500694956145e-01
2.849736365860984222e-01
-7.608845190637758549e-02
1.066226477142997453e-01
9.068995250419362719e-01
3.197623566539595785e-01
-1.063666265748984152e+00
-1.935552516246935362e+00
-1.090751263786760017e+00
4.902880579836930153e-01
4.678504880649931863e-01
1.022691103279171898e-02
-1.230358397520063374e+00
2.989934604725181799e-01
-9.078703258323459480e-01
-1.894814670097320963e+00
6.509882147158441157e-01
-1.560107186291351589e+00
-1.099232347510166186e+00
-4.705682832809729987e-01
2.713798271866973977e-01
1.615910884872650222e+00
-5.874849637893033716e-01
2.092862371831758495e-01
1.287677107571376212e+00
-2.772751823022368001e-02
7.639165239935525875e-01
9.072655338231339073e-01
3.922880358606475326e-01
1.540414440688309128e-02
-8.039670899513957636e-01
5.596389855114836109e-01
9.616609228473080861e-01
-1.432092771282729160e-01
-3.033541098190717378e-02
3.768928509987556907e-01
5.614453082923382965e-01
8.221657658959387049e-01
-1.502828817128118555e+00
-6.035096283392480387e-01
-8.379186905673732255e-01
-3.080649919821381033e-01
3.698662914409203140e-01
-1.207258558067661802e+00
1.036548051199925879e-01
1.020157569727155433e+00
-2.260572739022013167e-01
1.940295275555801169e-01
6.734885156897485459e-01
4.559419047909987199e-01
4.437792524842603115e-01
1.171710675345412511e+00
3.414954247890742423e-01
-7.314200840956006644e-01
-2.407668949665522362e-01
1.377341488813197401e-01
-1.611530513547974941e+00
4.185473816537381708e-01
1.405460151464579255e-01
-1.288021552631317235e+00
-1.868933124841081650e+00
-7.088466441377141436e-01
8.109100114898781797e-01
-5.148730780611172619e-01
2.370652474280241506e-01
1.438593428906704830e+00
5.306830564021129959e-01
5.130567715339262591e-01
1.951316653742585672e+00
-6.622571876996277140e-01
5.392074141921208152e-01
7.285804526484067623e-01
1.240995043964392863e+00
-6.089511015322521814e-01
1.770634339479340014e-01
1.735795521984204726e-01
-6.546963312342644059e-01
1.082099703965608839e+00
8.858515288469090976e-01
-7.974842819818661610e-02
1.281382817783914163e+00
2.716900582955537047e-01
-2.503559416712608510e-01
4.444402850467463750e-01
-1.454900261047006538e+00
-1.221581111566838462e+00
5.132217834513141952e-02
-1.022388820611772609e+00
-5.079456785215317183e-01
5.306216600124749050e-01
3.671939151715450933e-01
-1.666905278350645059e+00
-1.506335107030754017e-02
-1.157298778196356626e+00
-1.199625936899000322e-01
-5.905482699457031970e-02
-1.459662422690372718e+00
-9.503630784185119751e-01
7.082292276461945590e-01
1.823451625812339216e+00
-4.753377045065168005e-01
-1.580702345165052591e-01
-1.229223734152680159e+00
7.953445468559987575e-01
-1.704383008254080067e-01
6.331419935910496122e-01
2.873503848089322688e-01
5.023673361157730000e-01
8.515899353698097585e-01
1.773730045600919958e+00
-7.468258771672138252e-01
6.878438913546425226e-01
-1.942051635048755998e-01
-1.319246203248172211e+00
3.036492855488415188e-01
-1.128470563527255166e-01
1.394949166549155350e-01
6.125636832197383086e-01
4.433600670687054546e-01
2.389963897966396189e-02
-8.951620391747230343e-01
8.219033392043151309e-02
-1.615272499643519488e+00
2.158799410771647942e-01
-6.328139360493798549e-01
-4.625287521434788829e-01
1.281039846112232539e+00
5.043898211478312632e-01
-4.127707661014170526e-01
-1.255350913645187472e+00
1.230094821870104660e+00
1.496553267012625810e-01
-1.109115837707798757e+00
6.687160065950870091e-02
-1.942167074617788813e-01
9.400490577905253886e-01
-4.335349183154004749e-01
-3.612552203327705769e-01
1.176252766973860275e+00
1.555049909459365054e+00
2.792396049561673976e-02
-2.440903775004468201e-01
-5.615655799399785764e-01
4.358641490395198659e-01
-1.030414688392170319e+00
7.800224136685365295e-01
-5.869805282200291074e-01
1.814025253508386726e-01
-6.424565481348087914e-01
-1.250059374810911450e+00
-5.342738577163208546e-01
5.377465952711402153e-01
1.461456756984458316e+00
-8.879334231727487037e-02
-5.798208743069430682e-01
1.610990584576020623e+00
-4.286918711697174089e-01
1.978794927557512295e-01
-1.110454355529308046e+00
4.993445608013757919e-01
1.920425262245384346e-01
-3.681667306934244266e-02
-6.698386132374221091e-01
8.487982275778147567e-01
-1.171810502088861838e+00
-3.782465112232866744e-01
3.870186628254188577e-01
3.144943854318675847e-01
-8.785151151236529898e-01
-1.626502581500695044e-01
-1.088315961864854131e+00
-1.030574675024817033e+00
6.030576689214681707e-01
-4.435817314765424513e-01
-1.224441269097582552e+00
5.116396794081303767e-01
1.421181532633220002e-01
5.702391945958895647e-01
2.313321506747900713e-02
9.607012832578121220e-02
-1.060960285987226914e+00
1.046817336897220230e+00
1.671863069319694972e+00
-1.874471589333381871e-02
-7.182823258887278683e-01
-2.539273177195324749e-01
-5.949042501428483121e-01
-2.830544283376799086e-01
1.804834010271605393e-02
-1.162184003051667247e-01
6.519086440137904503e-01
3.226274395784844984e-02
-3.461720230483535943e-01
9.597228052874839932e-02
-7.241616223972275890e-01
-6.652882602703540371e-01
-8.104226852689588867e-01
1.065437997726490948e+00
-4.696822932857642741e-01
1.179118632143927314e+00
-2.229889829060853756e-01
-5.460564553721507508e-01
-2.414490415145129631e-01
-7.344020293035971036e-01
-8.532872433899729714e-01
-4.457700716401360452e-01
3.708911093203557385e-01
-7.392460686169517459e-01
9.366334185279612257e-01
-3.876380970518358282e-01
-1.323696693945874969e-01
-1.395742223796929693e-01
2.687161277783403079e-01
1.412751734071601817e+00
1.080304296145327747e+00
7.842959187950633293e-01
-3.907942590111037617e-01
-2.985367810513626097e-01
9.713033036987361868e-01
6.740268838505532045e-01
-7.838987109180148849e-01
2.093454050021312796e-01
5.844780669896234571e-01
-6.462398422312674029e-01
-8.388714791332354537e-01
-1.593637876278095167e+00
-9.924738359381111152e-01
5.101243731980398266e-01
-2.645117967067154297e-01
1.101825751522281571e+00
-6.833602225078276859e-01
-1.782191788612976779e-01
1.173050683131733329e+00
-1.727171307095964892e-02
-1.550821473715487286e+00
1.628084710117824407e+00
-2.481037778148191819e-01
4.838261289965792855e-01
1.268144251107727882e+00
-7.052651712004651685e-01
-4.053574565563256016e-01
9.994300751876297184e-01
-2.638478904051027030e-01
-4.137269233681282188e-01
1.058784277656810602e+00
-3.111283975048166894e-01
-4.726018253519876922e-01
-4.144176477966263761e-01
4.281077842940845812e-01
7.015255102501996021e-01
6.576011913849448831e-01
-1.375179234465288225e+00
-6.318951294756560699e-01
-4.135558660625004990e-02
6.715913018548649305e-01
-4.295092238486528657e-01
6.509196676485995425e-01
-4.984336499796029329e-01
-5.983501661367016666e-01
-9.661754360066812097e-01
-7.421963396942663493e-01
1.138260122322689583e+00
7.410023977509894166e-03
-1.498005371042872014e-01
-3.788021924611335578e-01
-4.043473806499591205e-01
-1.145343420995935002e+00
5.665132122502525291e-01
1.563564063332290033e+00
1.092844249920560173e+00
7.502600433314832173e-01
1.594818796760245405e+00
-1.175991069569649383e+00
-8.385370944042058738e-01
-4.645139599093939253e-01
-9.363127928717496218e-02
6.848802367606676711e-02
1.715422647107178733e-01
7.345314361567094608e-01
7.159475960651473514e-02
8.244938029609070185e-01
7.165629577723429122e-01
-1.038008700033361098e+00
6.714946677929933827e-01
3.951585167551865396e-01
6.505385929594087457e-01
-3.943383142837593169e-01
1.386180353640421359e+00
-6.209501663972707419e-01
-6.691691660126322105e-01
-3.504092067808457500e-01
5.124559963027408571e-01
-9.105911529321275566e-04
-1.714174112288806562e+00
1.897747618596579144e-01
1.336117201513697950e-01
-1.266575454943161816e-01
-1.078005376855869279e+00
7.072959224174208970e-01
1.385275787877300324e+00
4.740526808971345929e-01
1.729944572208967912e-01
1.203599996167382891e+00
-9.004121456849345506e-01
-1.236118753681187066e+00
-9.731917472992233087e-01
-7.640756654405453929e-01
-6.571659601659565197e-01
-1.433247360723264308e-01
-5.684316862852156760e-01
-1.880949315767344032e-01
4.241922441445611369e-01
7.613656706331806134e-01
1.229060412633637966e+00
4.258556432256916935e-01
7.491063851314017086e-02
-1.101960283507278149e+00
-4.422494946816399874e-01
7.674189807453135614e-02
2.196250714041930507e+00
2.038864122276775603e-01
-5.841529376530738560e-01
-8.478591764321121715e-01
8.925870113856015919e-01
1.367578547097512143e-01
-7.643065916939972837e-01
-9.368709666235632838e-01
2.127763129594359981e-01
-6.388327585339848014e-01
1.126528568304299149e+00
1.354074180272482053e-01
2.656552519332677775e-02
-3.020597096724122466e-01
-6.920170085231527324e-01
1.177158108771204859e+00
9.038488493289653647e-01
-2.229760162174789784e-01
6.643804481880897228e-01
3.456679894442427070e-01
4.769907825166086468e-01
1.341735082156281678e+00
8.839189969501370925e-01
1.070133771298211300e+00
2.956799637849716333e-01
-1.333243600924257422e+00
3.774199601891297107e-01
-5.168425236192177863e-01
1.480018153669149683e+00
1.636731263522808177e-01
6.507573121459619969e-01
1.008359001769189689e+00
-1.096772830548331967e+00
4.639737157384260513e-02
-1.816442651614407211e-01
1.266239523768756925e+00
3.553483619832364937e-01
-1.121465946558922511e+00
2.457871635464819349e+00
6.208650119214311758e-01
-7.022300837506314508e-01
-7.867539190992456355e-02
-4.330746986208930949e-01
-1.434486286458834137e+00
-5.532691935748710321e-01
1.249480227042374381e+00
7.928258733034692085e-01
-1.201070189534532151e+00
-4.390597431599028155e-01
7.703815074984987632e-02
-6.013626187847451732e-01
3.831652883955802835e-01
-4.688231149266632869e-01
6.872711690143340491e-01
-8.824951316395175382e-01
-3.593888914089271580e-01
-5.711239075271707932e-01
-8.209203487399872046e-01
5.373780614662324595e-01
-2.152174585569719412e-01
-1.786446606087057631e-01
1.094867368587096657e+00
1.930679072999206269e-01
5.209725163091807332e-01
-1.244953935223049868e-01
1.333202656916484763e+00
1.468669631602637082e-03
-5.327015613788637083e-01
5.784141236609841030e-01
5.377302066536131520e-01
6.323036712548546490e-02
9.328797001041504444e-01
-1.383524003949633929e+00
5.428131695041669147e-01
1.350431922518746219e+00
1.323035975780522122e+00
-3.809040768060718563e-01
-6.434570583471383998e-01
-5.595247129830456245e-01
1.388145099351780765e+00
-1.732178755728406294e+00
1.273422139502739192e+00
-4.508026352611160803e-03
-7.117747007009054272e-01
1.039403753258972607e+00
-4.277909639748518345e-01
6.570873956997660414e-01
-6.077037466153587530e-01
-1.571305653301365624e+00
6.113472010785514499e-02
-3.285731365088127021e-01
-9.689471308205463984e-01
1.761333930097830347e-02
-5.580949623261055592e-03
7.165859986751783595e-01
9.602522464295581983e-01
-5.372571636056733269e-02
5.456495216326473496e-02
8.970070590612175820e-01
-3.168216165470729706e-01
1.026385865763868033e+00
1.076098601216529893e+00
-5.720040761923854689e-01
3.982696631737567827e-01
2.114662328777585643e-01
-7.528336627501417411e-01
1.177356892948520972e+00
2.835467613939615106e-01
4.249361894442920118e-01
6.305078877132599402e-01
-5.280361991788087295e-01
5.326417913230176993e-01
3.200728888199941835e-01
-4.067535345053423512e-01
-1.122186572365606594e-01
-2.085936492995621450e-02
1.473901920495035434e+00
-1.273819500481030431e+00
8.373856320257901942e-01
1.317825440906597478e+00
-1.268268641945855535e+00
-1.723237084584940959e-01
-6.775121333776930044e-01
-5.103006782934897956e-01
9.293594374941358538e-01
-1.351000082340420683e+00
5.233102278757275627e-01
-1.195621567129918628e+00
5.579992266544966384e-01
1.003555279966689362e+00
-5.633866457438410080e-01
3.868801382751687612e-01
-1.453058191621275697e+00
2.133809897867937622e-01
-2.108218473797736081e-01
-2.075064696446671686e+00
7.213852778312501712e-01
-1.035032744539275296e+00
1.170410935907915118e+00
-1.504103873818208648e+00
-6.071043399968445442e-02
6.856043406464165102e-01
7.455949314814720452e-01
3.570546035485140379e-01
4.071381392827415624e-01
1.198590306495841418e-01
-1.570366040864562329e+00
-2.797330497768157898e-02
-2.157146805522793809e+00
1.025230052541764358e+00
5.827298196045660461e-01
1.354765125893303335e+00
-2.824984221030648612e-01
-8.679387164291405554e-01
-1.412545165451110307e+00
3.006028427856968221e-01
1.680132992962403371e+00
-4.942283344922602240e-01
1.665541326245003617e-01
-3.728425222061311217e-01
-4.002989210435012879e-01
-2.748454920923437683e-01
-1.302885046366948796e+00
5.565523759638457690e-01
-1.906504939347719585e-02
-1.032863757339337774e+00
4.616363849608084990e-02
-5.408671282492658605e-01
9.515873635809635189e-01
-1.144023407498215850e+00
5.902106572512977323e-02
-5.141429398583738930e-01
9.327176903567915289e-01
-3.547860941246305799e-02
-1.124107625178758507e+00
-3.920651687620040349e-01
2.399792737927164410e-02
-1.251942113991981742e-01
5.119847496221350269e-01
8.571651831989610670e-01
-1.499435647064828458e-02
-1.870582784535299581e-01
7.652937384952398503e-01
-6.004368751990831754e-01
9.833300443329564544e-01
8.276274134685941419e-01
-5.485705817453840893e-01
-3.029173721709099709e-02
-1.643844243817520479e-01
1.282222041678870994e-01
-1.525654780237102770e+00
3.982693245390063197e-01
1.325774184743822026e+00
-1.692484318833731294e-01
-6.672420359639161802e-01
9.347475853553630643e-01
-9.766401984002319736e-01
6.664319076332070324e-01
-1.063792481313075022e+00
-4.026799411829262709e-02
-8.121521970468581486e-02
-2.667623577476332386e-01
9.560436685261253231e-01
-1.099689035173459395e+00
-1.100009895620199352e+00
-7.960047194623696143e-01
-4.981416961466784699e-01
-8.163299466108657754e-01
-1.168484274748222695e+00
1.062158679830841557e+00
-1.133779871774700521e+00
5.084626239318961183e-01
5.847167188007498240e-01
-1.299651165086265436e+00
-3.891456974595826068e-01
3.249593617878527851e-01
6.768734467161676704e-01
8.167287059495640378e-01
-5.517241478310985769e-02
1.522504622401777752e+00
-4.331018188025259619e-01
-2.125250122671513253e+00
1.912698567708535080e-01
-1.457731030178237575e-01
-5.984783366396335680e-01
2.054977431413638200e-01
-5.146652518451038105e-01
8.508910867081445062e-01
4.370394099493735141e-01
4.702742597222639986e-01
-1.228216688851131888e+00
-1.782950722257750087e+00
-5.400009868743183006e-01
-1.528783921510388666e+00
3.580365512790582017e-01
-7.531822708152358103e-02
1.635134413719027791e+00
2.190013320384025519e-01
-1.034916658714445603e+00
7.652799623011974361e-01
3.116340295769770563e-01
2.146195747482710914e-01
-4.733990030507939650e-02
1.173950245419068672e+00
-1.869031395099203241e+00
-9.707565746243496108e-02
5.119486502655048454e-01
-2.413740575636141195e+00
-9.424377004331141450e-02
-2.546017358726544444e-01
4.259533898623484305e-01
7.874079905991600015e-01
1.279395936513649801e-01
-2.831077180243051217e-01
-4.371220193359892647e-02
1.625284526047021672e-02
-4.354980729036448395e-01
1.196542095229445657e+00
1.518809115451338343e+00
7.754671586611259215e-01
5.566933575072274820e-01
4.950609035548403369e-01
1.458593162055414894e+00
6.723266155318619042e-02
-8.022369535164468601e-01
-9.844479760617463882e-02
1.426399200978316628e+00
-1.372457352417235654e-01
8.085902031369576193e-01
1.300893862911913779e+00
1.360218893759491010e+00
-4.019647524569416319e-01
1.098553448260188858e-01
6.132584182387024185e-01
5.514799049253333862e-01
-3.705632500096394111e-01
1.378852621425298075e+00
-1.353860409596272518e+00
-8.282281653744751893e-01
2.369065759377431135e-01
-2.532084200406448105e-01
-1.731458327917145823e-02
-3.222191076562381795e-01
-2.174949843523741322e-01
2.848025747780340566e-01
4.841777755763487789e-01
-4.586116715821049183e-01
5.560189360641301093e-01
-9.342026703085934969e-01
1.473166970097352646e-01
-5.541989125587329923e-01
-6.914585304490517004e-01
-4.053575838028287137e-01
1.260271385275789413e+00
2.855266661718882659e-01
-5.293703203588693285e-01
-7.244123116703873322e-01
-3.598129151022986250e-01
-6.238534961173254345e-01
4.804311764455571065e-01
3.263688880480604126e-01
1.335172825146830888e-01
3.783789371285539715e-02
-6.936095282315353217e-01
5.585080133108100142e-03
1.516237253086205605e+00
-9.888325991799620240e-01
-7.373830488254196069e-02
-8.722569056959228462e-01
-5.954079395333238267e-01
-6.091973132487789044e-01
1.369888119974760343e-02
-9.860293152975323494e-01
3.188306872141497550e-01
5.393803425274379393e-01
-1.120604871443312334e+00
1.002184571470467134e+00
-6.289091217407314360e-01
4.233783807960591616e-01
-3.810235182895436168e-01
-9.614576216324444147e-03
8.253911301515568510e-01
-1.361178108284948340e+00
3.292751000305980114e-01
-5.150560888641653179e-01
-9.616837742481996187e-01
1.180671031930464743e+00
3.812824082138135395e-01
7.891522748863692982e-01
-1.477179525594320975e+00
1.199122088241502126e-01
8.424140409479718983e-02
-1.040902020426541785e+00
4.442381579985088536e-01
-7.033558999733999784e-01
8.466483782075115982e-01
3.632896437721031546e-01
1.917295860148202635e+00
-3.800662390209064156e-01
-2.132108787927124993e-01
2.728236458784261131e-01
3.913210563079685400e-01
-1.319810092661788392e+00
-3.502657738670489351e-02
6.415805993164660492e-01
3.853039349303717387e-01
-1.365518675700326146e+00
-3.919010053861029519e-01
6.425238424770904899e-01
2.864945445401998469e-01
-1.426127767130127566e-01
3.913149696796560661e-01
1.838361662066141378e-01
6.046338680001781540e-01
2.666557270169889193e-01
1.201918936464450027e+00
5.820621671592531854e-01
5.828408040284713820e-01
-7.634582135782075341e-02
1.337455709040822782e+00
-7.820190407424387757e-02
5.828581783298876218e-01
1.147044746741245902e-01
6.742708019601284519e-01
-5.464686463031922514e-01
-1.775595246299462637e+00
-6.489543305699108089e-01
-5.206760191465829024e-01
-7.750984104071738656e-01
4.141660002702280963e-01
2.805470394984190818e-01
1.159023696002947190e+00
-8.052824585691773507e-01
6.566796126706933023e-01
-2.315096076803175862e-01
-7.598156216600102653e-01
6.846623067053521083e-01
1.195277561226371077e-01
-3.945023770713582678e-01
-1.068586908845596373e+00
1.030189510753467985e+00
-4.911096260216591958e-01
1.887910620473061130e-01
1.176989726966652938e+00
-1.717923095961317426e+00
5.935302919145861722e-01
3.754252272260032441e-01
-4.216142005632335099e-01
2.246845064204139319e-01
-4.561160749350889887e-02
3.456053919594950230e-01
8.553260027214868444e-01
-1.618937480717778321e+00
1.882764461471344575e-01
-5.320794133791570957e-01
-8.351917324239455098e-02
-2.566977922568192128e-02
-1.460578343913949695e+00
-6.012808291927695947e-01
1.253953426082233591e+00
-1.131533325346065766e+00
6.393799533842559057e-01
5.374647567686530181e-02
5.629706745470528517e-01
1.410763264943271977e+00
-1.031251629315312890e+00
5.054565537856685609e-01
-5.721224764853518607e-01
6.341910967577923941e-01
-1.675144953058911312e-01
-8.494559927721834214e-02
-5.418795640130937841e-01
6.280629021282564395e-01
4.788747502652945798e-01
6.642482502777902198e-02
-8.007252427277311568e-01
-3.007998454350762074e-01
-7.019852364863865546e-01
7.811694418367292059e-01
7.400301635817596591e-01
2.527871034037962872e-01
-3.834696452260830668e-01
1.381451239915953977e-02
-1.120755233648242921e-01
7.295724907577714191e-01
1.365677230310882173e+00
5.548233658831778214e-01
-1.423125743870224724e+00
-1.927914982659544307e-01
7.754610153839989195e-01
8.803507080347827696e-02
-8.891137549874805757e-03
9.007760426575224244e-01
-1.515217880110505178e+00
-2.557670824071580640e-01
5.531526682141372220e-01
7.817797627946623251e-01
1.052026552450859853e+00
7.526279408920721892e-01
-1.465148859107721080e-01
-8.825352668452524085e-02
-7.241959948292162608e-01
1.530881443637845507e+00
4.768802871443078573e-02
-5.419939604551435863e-01
-2.973595285183883163e-02
-8.392342841175812751e-01
-5.454707717883096052e-01
-1.373715855775621719e+00
-1.400732580044873110e+00
-1.105519846744547063e+00
7.074315369255597119e-01
-1.766998886483674980e-01
-3.614097310572104149e-01
-1.342868017258962432e+00
1.462086516728696495e+00
-1.584991237793029306e+00
-5.747133658467751260e-01
-1.480841986300971413e-01
-3.851105661824671955e-01
-1.078620880198291943e+00
-2.667961345675742280e-01
-1.390467964500956999e+00
1.477209309213758814e+00
2.758894544359167256e-01
-1.549445424701039187e-01
-8.368233503228275083e-01
-4.488828494351935205e-01
-1.578711589519290470e+00
-6.691680698870818844e-01
-5.126288779365548720e-01
7.851265192154848194e-01
-9.394404446147195387e-01
2.966532099437841907e-01
-2.429021116096663491e-01
-5.998812372884883004e-01
3.299718838078344874e-01
5.282693716895856539e-01
1.394817002661117300e-01
-1.039820469987684071e+00
-1.088868225639908260e+00
3.746858092294269582e-01
-1.797380092129770901e+00
5.723269222534312917e-01
6.420673552842011134e-01
-1.805463458992759840e-01
1.422080965910403449e+00
-1.893032449792473315e-01
-6.833827286484606134e-02
3.938844388708497846e-01
-4.440000068641216657e-01
8.976245359177079663e-01
1.727646761993826274e-01
-6.574358594340434792e-02
5.254437076155067388e-01
1.312085280228668438e+00
-1.044273180054227534e+00
9.111791241959634746e-01
1.070662063943579767e+00
7.653821892548693384e-01
1.118144384665244573e+00
1.308746259051023486e+00
-2.181574906115404389e-01
-4.597245388500983410e-01
3.549423978254839795e-01
7.038782476224669793e-01
-1.735201255741815718e+00
6.044491375047131854e-01
5.730588182999554192e-01
-3.832873451469529513e-01
4.587176462536204369e-01
-2.783600527222995780e-01
-9.712087933667161721e-01
-5.580237558843030854e-01
-1.545965382302332269e+00
-7.524243973586992595e-01
9.111292850842804825e-01
7.245668890261969253e-01
-8.250980345641618641e-01
-1.291761123822077195e+00
9.942810804373980460e-01
-7.595450033789221678e-01
-1.784117814366119603e-01
-2.550611015886552480e-01
4.371061489329095551e-01
-1.800794722597043318e-01
2.659804910292162816e-01
-4.925478007631172161e-01
1.188552772719724260e-01
-1.858452283774483238e+00
-1.084366607932440552e+00
-4.125389487905017916e-02
-8.892344373732274931e-01
6.483734250898054441e-01
-5.017870261758146100e-01
2.208370160551753614e-01
9.469914801698484652e-01
1.382040013766273390e+00
-7.753953352480635886e-03
8.954238318547371733e-01
1.039840379826173944e+00
-5.775452580651947443e-01
6.551431616539638014e-02
6.174303277143247115e-01
6.109251890741793645e-01
1.699732275090500622e+00
3.213070348707525170e-01
-1.465177672123250119e-01
-7.459086723566912269e-01
-8.825475385886596413e-01
6.636720103497042444e-01
5.130890468929552028e-01
-2.676365328902896579e-02
-1.321181383133985143e+00
-1.017088861466241667e+00
2.241998953404529260e-01
-6.896887907707487386e-01
4.060076345067322734e-01
-2.474728478662946429e-02
-5.773707243248527021e-01
-1.590266724807625209e+00
-7.606422254186027132e-01
-3.613370183164148486e-01
5.855366645509718637e-01
1.691247557905661836e-01
4.521515456164859614e-02
-3.507628680114525110e-01
-7.510494890650534217e-01
4.168044196235012322e-01
-2.613020755110353477e-01
4.164922173419594031e-02
-9.355532159191186636e-01
-1.616852570537021805e-01
-2.798445466222023725e-01
1.339146943647762100e-01
-8.937978715455656697e-01
1.127632227529835163e+00
-1.515874998957214004e+00
-8.306815585143372260e-01
2.430038746512828141e-01
3.557137144509372462e-01
1.025339772487861012e-01
1.012569178141696113e+00
4.503611917627523553e-01
-1.712996763696552183e+00
1.492993925379899167e+00
2.626922077097439967e-01
7.724992731652324807e-01
5.424287405890693137e-01
3.892835744228744232e-01
4.548386945191698061e-01
9.369428936429802235e-01
3.573853619179176988e-01
-5.157261433510136328e-01
3.301517767934765146e-01
1.796513520276334930e-01
-1.380693787558486818e-01
-5.412064852534541615e-01
1.115423851113041209e+00
-6.451096251703996032e-01
7.598688273303642049e-01
-5.184247487258097919e-01
6.155786708076229630e-01
-2.407426146991316074e-01
2.965545011542625176e-01
8.667913548713706007e-01
4.322389706461056136e-01
-3.831302696977525457e-01
-5.995059616726194918e-02
-1.145513176442146452e+00
-9.163269157980060697e-01
-1.622300611550783422e+00
-3.293625196549978540e-01
1.578946192406496252e-01
1.066977418367947017e+00
4.984250176531102028e-01
-7.427687969251115518e-01
-3.493661901857079144e-01
2.778398907102346271e-01
-1.024956213035379538e+00
-8.729577479309451604e-01
1.224068850703048383e+00
1.395292155740060380e+00
1.781671528629527046e+00
5.150768087412185281e-01
3.483221099120310527e-01
1.026208472265370375e+00
3.527614744532368007e-01
-2.263099154611607489e-01
-9.697979375765797272e-02
9.875634723038206886e-01
-3.089557348112235147e-01
-1.346140099917532140e-01
4.540297085696192170e-01
-4.648661205692148357e-01
1.777920738556248992e-01
-9.728298277832436725e-01
-9.086314388902732020e-01
-3.533625287795683079e-01
-3.425774868380138116e-02
-2.980372505752555412e-01
-2.593192999523514786e-01
-5.983826508083911477e-02
1.189012029995007325e+00
3.591384845873992759e-01
-6.661996647913444036e-01
1.746017623181346679e+00
-9.916503691371687523e-01
-5.442318163167350065e-01
-4.906997775557435659e-01
1.211415802006865050e+00
9.751832372748125977e-03
-1.200386451222060114e+00
-5.696323420862032805e-01
2.487872576169802841e+00
1.359141477178837931e-02
-7.033011044740575812e-01
3.701427819811975439e-01
-1.780992702459085031e+00
-3.291685100634476058e-01
-4.133495776247793074e-01
1.563179834825270120e-01
1.731957438193534315e-01
1.694471870087541632e-01
-1.440554934038850377e+00
-5.674305355087749803e-02
-1.695966762374041537e-01
-7.580422533342741076e-01
1.641339993924525231e+00
-1.476925821440938869e+00
-8.859539713106903136e-01
5.734598152491479084e-01
6.015055687493431336e-01
-7.400208225322533195e-01
-1.180075231025445426e+00
-1.918249039659967181e-01
-9.340600220927655073e-01
-9.656918301771773017e-01
1.448652958588270145e+00
2.874010609184027842e-01
2.427381491829416760e-01
1.891244791035076034e-01
2.134246810703102071e-01
-9.184008481419194680e-01
7.192498390794810348e-01
1.202089126845606870e+00
-2.940886611314583732e-01
5.538747444863156844e-01
-3.154169871341414577e-01
6.213060104201186817e-01
-4.254045800913344166e-01
-2.372043278278974654e-01
-4.990648516745688212e-01
2.983016943900622664e-01
6.275588429709442195e-01
-6.825441420186937336e-01
-7.919034405358331696e-01
2.864629558145814769e-02
-8.940674853575014680e-02
7.331864004384236466e-03
2.380328575844661287e-01
2.688540677961581693e-01
-9.434336205964930500e-01
-5.269369003653725514e-01
-2.273985097952744283e-01
-6.383019431792682497e-01
1.321744443245894907e+00
3.882545709369500386e-01
-1.479056119612289777e-01
-1.284408716132471984e+00
3.027829794024885501e-01
2.356069882056122111e-01
-8.602383369378694411e-01
1.600070345181148213e-01
-6.075997813215820997e-01
-9.335668966154040405e-01
1.496393478553788903e+00
6.434758963722506664e-01
7.713596465311240991e-01
7.258574559479491484e-02
6.703562082203458061e-01
-1.716721271064871601e-01
8.887277124699997088e-01
-3.906182831518156817e-01
-7.945111356463847585e-01
-3.738239027390655167e-02
2.246017514270732818e-01
3.506984686465699497e-01
5.115094329233169645e-01
-1.198955862876152079e+00
5.250275316454366958e-01
5.842886991505817917e-01
-4.707766081502411382e-01
-1.174618738243192517e+00
-4.758596676462811814e-02
-7.245602306961860251e-01
1.361445347276292850e+00
4.217077919431844180e-02
1.705896614243584963e-03
2.449235389087096593e-01
9.354552238820357246e-01
-1.299551515383694955e+00
-6.186519984196303668e-01
3.397482679310499520e-01
-6.317833339845968510e-02
-6.236157941770690272e-01
7.319583139489438395e-03
-5.588407954162200042e-02
-1.302067463023064420e-01
-2.301756752963326491e-01
3.448601253352379103e-02
1.146432099342216127e+00
1.551622312908900625e+00
-5.409372061822450561e-01
2.743505023496268791e-01
-5.422197517848648118e-01
1.391797075526266525e-01
-8.567699036250262523e-01
7.557402983707408595e-01
-1.208594175532351933e+00
-8.246910865598415796e-01
-6.269329411982953459e-01
-1.346408952462439856e+00
6.332801401898873195e-01
3.828331761996972560e-01
1.015811858420338609e+00
-7.197711318767625599e-01
-2.359869016346305415e-02
6.667998269436514747e-01
1.188748670438538824e+00
-2.040179065639726730e-01
-1.125797276393316615e+00
-5.224773742610233640e-01
-6.389799684486892062e-01
-9.691456263642983515e-03
1.294440892696123058e+00
4.300475786607451667e-01
4.345976448674839787e-01
-5.075957775381816361e-01
-4.256865866070080884e-01
-5.975515844189018821e-01
2.984253363861437691e-01
9.921625667746258870e-02
-3.655160056320179152e-01
-4.281045938339964607e-01
9.599523659986086699e-02
-2.842970058807834377e-01
2.715314307224856449e-01
-9.692569274911528865e-01
-6.272688723412676026e-01
-4.304681941542360946e-01
-6.672346487016831418e-01
7.250931258888684283e-01
9.589543124108530492e-01
2.323862842412784957e-01
7.389672894278902504e-01
1.198097342331763571e+00
3.008867019457328595e-01
-7.150198287034026379e-01
-8.656567720823016288e-02
-4.579329797447897477e-01
2.151445406038678954e-01
-6.097523362766583688e-01
8.400535535195725600e-01
1.158688330721782123e+00
-1.537309338961052596e+00
1.161901192044194175e+00
-1.824830749972505828e-02
1.832556178488262688e-01
-9.503348944371232676e-01
-6.270840408104625396e-01
-1.787088589456726329e+00
1.902270790557256674e+00
2.420742682754797315e-01
-8.488665834604045557e-01
6.080644783885889026e-01
8.548349824476808578e-02
8.126045611938179647e-01
-8.836912823152935914e-01
-2.826075400570911000e-01
1.446215877174302555e+00
-6.565106324158778150e-01
6.428921299000176504e-01
-2.474774039271609993e-01
-1.346436508397754750e-01
-4.045014003007674219e-01
-4.009682837802062139e-01
-5.276336215488823811e-01
8.974545627369101553e-01
1.544480720025482867e-01
-1.195410495553277386e-01
-8.724099981617055022e-01
-7.234679645831834094e-01
2.233975725800361189e-01
4.790011022905389382e-01
1.031779654875453645e+00
5.449790480853966557e-01
-4.091323339438117657e-01
5.613596490146903761e-01
-1.457518206764498725e+00
-3.564932574187729131e-01
-1.112509819850477477e+00
-1.435710856657839152e+00
5.973580326337479818e-01
7.714010902001255943e-02
1.179910731511551347e+00
1.700010351354704241e+00
-1.866484190543431509e-01
-5.294927537602056589e-02
-3.653172557173585133e-01
-4.825600079677716536e-02
1.867812314878447566e+00
6.589430544991810024e-01
9.609445933011375729e-01
-1.083721117528112288e+00
2.544941720025031273e-01
4.349678627090369787e-02
5.048726439553297141e-01
-1.072674116640687458e+00
-1.804860314212675121e-01
1.139904221877843682e+00
5.394969126419866257e-01
3.262880982005889052e-01
-1.231559918516387242e-01
-6.714070406074945652e-02
-7.036583762532764297e-01
-2.887511569965113267e-01
6.709896359887324024e-01
1.190316806788905168e+00
7.793478699897669060e-01
-4.877906252036190438e-01
-2.472758988147994330e+00
-1.131167937506696308e+00
-7.082092456625606047e-01
1.498994531278016851e+00
1.057820523248958366e+00
-6.921450008883285321e-01
6.066056638449470739e-01
2.480770215407881452e-01
8.996424446434225786e-02
3.324527904626979335e-01
-9.032284400474956954e-01
-1.078298309978009684e-02
7.578215087270745443e-01
-3.205609678869354440e-01
3.737844916272230478e-01
5.988577130347714217e-01
-3.604423666628342460e-02
1.758997728684397188e-01
1.364600646930540506e+00
1.340857280968279497e-01
-3.699916845387463127e-02
-1.367569120006186356e+00
3.148123017019175407e-01
8.865819152074214671e-01
5.757407668820535562e-01
-9.632884758492457067e-01
-6.854360977090143692e-01
-1.126748505211391915e+00
-5.413628016631673034e-01
-9.391227177371419543e-02
8.700608724261016391e-01
4.073526783834893195e-01
5.410508504877764580e-01
1.575751408807750664e-01
-9.122612293454279708e-01
-3.595370444740142446e-01
1.158714900877168219e+00
1.413944076474002998e-01
-2.447541610546188906e-02
8.668914514169934193e-01
-7.805120775114655629e-01
-1.087627563539887987e+00
6.866073678105433231e-02
1.717202674185789313e+00
-2.405792981935759300e-01
2.163798839705064481e-01
6.966097120308409885e-01
1.666025196668574182e+00
-7.028340702833624221e-01
5.192792633448917172e-01
-2.976270263990308251e-01
9.661318175922284368e-01
-6.191904241574999190e-01
3.902703258882480597e-01
1.006865742112957207e+00
-1.138746413033420612e+00
4.386088074572995765e-01
6.322702161186635195e-01
8.975105577559361336e-01
-4.628908199711920801e-01
5.498901902092203642e-01
-6.638301065771425868e-01
9.396449239944573151e-01
5.449625523543124572e-01
-1.627011642744680131e-02
1.078011700288934449e+00
7.005061987250638111e-01
6.768164707476955755e-01
6.716265733057822374e-01
-1.233945990351409172e+00
-1.208012073916413520e+00
-5.770115620734799222e-01
-4.729750496988867070e-01
8.547582985795827426e-01
-4.593613612424611858e-01
3.301475317367543738e-01
-1.213213565901529734e-01
7.531506954456173020e-01
-6.005284019213963376e-02
1.108358092300044007e+00
1.607730646413166653e+00
-9.253699644152213466e-02
3.012918503848638352e-01
-1.618138234217794125e+00
-7.152028879777274639e-01
8.983270564023317917e-01
-9.143911065647616354e-01
-4.939483678560563362e-03
4.486612412269233019e-01
1.698318299183068092e-01
-1.026769904660049804e-01
3.831654877836152551e-01
-7.521986996946159465e-01
-1.889380309208830155e-01
3.150371342676674402e-01
-1.796173431301451018e-02
1.629915058277688900e+00
1.174209719679851105e+00
8.463159389086172268e-02
-1.601051424409724255e+00
2.753932174391584553e-01
4.815209199370027449e-01
-3.129621601712893053e-01
1.405743712759139896e-01
-7.355074505166072640e-01
-1.323125831059859259e+00
-3.645822910830762709e-01
-1.235525643383166283e-01
-8.326339199686305648e-02
9.527669856042884078e-01
1.863900843939177321e+00
-1.278628284411947647e+00
-3.838079600675836645e-01
3.112475759600910052e-01
3.089912613305489941e-01
9.208183040390078844e-01
6.461722776174827487e-02
-3.047123330852077316e-01
5.549667890380138857e-02
-2.928144088192086159e-01
6.008404898030539343e-01
-4.552923285350694016e-01
1.557428011445054494e-01
-6.495913386467142558e-01
1.383525576327897966e+00
-4.285545794327569880e-01
1.347665143835955703e+00
5.487356508478740125e-01
-1.009370694535798751e+00
5.951762137937768316e-01
-1.463474406900093783e+00
-7.919911975265314652e-02
1.289161080269234816e+00
2.395811125554656584e-01
3.869128460387454282e-01
1.162353931450219591e+00
3.049558791780313527e-01
1.106383199818834484e+00
4.865357642655743220e-01
-1.360687551460149081e-02
1.471617933396782263e+00
-5.399782396288168584e-01
-3.729390597497506121e-02
-3.333021949318037969e-02
5.230169096164516418e-01
-1.506441356132185660e+00
1.112534590709286064e+00
-5.190539565505414288e-01
-2.721248309002692878e-01
-8.099469337434355154e-01
-1.218679523901648132e+00
-8.940541158511292608e-01
-1.028764550812868439e+00
-1.295120067110672402e+00
1.503862443387236070e-01
1.232974835812473913e+00
-1.283791120776163197e-01
2.225106531693965550e-01
3.142119241607543856e-01
4.209221847283250995e-01
-1.044332600494186636e-01
-3.290127902245796321e-01
9.457529668018285207e-01
-1.387231342908206155e+00
-1.375384330796362686e+00
-8.419079048306059576e-01
-3.827138936155884963e-01
-2.019007161400682371e+00
-9.550963512321626325e-01
-3.871219457271282138e-01
-6.877633215074263617e-01
-1.016568471232862869e+00
5.517674865665478379e-01
-6.938024494755357097e-02
-5.350044816213852528e-01
-2.017868256588215559e-01
6.932881085592139669e-01
-5.199181706591557983e-01
-1.334236549593850185e-01
5.391292391035822362e-01
1.062502074145115216e-01
-8.939751630033470065e-01
2.672740172116814250e-01
8.594177517415602097e-01
-1.997667025696383547e-01
1.177383470819259870e+00
3.973935630824154686e-02
6.698823878011515021e-01
-5.557749088974173191e-01
-1.076004686614326911e+00
4.270899599251798406e-02
3.845179686852508993e-01
-3.504228780005060884e-01
4.077523872150035089e-01
-8.372341454897904711e-01
-8.611843728182275726e-01
1.863245055655013971e-01
2.569840869925954507e-02
3.822340589225117213e-01
4.026811021206047059e-01
5.818863263740148284e-03
1.343644391946172689e-01
5.726854839445874035e-01
5.184960037160806223e-01
-1.865168214569914440e-01
-4.588961757650480422e-01
-1.383945051825764772e+00
-1.613060032750590622e-01
-1.183828985863047301e+00
