1.459000000000000000e+03
2.132000000000000000e+03
2.434000000000000000e+03
1.857000000000000000e+03
2.032000000000000000e+03
9.290000000000000000e+02
8.770000000000000000e+02
2.294000000000000000e+03
1.353000000000000000e+03
1.716000000000000000e+03
1.346000000000000000e+03
2.154000000000000000e+03
2.555000000000000000e+03
6.730000000000000000e+02
9.240000000000000000e+02
2.980000000000000000e+02
1.104000000000000000e+03
2.649000000000000000e+03
1.063000000000000000e+03
1.376000000000000000e+03
1.193000000000000000e+03
7.840000000000000000e+02
1.187000000000000000e+03
1.121000000000000000e+03
2.286000000000000000e+03
2.513000000000000000e+03
2.573000000000000000e+03
2.474000000000000000e+03
2.351000000000000000e+03
2.713000000000000000e+03
2.474000000000000000e+03
2.611000000000000000e+03
2.433000000000000000e+03
2.559000000000000000e+03
2.333000000000000000e+03
9.930000000000000000e+02
2.586000000000000000e+03
1.710000000000000000e+03
2.815000000000000000e+03
2.398000000000000000e+03
3.540000000000000000e+02
2.799000000000000000e+03
2.325000000000000000e+03
2.669000000000000000e+03
2.716000000000000000e+03
2.524000000000000000e+03
2.574000000000000000e+03
2.603000000000000000e+03
2.363000000000000000e+03
2.703000000000000000e+03
2.536000000000000000e+03
6.430000000000000000e+02
2.275000000000000000e+03
2.278000000000000000e+03
5.920000000000000000e+02
2.280000000000000000e+03
1.761000000000000000e+03
2.332000000000000000e+03
2.369000000000000000e+03
2.528000000000000000e+03
1.874000000000000000e+03
2.422000000000000000e+03
2.464000000000000000e+03
2.270000000000000000e+03
2.525000000000000000e+03
1.172000000000000000e+03
2.395000000000000000e+03
2.332000000000000000e+03
1.615000000000000000e+03
2.431000000000000000e+03
2.593000000000000000e+03
2.705000000000000000e+03
2.328000000000000000e+03
2.584000000000000000e+03
1.083000000000000000e+03
9.310000000000000000e+02
2.637000000000000000e+03
2.393000000000000000e+03
1.655000000000000000e+03
