3.018657139671452327e-01
-1.289241864757082467e-01
-5.614690974178824234e-01
-5.659961102985429093e-01
-1.389656194969675074e+00
2.834929032732116383e-01
-7.300250577345615000e-01
5.794354729820296868e-01
-3.038013580866678609e-01
7.420481764866497798e-01
4.577816262416245507e-01
4.783746541814570818e-01
8.162035207094753275e-02
-6.468244998918626365e-01
-6.439656054345830327e-01
-7.209350407547265860e-02
3.963472397090903598e-01
-8.286510212898843264e-01
-4.112585316398309487e-02
1.070565522237165723e-01
-4.657049150640082402e-01
1.149231318842797833e+00
-8.791960613017231196e-01
-1.032825085180835600e+00
-3.621923027302456077e-01
-8.890907805692993549e-02
-6.732195435350138979e-01
-3.217207797096133248e-01
1.517465169824019355e-01
-4.237932170064402371e-01
1.189257714472056193e+00
7.984165178255580031e-01
-5.169352824769681831e-01
-1.144443478614683762e+00
1.711433865127336418e-01
3.896885746844134246e-01
-7.333220319205331350e-01
2.143812123140973469e-01
-3.403660603954801189e-01
-1.003012753383186961e+00
9.473544083869702703e-01
-4.552911763676217305e-01
-4.546284463107754803e-01
-1.024919488857376493e-01
2.684878166147601775e-01
-7.631219001016029679e-01
-7.773074662453804962e-02
-4.514061854996036516e-01
3.068027878902990224e-01
4.044146149544394220e-01
-1.239691997524161593e-01
-9.759869254565591845e-01
-5.049040441895877862e-01
-5.818387979234005414e-01
-7.000138679661018770e-01
9.663787340512985935e-02
-7.913481778230115893e-01
3.795744760152661712e-01
-1.294117068881348587e-01
6.161486819215911126e-01
2.277957830616852419e-01
4.916365989223798749e-01
-7.695828547467549186e-01
3.478579769685641310e-01
8.900049521342223713e-01
2.041037240848435630e-01
-9.626896420212727179e-02
7.272559468158448226e-01
-1.724793910904356409e-01
-6.550107719380804383e-01
5.270219591483122912e-01
2.132608827533344353e-01
-2.823348393146396518e-02
-1.506722857080120548e-01
-5.375371051357316077e-01
2.229042027587366803e-01
3.092137831117502955e-01
1.523464850454531394e+00
-3.228865316448858991e-01
-2.653344749764130484e-02
-9.906457392787277882e-01
9.136298007542107413e-01
8.152872294406972031e-01
6.059663040949745394e-01
1.283098921954104910e+00
5.210467083536833854e-01
8.429080574150518146e-01
-6.355533857014652455e-01
3.688772998387790381e-01
5.388688823790266369e-01
-8.126668988336014365e-01
2.889950599013779708e-02
4.089897985059298691e-01
8.820415529954894751e-01
-1.365992990996327539e+00
-1.346215857505539404e-01
-5.191266318342773189e-01
-1.958433811896513888e-01
6.371627070985681485e-01
-8.282089546198267982e-02
-9.024280795943884215e-02
-3.350560069198165181e-01
1.396268409713137260e-01
-1.357278395300853813e+00
8.662814153992730581e-01
-1.091560555691787116e+00
-7.394141592192404744e-01
1.146428738823407123e+00
-5.428534737820296385e-01
1.141571731402038381e+00
1.086828158884082463e+00
-1.391632125125870090e-01
5.404447183042115910e-02
8.363521241949953833e-01
-1.204339684850266323e-01
-6.171118090346245921e-01
-6.511469968018230858e-01
7.098253326358072712e-02
3.680050223293394041e-01
5.315155128317536892e-01
-8.911485972795851751e-02
3.799908424207032454e-01
-1.411146633372837300e-01
-3.710474672057673118e-01
2.427386943997911217e-01
-2.310184587708628001e-01
3.902478904164530249e-01
-2.514750074208418340e-01
-5.337999868429177397e-01
-1.537873338785313848e-01
-1.795551153356296226e-01
5.442503883977405366e-01
4.425103145918560799e-01
-1.009157120895885384e+00
3.689030325482534067e-01
-5.110956603122787101e-01
9.995021473132901235e-01
-1.101459652225358354e-01
4.946339051295813860e-01
1.336467910518807756e+00
6.450969349013941923e-01
1.001178321105604674e+00
2.602330701088959586e-01
-1.634657851013816554e-01
-2.183308629102658216e-01
-1.765483216888963369e-02
8.321343544483736920e-01
2.493823096993228461e-01
-6.646118951931079266e-01
-8.740227960777851024e-01
-4.506584385356386946e-01
-4.767641412109906440e-01
-6.074982872530219069e-01
8.015604635604454131e-01
-1.193498247623213437e+00
3.084196877180342966e-01
3.522188359703619653e-01
3.688718765247482878e-01
-4.268045680258030217e-01
1.535384481711643545e-01
1.583847593327947223e-01
-2.017596819781406481e-01
5.021810655128531309e-01
-1.928160818323858550e-01
-5.362960960466187643e-01
6.804699755701921760e-01
1.101723240848254903e+00
-6.742586934232255302e-01
-3.716979440222010211e-01
-5.881013101401162402e-01
1.258584558596753666e+00
3.991717386371185228e-02
-1.217803783835860187e-01
-1.920324741971182192e-01
-6.444758737744820110e-01
-1.000402681830618423e+00
-3.439579292765069241e-01
-1.099139337313284059e-01
-1.957183736347651859e-01
-8.049631808280395262e-01
7.357848434954830097e-01
2.013259884201552552e-01
1.245679117492177745e+00
2.861980008058173652e-01
-2.879446940141843214e-01
-9.002398817174182000e-01
-8.383800500647247134e-01
4.026825924931660694e-01
-3.334248852233665517e-01
-6.803248487472695061e-01
-2.332797389333105542e-01
5.314427063578532895e-01
-4.003818309951512333e-02
5.582018061688760469e-01
-5.368347390100858263e-02
6.952204412236380193e-01
-2.720232301820697529e-01
1.469265658392160390e-02
-2.395815629905264643e-01
-6.078180984379155660e-01
7.317492194109487258e-02
9.773871111512182352e-01
6.031463424808869433e-02
1.673447840601571812e-01
-1.703811450861749677e+00
-7.983420443172555281e-01
4.463347951928131607e-01
4.836637432345094467e-01
3.697249038714272018e-01
3.504300694995174936e-01
1.593851546473281644e-01
-6.786814717580229583e-01
5.716470806017941442e-01
-9.256221720710495759e-01
-2.608730631646087872e-01
-7.826854720020826051e-02
-3.991071802503647348e-01
-1.064983015229501451e+00
-4.341919252973953647e-01
-6.179390635590529257e-01
2.173019697807010431e-02
-6.713874082951187816e-01
-7.092556466325374842e-01
7.112385023737379797e-01
9.438887511576607992e-01
-4.733840061953129563e-01
9.013783226469307408e-02
1.477441118514786211e-01
-3.147950010340494487e-02
-6.622205964352110286e-01
8.655556852518202504e-01
-2.032896363738494472e-01
5.106527826522180291e-01
2.173461876432378759e-01
-9.264640194036388721e-02
-6.810691228683989351e-01
-6.352906204140333912e-01
1.136371809719229908e+00
-5.804038244383047385e-02
6.134874166054062883e-01
2.917133761258945412e-01
-3.715014870192732133e-01
-9.182397533920845234e-01
1.966778277281999721e-02
-8.818568193344775707e-01
5.406794228075035846e-01
-1.993036415899194225e-01
-8.259727073113589668e-01
1.285462912088757292e-01
1.377315556719446832e+00
-2.222362831958708540e-01
3.350615296024805900e-02
-4.864105231389785899e-01
-5.381554861243174059e-01
-7.447850863319338544e-02
-2.189721040740302271e-01
-3.126717693486060767e-01
-5.255923644533275763e-01
9.523177686694594968e-02
3.193944301150066778e-01
1.842630989827309662e-01
-1.269256711540868832e+00
7.634066043063549856e-01
-3.193862519942998190e-01
5.769252532058599670e-01
5.837843555679631535e-01
1.160970640207587223e+00
2.846890896680607241e-01
1.348188453938189646e+00
-9.408806439372243702e-01
8.348502266074842026e-02
-2.494656884273140918e-01
2.819863049581883274e-02
5.718382143735905032e-01
-4.757627183110457736e-01
-7.518551745865842406e-02
1.670590218943015515e-01
7.850222824573629410e-01
3.790335144208070162e-01
3.658081801348389561e-01
-4.457411902273298310e-01
4.617980880489378492e-01
5.969674172424896952e-01
-2.988937365874901886e-01
-8.700573469243320091e-01
8.795813561697229943e-03
7.075221395948938508e-01
7.276876462720158756e-01
5.759001749869590014e-01
-7.224073113105200505e-01
7.869625048481099228e-01
6.713078825711837894e-01
1.101812929249862627e+00
-8.635937749158548726e-01
-8.133913787619739821e-01
-1.523921187824820223e+00
-9.631203536624699524e-01
2.325540568750668058e-01
6.451580994609473763e-01
5.994346458075128226e-02
-2.175770796831955067e-02
-4.742392017282242023e-01
-6.829207908192911347e-01
-4.269634085859230765e-02
5.889177711125430648e-01
-2.490938175987524872e-01
4.836074575639246476e-01
-1.053365973518495480e+00
-5.221497249250015571e-01
-7.427024601554279570e-01
-3.693960486585208258e-01
-4.696230474629192742e-01
9.898885135299178017e-01
-2.599639648953377957e-01
5.632558456798353319e-02
9.791538921693643260e-02
-1.868684561031432878e-01
7.828273277494668392e-01
-7.029263376951480069e-01
6.973573892547939579e-01
1.082406462054381180e+00
2.670136504354658769e-01
-9.983550136741285996e-01
1.088330494033995066e+00
2.819270352082146047e-01
7.169598557949719009e-01
4.103393929486482961e-01
-7.603364748425889275e-02
4.671899549698359522e-01
-2.525451626451546971e-01
1.580550079931413165e-01
-2.679698795720319993e-02
-7.284027382690982932e-01
2.403452715138998386e-01
7.142140577076840913e-01
-4.486183947358917123e-01
1.686496245223780832e-01
-1.143528741230266377e-01
-2.825583931050044129e-01
3.003583441548478561e-01
-5.994460108903876261e-02
1.553024977803882933e-01
5.065698953866606402e-01
3.653256031304596974e-01
-1.598669456301579750e+00
-3.038501079241662239e-02
9.713675030753137207e-01
-2.093362081512486483e-01
1.088131324502130681e-01
-9.519065973806206671e-02
4.972613832288352853e-02
5.212819673081767746e-01
1.102163807918447702e+00
-1.221276172048029185e+00
1.567385399853442607e-01
-6.230860533194775286e-01
5.811246793049837933e-01
-4.154218501404658426e-01
4.697552191374123609e-01
-1.017188830144268863e+00
7.115318343282748259e-01
3.943674001830119735e-01
-4.585749052589038754e-01
1.655122229959440361e-01
6.618103157847503581e-01
6.708808078476282688e-01
-6.696253021805791406e-01
8.535011356467157029e-01
-7.803403604716621089e-01
-1.966131181680612627e-01
5.805093194551282920e-01
-3.408388114202320907e-02
-7.841466371852767736e-02
4.747776270949843891e-01
3.840635431706740377e-02
5.227021445893420548e-01
6.424538430787363197e-01
-5.006940859081856487e-01
1.578671060814230920e+00
8.203731411093020398e-01
-1.123265483529021225e-01
6.640195895816756178e-01
3.912411180524397736e-01
-1.677538506798734730e-01
1.529040476167686791e-01
5.975714352701579912e-01
-5.951821009513258431e-01
2.916128822246655261e-02
3.011368089892485500e-01
4.438569682490580703e-01
6.307030236162125547e-01
-9.356066748946894052e-01
-3.494203049012609696e-01
-8.595162194614900386e-01
-7.909672262449376490e-01
-7.432718838959129215e-02
7.259516689556395619e-01
1.551380966559435137e+00
-2.296885149039873397e-02
2.098314597848691676e-01
2.293902483458047925e-01
3.322527921054208022e-01
-6.460445209786982446e-01
-7.317703345514008362e-01
-3.851579373680138474e-01
8.416071033232261911e-01
-3.713377262362538289e-01
1.515234451719162045e+00
1.022201536065507455e+00
-1.907705821961576120e-01
1.892928588526219258e-01
-2.630517006138042291e-01
4.824536466331590390e-01
-1.588176323943741863e-01
1.154117453571402940e+00
-7.814863423867102199e-02
1.015890093061577737e+00
7.315837228991757257e-01
3.362128123088865550e-01
-2.681927679235212025e-01
-6.138248251723368298e-01
9.954381945269989984e-01
1.800933738693046848e-01
2.082037061497263863e-01
7.447789688789452356e-02
9.194326531008902847e-01
-1.422540669510263811e-01
1.427190929358305382e+00
-5.129242373623243978e-01
-3.435426725529246994e-01
7.816321472210070453e-01
5.381586129893154435e-01
-6.958587562698088647e-01
6.339721566551306253e-01
-9.821679058261674200e-01
-1.201874245044007861e+00
-8.218987960695294248e-01
9.806804352689635351e-02
1.807439437636855217e-01
9.602972631592159303e-01
4.017762921865886128e-01
3.238742602849811192e-01
1.205994203194467929e+00
1.622395691908806725e-02
-8.080502911072597882e-01
-2.362419971806231089e-01
-3.617975119275982365e-01
-4.970394774783590819e-01
2.347412178373087244e-01
3.281200601758769153e-01
1.007215545609414065e+00
3.194551952860127386e-01
-8.732566902574259160e-01
4.987797081224973894e-01
-2.493305044159814798e-01
-4.683457098088563697e-01
7.862868099523998566e-01
-3.380844501330697582e-01
1.124412294702698212e+00
-5.402038800780353256e-01
8.943624690883744677e-02
8.002009723565493005e-01
5.660397062326438800e-01
9.188126752444247813e-02
-1.883714978887915947e-01
-2.929815858906437143e-01
4.662845772733472671e-01
-6.853836312997163560e-02
1.405367346677117268e+00
-1.118002230299701694e-01
4.753774879855843238e-01
1.213901085996836215e+00
-7.606607905373872214e-01
3.627520206066403574e-02
-1.476017190099325749e+00
-8.341270599722072632e-02
3.992917866313465680e-01
-1.258674471114683335e+00
-4.662149248256053369e-02
9.359656835239604789e-02
8.724283127399257154e-02
5.648511283272261707e-01
1.998641556594638047e-01
-4.451225421815019345e-01
5.312375804564695159e-01
4.673095822586228465e-01
-6.725816856156558998e-01
-1.882192901696773113e+00
-3.328683131268403983e-01
-1.361745170269970107e+00
3.077993279091284506e-01
-9.333782843024156506e-01
3.236396763438253998e-01
6.628131176444806982e-02
3.659376374637171025e-01
5.369208038913626524e-01
-2.492571592778531908e-01
-4.662562485599996975e-01
-9.427709208108385752e-01
1.209666712191284077e-01
1.441976082847364893e-01
-5.080728926709072724e-01
-4.695738980064856349e-02
1.140617972160287152e-01
-5.851691854270377746e-01
3.313206479882593314e-01
-3.711693645616138681e-01
7.411167497150792371e-01
-7.813618821098957667e-01
-2.587657475022817621e-01
-2.603180011696757390e-01
-5.085480764562539946e-01
-1.385410910482601121e+00
-8.023390693280703090e-01
-5.554393913713768782e-01
-7.206588410281593582e-01
8.768050429985407845e-03
2.785736557159079752e-01
5.885473346573739661e-01
1.736090325434371806e-01
-4.027965469616674454e-01
1.389305876504597137e+00
6.875199601277595107e-01
7.798722326792670856e-01
3.861131892085492012e-01
-2.584124738932835896e-02
-1.615122029770823531e-01
6.501045974403707461e-01
1.758539714828621925e-01
-7.194462959319816164e-01
-4.199629942269149652e-01
-3.808475750019004735e-01
-1.030636734995130865e+00
9.955682233377363133e-01
1.350716780520990312e+00
9.868552247426780610e-01
2.470885996505343130e-01
-2.884981578555043669e-01
-4.426860258794791392e-01
-8.553022246618429136e-01
-4.920412809521765851e-01
2.690832359349695224e-01
-1.480557243181852556e-01
-3.070621452469701751e-01
-1.453523341028480687e+00
9.245376337594288785e-01
2.436651818986499407e-01
-3.964530854017267458e-01
9.863044580566633357e-01
-5.951442138098634871e-01
5.954573659469817315e-01
2.623358147623378045e-01
-4.391770948202644576e-02
-1.223465221292723282e+00
-7.275382919403492465e-01
-8.146970449186063945e-02
-9.518564414266279528e-01
8.396800547926721592e-01
1.993805036184701507e-01
2.272121937982856110e-01
2.895869021706563018e-01
1.021248106025919533e+00
3.020733109547961703e-01
5.362145832241962395e-01
4.178453542382953856e-02
-3.083628931969135678e-01
-2.494720294813834727e-02
4.016563165495163901e-01
4.795228864187963680e-01
5.066114506815893037e-01
1.077355873614398440e+00
-1.143976700418054548e-01
1.292031462183121704e+00
2.296847200233465003e-01
2.923323318910515667e-01
4.927776382955908474e-01
-1.669746508468428203e-02
3.098613100197660231e-01
-1.223875223760702013e-01
2.529433947684767148e-01
8.194677182821425987e-01
-6.465306588637762530e-01
4.181270499105469440e-01
-1.771739988219431794e-01
-3.216822214456325213e-01
-6.344627134010263347e-01
4.815732726242050177e-01
3.848338489050950884e-01
-3.703443502334371473e-01
1.591919002165296249e-01
-2.534594851562124163e-01
-1.148463417182101765e-01
7.015554389849203432e-01
-8.006929899259844774e-01
5.128120341884301325e-01
7.393368562103752595e-02
-9.545980678125784991e-01
1.049449495109298525e+00
4.380840044784450882e-01
-1.079104936861076780e+00
-2.549461708754270362e-01
7.174202811806402735e-01
2.792759994507507670e-01
2.175731738772341828e-01
-8.026846042406141635e-01
-1.994937467551283206e-01
3.085724780489140784e-01
4.708305542065085447e-01
1.685457607685938441e-01
-1.042729650703406730e+00
7.987597643461281649e-01
2.560760886741375586e-01
-8.716800406146001379e-01
-1.100168696094092624e-01
-1.288497982100205164e-01
-9.512159190343210113e-01
-2.087118831019720844e-01
4.397829941002857623e-01
9.377660633114537347e-01
-5.162072017050771677e-01
-5.036019716270212498e-01
-3.020582848976705037e-01
7.506977044090827889e-01
-1.803954348804856167e+00
8.024392453251127932e-02
-2.412188403292638839e-01
4.927778154943727174e-01
1.060733288062236213e+00
-6.440665294637542004e-01
1.720228829563561490e-01
1.897947384967491047e-02
-1.690167901791017613e-02
3.739769542463333707e-01
-4.050638706440867765e-01
-2.368923118507382242e-02
1.186049000301331091e+00
6.145585716270751675e-01
-7.639294247068582067e-01
1.064592091976573229e+00
-9.629128416582855010e-01
4.778194014154903968e-01
-2.178214329770531421e-01
1.555987736009550204e+00
8.254067426412445840e-01
7.927627116364890369e-01
1.037918983968797448e+00
-1.212645226338347371e+00
-5.716947094580184796e-01
3.292438724628379276e-01
-1.032142814027610100e-01
-7.852784885092294331e-01
-5.001182284259320099e-01
1.563720301083648678e-03
2.647564351284126261e-01
-2.171012153296736358e-02
-9.641896042261652866e-01
-2.518491987974504909e-01
-8.622120824846799536e-01
-6.144162972104263432e-01
2.683235296073238629e-01
1.011720702264069516e+00
-3.302010049599859443e-01
3.658596777537219680e-01
1.666715775157854296e-01
1.189935700899855675e-01
-8.199694277292550737e-01
5.420883657519315335e-01
-1.100242354422658941e+00
-3.927093402102155295e-02
-6.887996211564022531e-01
1.312139705256751832e+00
-9.031588768347216245e-01
-2.145892501894213211e-01
-5.627743967093206123e-01
-3.725144187270306162e-01
-2.020477841821346487e-01
1.127146306475021120e+00
3.085969642128354451e-01
-6.812152033351921432e-01
2.795760524676982328e-01
9.217106966598969109e-01
3.554306057606986258e-01
-1.944816375216280591e-01
-3.926547783377909440e-02
4.955876497404467784e-01
-6.148169789191362256e-01
-3.658140043741440195e-01
8.624489267226032041e-02
7.182089306712757804e-01
7.763602249048826565e-01
5.366502256212761779e-01
-2.276839074423682163e-01
-7.777390226312128618e-01
-1.263721318233130830e-01
-3.418901525866449020e-01
1.024621828702000137e+00
-5.361900821374998571e-02
-1.926551341746973733e-01
-7.579291917537833712e-02
-4.333749101966155592e-01
1.235987019286763910e-01
5.171158555006432067e-01
-2.735319382712670944e-01
-2.694957309073497953e-02
-7.724987123567315095e-01
6.123351740400586607e-01
1.120688819901785038e-01
-8.793907001427925252e-02
9.451002417456102478e-01
-3.431602209246165103e-01
1.409730902009140863e-01
6.480942839309697945e-01
4.673090602698612983e-01
1.008247830278532930e+00
-7.489644829759622979e-02
-2.297983005641714982e-01
-9.077685804602886321e-03
2.642968340122830995e-01
3.709861805325758155e-01
-7.051708130127298801e-01
9.106092896123199054e-01
-2.577044310818212836e-01
-2.767757950654932131e-01
-1.848906992583634334e-01
1.110816856588111357e+00
-2.221355542804488437e-01
-6.680590692378025608e-01
-6.264376726280938001e-01
7.761133172414158565e-01
4.347858328273961348e-01
1.019755859750568483e+00
6.225633781549699819e-02
-2.921013873498647939e-01
-3.202822435165284531e-01
8.258451153228012487e-01
1.000526925318391491e+00
5.278299531586769788e-01
1.722490873259356903e-01
2.032408518763801908e-01
1.348590353209475623e-01
-3.545362946694901041e-01
-4.940943576933012338e-01
6.201329930615315789e-01
-4.629339973926533958e-01
-2.279117208068903722e-02
-1.349544279734882224e-02
3.630356993177024094e-01
3.273711796596678880e-02
2.515402470052920947e-01
2.249395764485822014e-01
-1.487017746505134852e-01
-9.865332225380099018e-01
-1.905630988803617143e-01
-2.060477843356682826e-01
-2.039830323978053528e-01
-6.466398775789174991e-01
1.696009190746563533e-01
-8.110867168094353374e-01
5.825330569096713873e-01
1.766817487843272971e-01
-1.446972111528967986e-01
-4.530258095343757674e-01
5.978003790232371273e-01
9.028485993340682469e-01
1.258247643093923784e-02
-2.870846990692017542e-01
-3.559170227986871993e-01
3.659195419435015140e-01
-9.442346680294528838e-01
2.563407697432307231e-01
-3.352115935646615696e-02
4.577371527209130875e-01
-2.654180339429572655e-01
-7.464024682934589094e-01
-3.204700508520899049e-01
2.647018105176313085e-01
4.572556676579475621e-01
7.989709104957949393e-01
8.971045989267114606e-01
-9.875029638250421016e-01
-1.122910767996110337e-02
-2.587753849972465048e-01
1.344509252232874985e-01
6.188145050065818609e-01
3.279510529964024812e-01
-1.048176941828167230e-01
-1.740840179937150012e+00
8.684485649942956798e-01
-1.323854638001951134e+00
-2.420567422237009936e-01
-1.664170350871971849e-01
-7.525293384824198739e-01
6.938713920451569095e-01
4.815225687946123045e-01
-3.371169779590417193e-01
-8.867356033987316977e-02
-6.546302727626409634e-01
7.951544295646684191e-01
-3.308554970152544072e-01
6.156713828633950669e-01
-4.163760787739567704e-01
2.758524016195496031e-01
-6.272382918676342456e-01
1.026570148681800632e+00
-4.151109940235571116e-01
-4.091758392068625128e-01
3.625113854941641733e-01
-5.047246830906981785e-02
5.196015262810504964e-02
3.762005612453558356e-01
-8.471472147629723892e-01
4.763767522930599796e-01
9.369853497274949206e-02
5.375220498454709173e-01
-2.250663262420120603e-01
-1.170312146834822098e+00
7.765790601359778833e-01
-9.838054692547970603e-02
5.535059406803188864e-01
9.076108907301625450e-01
-4.780241184718674319e-01
4.576088755106244577e-01
-1.172163062491091257e+00
5.646168400966109502e-01
1.111739601399950317e-01
6.429422882971991271e-02
2.990072219717365698e-01
-8.144354784522445101e-02
-1.016373349588840291e+00
-1.219574067111182103e-01
-4.587868789989189011e-01
-1.186690342817197319e+00
-2.516109933620942485e-01
3.491739303274776773e-02
9.532973159001079111e-01
-1.884540088631228016e-01
5.587492164182181753e-01
-7.106627005806451791e-01
-6.638497692651599280e-01
1.873472906831974427e-01
1.621505116933850132e-01
-4.695397814612976006e-01
8.059738450318612024e-01
3.627747980811335538e-01
-5.684231137523099164e-02
-2.032497353500080095e-01
-9.290249884739356645e-01
5.793186796524665283e-01
-3.029972612790503561e-01
-1.026329324229291462e+00
-4.253780889899347883e-01
-4.181723102476864184e-01
-2.842317435008858695e-01
-2.009572822095027078e-01
5.163033569348352003e-01
-7.570158692876791662e-01
-5.136023654011472317e-01
-3.774011815665634373e-01
-6.428752254551772793e-01
2.332282531297025230e-02
-1.549372046613265219e+00
1.360708547636786392e+00
5.394233067523748204e-01
-8.120861475363350124e-01
1.004003672608096309e+00
1.888820256369783124e-01
-3.912707382536000367e-01
6.663882382517911651e-01
6.321199847575842412e-01
1.463671548093437025e-01
5.228288902145923345e-01
-4.765838887987241534e-01
-5.951211681239065854e-01
-8.995009045571302764e-01
2.479494839290126151e-01
1.750107931188127353e-01
-2.380006609213918267e-01
-3.718410545371044762e-01
5.110506780572832142e-01
-8.193418920165189689e-01
-2.095337938308041714e-01
-2.627394150061643785e-01
-4.533166423943058021e-02
-3.892647575377115032e-01
-5.484114157956456737e-01
1.391299570777482231e-01
-9.582522769627823678e-01
-1.203282532286003015e+00
1.948105802765889294e-01
-7.676270113313536925e-01
-6.048094938890482553e-01
-4.936833750364106876e-01
-2.568207806193010256e-01
1.259659438367775053e-01
-1.967638224790997370e-01
-1.365961448454120486e-01
7.033018429335129440e-01
-4.003401448193404377e-01
8.235704769327636399e-01
1.731032974140926939e-01
-7.684747348351823604e-01
-1.186440340076915234e+00
4.482470416713919548e-01
-3.017561344685448788e-01
-1.804268311979804196e-01
2.437688098995307584e-01
1.242882709814141506e+00
5.201541784832741655e-01
1.311075108831366798e+00
-6.867252662561442733e-01
5.057184249368162909e-02
-2.667290023239496932e-01
-1.800835277834647030e-01
7.397397428249217199e-01
1.068528114370089099e+00
5.255559739035788880e-01
3.847227821004199910e-01
-3.933116687204849526e-01
-1.740927319373701820e+00
8.109257431637049152e-01
8.158684288561204312e-01
4.251507247058867733e-01
-1.793687420447778180e-01
-1.451296831597748138e-01
-9.274972889530559428e-01
2.143970698271147057e-02
-3.390636824380708347e-01
1.533026200544647111e-01
-1.661370555933947557e-01
3.562839410468221502e-02
-2.666064345449612460e-01
9.622864392397989519e-02
-5.547923525705842351e-01
-1.015643430378765810e+00
-3.562484943275388005e-01
3.966199992069272540e-01
-7.162059587501445890e-02
2.252232539819445378e-01
5.668836733523399118e-01
5.056187885139395988e-01
2.421919367137981283e-03
-3.169624897797005403e-01
-1.206005351449281893e+00
2.837912642144129194e-01
8.467276796503249159e-01
1.437184996409741622e+00
3.736532386963284935e-01
-1.272935659457221647e-01
-2.022956635084556254e-01
1.866082964614035333e-01
-1.141594440080915707e+00
1.142681366416966604e+00
1.151547057222556347e+00
8.790241988787528271e-04
-3.783030408284098201e-01
2.537419910014548918e-03
-2.094100885576688498e-01
5.466744659900619752e-01
-2.938329698600812279e-01
9.753890172351118437e-01
-3.604653204143888345e-01
-7.290009229638370059e-01
1.353036418530262353e-01
3.856230497333967833e-03
-2.153902961524432058e-01
-1.780046844299185693e-01
3.536022471694542091e-01
3.207400174534411619e-01
-4.586270660548681377e-01
-7.047115636000622629e-02
2.050295261643375611e-01
1.145738114558989551e-01
-9.520027993636963615e-01
-7.212846290249892434e-01
-3.537243095119428915e-01
1.535017653518568892e-01
4.273011111065336820e-01
8.209894304652216590e-01
-8.458611803427507070e-01
1.061651549227889291e+00
3.710977171667559915e-01
7.405125421284726173e-01
-4.873794337334071969e-01
7.977934593040316713e-01
-1.605593250348871237e-01
-1.590316772313018490e-01
4.700854877198228365e-01
-2.621215636608127397e-01
2.132437502233486271e-01
-9.987787712773688042e-02
-9.356331591534310377e-01
9.290264511397738900e-01
6.099854126574575375e-01
4.233183969320215567e-01
8.429849930222665932e-03
3.503444576884815476e-01
9.407401588094677081e-01
-5.426840661746821226e-01
5.385104041957502474e-01
3.987028872847320216e-01
-2.811785904717964968e-01
-2.238317371080169593e-01
5.962957925535308235e-01
-9.195040705381725132e-01
-1.297765394347754064e+00
-1.956825121192835581e-01
5.184949147836643846e-01
3.385469371335858568e-01
8.352510462085156462e-01
-9.906429844840136667e-02
1.725325536707691398e-01
-5.870315088194786313e-01
7.373728662566367831e-01
7.489358617895458536e-02
5.154157296752703843e-01
1.852798910560391477e-01
-2.300193464230941842e-01
2.989736985263915514e-01
-2.923357278141045512e-01
-7.760054591815350733e-01
2.512784617957759536e-01
-7.685377234861547890e-01
-2.822815428863858500e-01
-4.801648168510554981e-01
-8.107206173497027990e-01
7.020014368488247669e-01
8.012753224335975588e-01
1.194666253028884739e+00
-4.484683938552072036e-01
7.221727577750307603e-01
-3.239287300153570470e-02
4.786360212965599104e-01
7.531739716312015887e-01
4.302969328870780430e-01
-2.901985062265897142e-01
5.899596514313589779e-01
-1.811357832522109135e-02
1.676431895168610353e+00
1.044763703372515451e+00
5.759292974907594953e-01
2.136246086885673634e-01
9.238897542770878601e-01
-3.349575158479085601e-01
1.147312138161892037e+00
5.790085036307228705e-01
2.993522407038469169e-01
1.344805210744937085e-01
-5.362605519324237235e-02
-1.010838302736169148e+00
7.536479852120550049e-01
3.911080672901325883e-01
-2.791724458749325066e-01
-8.297474032292422308e-01
3.090328188556750177e-01
-6.456290467578398307e-01
-3.274847386329096111e-01
-5.102727702051890191e-02
7.897905527931392555e-02
-6.890474048977246468e-02
7.403961187327450233e-01
-8.203355400137368747e-01
-1.191279861824832587e+00
-5.616804423233121568e-01
-6.280333773378377060e-01
-4.746163253179576103e-01
-1.656295911494352069e-01
-7.661003439481106625e-01
3.276438846213602929e-01
-7.210021716751198184e-01
4.175104224812820064e-03
-2.132204405083673038e-01
4.334829089084237808e-01
1.300500121478247451e-01
8.053675988007000797e-01
-3.100346712344137501e-01
-4.242229468647682467e-01
8.211229500918104662e-01
-3.090083630246986957e-03
5.172929515377759913e-01
8.395891329988547369e-02
-1.151620957655890010e-01
4.457111597006342407e-01
-6.510488651813837180e-01
-2.003075779285712343e-02
-5.628956809171103970e-02
9.616590704312315552e-01
-2.341040314109310572e-01
-1.796672543394031152e-01
8.817605596965840675e-01
4.321759331885761668e-01
-9.314932248176104324e-01
-5.423567843259817778e-01
-2.621753095889012286e-02
-1.328334458761694314e+00
-9.116898449674435412e-01
2.192552146767381416e-01
-5.852321997417124777e-01
1.393917948947844820e-01
-5.934011312108822267e-02
6.447003894546128322e-01
-1.153886979811655777e-01
6.726618845162963822e-01
1.250409124165695829e+00
9.260857611217554464e-01
3.310551259575822414e-01
1.571329212229652939e-01
5.965938255989566841e-01
5.560585388146055408e-02
8.642148223896315429e-01
1.358656169716692119e-01
-2.144104437561864529e-01
1.876927718558434321e-01
-7.728364911479239652e-01
-6.456870892819877028e-01
2.496826106726945937e-02
-1.724236686017341924e-01
3.007124068223152591e-01
-7.357923415210265716e-02
3.008019430174444508e-01
-6.782664563309666050e-01
6.445849962543261924e-01
4.579478656934110603e-02
-2.982781705472961065e-01
-8.247943390670791075e-01
1.979641031439598464e-01
9.465204832636313625e-01
5.618200746097912202e-02
1.510183215009382351e+00
2.908134701556797097e-02
1.859103624012004019e-01
1.224164333630959334e-01
1.303420253114282445e-01
3.394832004976642281e-01
-5.525008972069622715e-01
2.369160183905716366e-01
5.948323959700640984e-01
-4.778665348004951241e-01
-3.442563703813430465e-01
-5.640373924652344328e-01
1.850246658073428918e-01
4.733998880871670423e-01
-2.823279847159172462e-01
-6.593572236284401811e-01
8.150738931011600741e-01
5.891228613015329074e-01
-5.145306624903582815e-01
-9.263751354959159912e-01
2.057516907251342175e-01
5.582065755807938956e-01
4.785950312341737956e-01
-7.135098719515937660e-01
4.641419827720305591e-02
1.624809291048778803e-01
-7.822931448690457756e-01
5.884467763283769415e-01
1.738172659794825492e-01
6.953878792822845156e-01
-3.191102532061549368e-01
1.768082370886485677e-01
-5.303136041099500986e-01
-8.103983016013192042e-01
5.927595539070544817e-01
1.099196787493440297e+00
-7.456750789540578239e-01
1.638161395815025401e-01
-7.912278587228520621e-01
-2.500115241439297975e-01
-1.315609867469096361e+00
-4.748106884273459727e-01
-8.350168760464580231e-01
6.075706249878187748e-02
-5.536675931051302513e-01
-2.147943834804664220e-01
2.642320499746766416e-01
2.845940121362602326e-01
-2.858937888046417797e-01
4.084804454670472040e-01
1.968901546625296817e-01
8.436533915502408831e-02
3.660246024699711498e-01
2.168620325366408252e-01
4.742423794596914988e-01
-4.370968952515461581e-01
-7.333192607950680397e-01
5.719785110032695741e-01
-2.293230342176189041e-01
9.456112442158737252e-02
5.585756762826887822e-01
-5.113115132537870977e-02
-1.099893574527150975e-01
9.167779060081047149e-01
-1.444915922004879505e+00
7.517973687495338453e-01
-1.005529967657605273e+00
5.122041250618147856e-01
5.283785968918586207e-02
-9.196637566865630831e-01
9.014797631739153161e-01
2.976705392782008630e-02
1.089166092522994234e+00
-2.314644963838619063e-01
-5.915158889416698429e-01
-1.184753536589461476e+00
6.822004135306620753e-01
-7.181482455077343729e-01
5.260760282100109819e-01
1.036999802159339623e+00
-5.262102509961561481e-01
-7.202327672071007214e-02
5.548359121360242341e-01
-3.812905727920572474e-01
-2.524318203458939536e-01
-7.970448600071691203e-01
-1.146084372494826198e+00
3.675421516369938857e-01
1.530619279106648634e-01
-7.892597364637445878e-01
8.081253716714176250e-02
-5.168819023081638875e-01
2.446632539386781602e-01
-1.681994431701561155e+00
-1.956603413024335936e-01
8.518963935049717051e-01
1.058059669744135789e-01
-1.059222513576212332e+00
4.260367678548160342e-01
-6.706340230131768720e-02
-2.358858311938440977e-01
-5.947298447686124589e-01
-1.510691215252011332e-01
3.460327835072041225e-01
5.239805092114853124e-01
7.734318957912567072e-02
8.596574691221281483e-01
-8.223498800625765881e-01
8.498963191877093593e-01
3.608454519668837790e-01
-4.993342930843072125e-01
2.324567926765404025e-01
-6.143196662687993026e-01
3.024468507369872938e-01
7.613044484989011096e-01
-4.423682804810056268e-01
4.256130561319384498e-01
-1.205926227632886594e+00
1.007373467269735201e+00
-8.172842180526416200e-01
-5.568416352151341897e-01
3.779379459625857862e-01
6.978824300954755699e-03
3.676341755269518785e-02
-3.798595384873237890e-01
5.978511464275442222e-01
-2.916462450639212278e-02
1.180090617645443984e-01
4.473421597657933901e-01
-2.220529330165943449e-01
8.853576421563591481e-02
3.325066535989176231e-01
1.664167055676415430e-01
-1.171422872513566915e+00
-6.297319948144419754e-01
1.869128138455948829e-01
4.886622483674418760e-02
9.645046974903177528e-01
3.898166018224360485e-01
4.711510259105704534e-01
4.121341752079255016e-01
-2.816134504903189395e-01
4.293864625952084069e-01
-2.199895367189625972e-01
-7.661330040369378480e-01
1.582905109925567544e-01
-1.075457003058818195e+00
1.293884875592516970e+00
-1.116282790304573780e+00
7.928554251922959040e-01
8.924839405707807316e-02
-1.075698120108850464e+00
3.936105891730345974e-02
-6.478344780314904128e-01
2.570538204980206132e-01
2.469774021317041601e-01
2.840183454279419095e-01
-3.023662523174239780e-01
3.029570575518434339e-01
1.222475089333583398e-01
-4.933216665249418043e-01
2.318188266647815965e-01
9.873255758295229612e-02
1.243560337668405680e-01
1.003826421145763703e-01
3.203127538176753220e-01
5.525593697932400516e-01
5.236013340352849710e-01
-1.290563737178992199e+00
-3.844031582391691515e-01
-1.333239729834068132e+00
-2.603302681048518252e-01
1.506431012755911070e-01
3.246534293052150133e-02
8.787450698733723087e-01
1.331789565728238145e+00
-8.165994614039515653e-01
-1.115900014789641403e-01
-7.553412312310427978e-01
6.246117221932099284e-01
-1.461524854440323651e-01
4.155504455963798804e-01
-4.447106644297464939e-01
-1.276477835034661723e-01
3.026759734417918679e-01
3.209061799782553237e-01
-6.276861676692186975e-01
-6.749892192066937469e-01
7.193633269588204371e-01
-1.781858034469987473e-01
-3.835121285137343961e-02
2.300892929177500434e-02
-1.910710157225370409e-02
6.236406034153763045e-02
1.601268875326447017e-01
7.173261517145164134e-01
9.530819850180938246e-01
-4.509254687789692184e-01
2.779291484756649666e-01
6.939842262812767615e-02
6.897638906599121711e-01
5.594708497313396478e-01
1.532648236170599532e-01
1.270748782922601627e+00
-6.039033949956538194e-01
-8.798825134048282592e-02
1.169985922278993229e-01
1.718138255607684073e-01
9.033619177954843593e-01
2.050034768227213533e-01
-9.282375896978694030e-01
-2.971179201410985016e-01
-4.261465347999617848e-01
-3.660662813287816064e-01
1.107243004247998819e+00
1.765527557495696342e-01
-2.303598331009100164e-01
1.170988708479416829e-01
2.304746674855575606e-01
9.553581767670404901e-02
2.191279559240655317e-01
-3.933351710264467727e-01
1.392841700388558479e-01
1.233564517673038097e-01
8.128661981130420600e-01
-2.472912382141965182e-01
2.991075061571182303e-01
-8.407372942525528359e-01
4.241421983280773134e-01
-6.933223567527999620e-01
-6.508826425783391656e-01
-5.071465062891498121e-01
-3.029950112294343967e-04
4.981996807202531130e-01
1.422623360488470823e-01
-1.232809403935049009e+00
1.098392274934186119e+00
-1.043160580535257509e+00
8.753677473024890077e-01
4.898946100136676307e-01
4.191095451383493042e-01
-2.161013643971587683e-01
-1.191012597787024063e+00
9.423366607186025590e-01
-3.645593960439761361e-01
-6.286043048934786270e-02
1.376322205572044766e-03
-2.449209406497807606e-01
5.719188031752793222e-01
1.049306438710510214e+00
-6.004531459924047354e-01
-7.017224650888289617e-01
-5.150502152426463809e-01
-3.410598498647559040e-01
-3.784349328494647224e-01
-2.698883372659111046e-02
-3.967675377771797685e-01
1.473729836332325682e+00
-5.625622949090836045e-01
-4.187651663464020402e-01
-8.462711567117491285e-01
5.552463388543298350e-01
6.412538851747857649e-01
1.971492399988221678e-01
4.222954715282227767e-01
9.488018851833075473e-01
-3.000750239464986535e-01
-4.358206191360061155e-01
-3.728344909702574483e-02
2.183119209679382777e-01
-7.932491090553011048e-01
1.579645185817746267e-02
-8.738821002796459680e-02
-3.120424301647268805e-01
7.311509406955449819e-01
2.500327102374786392e-01
4.889134190775576982e-01
-1.350968628178872422e-02
5.063574163388571137e-01
8.998128373106082378e-01
8.108426487451758646e-02
-1.349290722065380699e+00
4.180975486737494862e-01
8.820651332920093068e-02
-6.006823970136414559e-01
-3.335872573879692382e-01
-4.992161031577975194e-01
4.726388332765463218e-01
9.701971647878782079e-02
1.178310475112001043e-01
-8.569088619784785976e-01
4.784971454526427692e-01
-6.285091679167562617e-01
-6.484654210479963155e-01
-5.189040972877458913e-01
5.190778312859656296e-02
1.670768057971718790e-01
-1.998605728586770880e-01
5.865068485960067690e-01
4.612259206793281052e-01
6.746587967648922657e-01
8.276048514717526672e-01
3.511650534048111894e-01
-8.338710315759731984e-01
5.934031714140406422e-01
-4.928399029398375930e-01
2.267178852269369216e-01
-5.235136787197793851e-01
5.709754702075162669e-01
-1.797673095690015543e-01
2.765961931607661128e-01
-9.254926902998601435e-01
1.255744062174724007e-01
-7.052751209052168235e-01
1.349523292477382341e+00
1.805900959481228085e-01
-7.778064405917790580e-01
-4.760518633801771315e-01
-1.537531781515966145e-02
-3.125868029012055516e-01
1.586413699422353218e-01
6.869477462888369246e-01
-4.648457501291511917e-01
-7.917110550638408739e-01
-7.267939277417756472e-02
-2.368482998845511389e-02
-5.538454049718035677e-01
-1.090217246958271602e-01
-2.529147226166532647e-01
-1.169831175706766757e+00
-4.722950582278153675e-01
5.293925364281566459e-01
4.194066981360755619e-02
8.350856866655353983e-01
1.221026587889594950e+00
-1.055966144140065843e+00
-5.665982802287228282e-02
5.400891326431489503e-01
1.738005037700832922e+00
-6.899441472333487368e-01
-3.160230631947591462e-03
5.365079755919293092e-01
1.217677278667235186e+00
-4.482972112103231765e-01
6.694680021829775285e-01
-2.943194222996927678e-01
-9.801535394575928706e-01
4.199156590519494969e-01
5.864624159626874444e-02
1.334272884631269029e+00
-3.095711146458235419e-01
-9.564229545862881210e-01
-6.607339839638992629e-02
-2.319827113353145620e-02
-3.673683908534091103e-01
-2.836713201793950034e-01
-3.923337550207701696e-01
-4.806969692766074331e-01
-9.420196096628608018e-02
-6.995042102741422241e-02
-4.069814198927348414e-01
-2.741035769227000429e-01
9.217756063614146456e-02
-1.389596366288117224e-01
1.784638608016013706e-01
-1.101662383360074049e+00
1.022749890290155506e-01
1.016495382258320035e+00
-1.024629099053627534e+00
3.585071047875389993e-01
-1.081253990468233894e-02
9.692090620653015520e-02
1.678710865641663830e-01
-2.902242461245450045e-01
-5.025914806442566274e-01
8.775416618149751713e-01
-4.897220881792243574e-01
-5.757396992437504579e-01
-4.540451607098656694e-01
1.600213339129430423e-01
1.102169551825307181e-01
3.431816432607170952e-01
9.405114661795899167e-02
-2.935516574998873196e-01
-1.067819819998208075e-01
3.278954550343335939e-01
-1.905855192671985776e-01
1.277012562792640971e+00
6.450915551560676420e-01
-8.687141202097841131e-01
-2.913332394991927643e-01
9.932357094007961962e-01
1.980676805129082396e-01
4.096863259099157162e-01
-4.059389532256441058e-01
3.014154513873288366e-01
2.820388583057011900e-01
-2.962114516850187229e-01
-5.247405801803353143e-01
9.503383030060970071e-01
5.020556239351803285e-01
1.014986527563701557e-01
-1.228936600781753707e+00
6.016273807246950156e-01
4.775766632627442831e-01
-3.989477856800176525e-01
-1.604260490941502582e-01
6.890959945171957202e-01
-2.172739070551328311e-01
1.282875944070220875e+00
7.711219897970273962e-01
1.101474721453002736e+00
-2.248026844355637266e-01
-1.014591350924292534e+00
-8.793786890461072758e-01
5.294845003828019259e-02
7.041815663107264811e-02
-1.898953594453693938e-01
3.719936007352497853e-01
7.837539436990104136e-01
2.016754300729175498e-01
1.318000831587529120e-02
5.525310987609719504e-01
-7.303552555824239789e-01
4.175422590410216017e-01
-1.818717422207596357e-01
9.301362946360400841e-01
-3.886073485159622365e-01
-1.635860064304734962e-01
1.069486039331830618e+00
-4.797553573192852028e-01
-1.062804654829191620e+00
-1.586891106102186200e-01
-8.349449844521572572e-01
-1.710951542515726231e-02
3.157471704648839861e-01
-3.143084223018428602e-01
-4.399317172251828723e-01
3.249660041654340858e-01
3.036973178049953148e-01
5.122075881042693624e-01
2.316127539449990280e-01
8.250867648363069407e-02
-1.211732473893847306e+00
9.370395778155469202e-01
-2.081744284048792082e-01
3.811419060147045457e-01
6.238780961919587753e-01
1.214337427747334885e+00
3.437357623019980934e-01
2.502825247686866206e-01
-7.312068926297046190e-01
-4.052160727555262909e-01
1.008879148773411671e-01
-5.999321063975768809e-01
-7.556446099414877438e-01
-8.042972145106404014e-01
-7.882806254116090372e-01
1.884380189015839591e-01
4.736244976810244367e-02
-7.028187519733730682e-02
3.499620707605846093e-01
7.171479738575303742e-01
-4.463839567508376405e-01
-9.178425809657735357e-01
3.516148507844496507e-01
-8.757201431311667505e-02
3.203578845787777851e-01
-2.660896903571519090e-02
-4.471428504559948891e-01
-3.593314342622555557e-02
-2.327975857690933736e-01
-2.747557209182076576e-01
6.162883786029222932e-01
-7.539287915967385345e-02
7.067461576791957967e-01
-3.950606258786359959e-01
-3.712621454614328798e-02
6.833803445276860344e-01
4.641637737695436527e-01
-9.023036769344905395e-03
2.575876628781736954e-01
-7.188340771346242164e-01
-1.027434441719858871e+00
-7.854457397898508830e-01
-5.370587204733503484e-01
1.036440961490406210e+00
5.263385002138933899e-01
-7.395703329813194671e-01
6.722538807809854688e-01
8.895129346423686911e-01
9.521393603007375361e-01
3.320997062251853649e-01
2.354482955311336667e-01
6.084574432627576357e-01
4.265048124149934949e-01
4.127060153601780357e-01
6.804132689488584518e-01
1.425643635778356177e+00
-9.705947787875626176e-01
4.185091630672355123e-01
4.450095644408103013e-01
-8.185062916153489354e-01
4.808179788188855497e-01
-5.468952937960267491e-01
-9.505497042419444043e-01
-3.270206678379956600e-01
1.116377466101488025e+00
4.739303844444542335e-01
2.072555266229336723e-02
7.268951135627590432e-01
-1.299605944476036612e-01
-1.928147462792419997e+00
-3.849572627060036112e-01
-1.588765092893693165e+00
4.541838592719029677e-01
1.072563771679657663e-01
-9.340924310544815867e-01
-1.448375161454995563e-01
-4.244315411506294211e-01
1.382969916090202034e-01
-4.496383398994296954e-02
9.316930424295044588e-02
4.981843624695212469e-01
3.359415737063908836e-02
6.690631039984653583e-01
3.360839712699403847e-01
6.596205918452913153e-01
1.086658112006922750e+00
-1.447921191554879528e-02
4.346771736884234016e-01
1.900752617494561036e-01
-5.603755779962584782e-01
1.673449858733224715e-01
4.141092952472202882e-02
2.711001431913295789e-01
-1.146544835717921096e+00
-4.581821647016868226e-01
-3.176827174312233382e-01
-4.079868536517521349e-01
-4.167256161721155650e-01
-4.009818703855909661e-01
-1.334161776671309863e+00
-8.365731132295479711e-01
-5.744278118684613688e-01
6.168143414729794216e-01
-4.257504261661653189e-01
-2.734652011930807092e-01
3.659779198707733272e-01
4.962248206489832114e-01
7.477872731154615593e-01
-3.629268382937507198e-01
-9.281641615197608886e-01
-3.274702272261098557e-02
-1.265098319013056027e-01
-4.635692074713482214e-02
2.248436776495674749e-01
1.160878390390731596e-01
-5.844265170791622666e-01
-1.482905828760001654e-01
1.919594043835441965e-01
-1.215443645787135374e+00
-9.068024869489468287e-01
1.160532521156731889e-02
8.216125732395527237e-01
2.642288039807549893e-01
3.773092820758181531e-01
-6.606006503787753559e-02
-8.534692471484728316e-02
2.675027626451438323e-01
-8.771618211046661173e-02
7.395110415983197072e-01
3.574036956887045591e-01
-5.073118570606975908e-01
-5.311968960108561788e-01
8.693655278303982215e-01
-1.995596978258724619e-01
-4.590172022610161662e-02
1.124205710143320047e-01
-5.009448405220906508e-01
4.404557090033396349e-01
-1.585797331255376363e-01
-6.050197091800608717e-01
-4.362796985496153468e-02
-8.038235083680103088e-01
2.022153139059224003e-01
1.013184305940827201e+00
-8.444534389253721685e-02
-1.025757279707557590e+00
-2.634320812260462219e-01
4.717421168914981422e-01
9.084938380512985745e-01
-1.349038219117060677e+00
-3.092675220085734367e-01
1.202081394339336029e-01
9.412296511320219494e-01
5.178413866744682181e-01
2.412223578589767214e-02
1.462523231468999541e+00
2.044988837702916840e-01
-2.111641606683045680e-01
-2.458806344671025101e-01
-6.547967549384114960e-01
2.820499148881108198e-01
-1.102170123924751000e+00
2.428192124901764615e-01
6.638100289696975409e-01
1.966947942722265807e-01
-5.621626676149151791e-01
-5.741484200359510126e-01
-1.140195269158421620e+00
1.047991276432426844e+00
-5.477888387166549578e-01
-7.498602351642951191e-01
-6.192474449044471640e-01
-1.020266790800665735e+00
-4.306022992360318824e-01
-2.196913590776725655e-01
-5.641091462805221113e-01
9.912732621065822869e-01
-6.382297151690865533e-01
7.512505392939141657e-01
1.379038482584764580e-01
4.074108760221477610e-01
1.227925237272833314e-01
-3.527760279674021504e-01
-4.849271665346330806e-01
-3.416946546230761328e-01
-2.377944333843977631e-01
1.488826371462962150e+00
2.888677358842448584e-01
-5.126316706145832569e-01
8.863336712301350673e-02
1.073099473997204178e+00
7.990942776492984123e-01
-9.131225116634880123e-01
1.681632682238376475e-01
5.898099675115320295e-01
-4.894252148153910298e-02
-8.261951721224205514e-01
-9.088174661802028709e-02
-3.439534473616658872e-01
-1.865037032857301824e-01
-3.111087770038176714e-01
-2.927829091473110878e-01
2.545024285627031091e-01
-4.910805866913827700e-01
-8.371791082893089708e-01
-9.641465232406076780e-02
1.085404823207172242e+00
1.723698062766132466e-02
2.686612363702911566e-01
9.586931777605025573e-01
-5.988652082703591617e-01
5.977148731985026942e-01
2.461897098724596944e-01
6.967652665803569789e-03
9.758519114580366249e-02
5.132592643405944344e-01
9.097679576592021533e-02
-2.700752809358046846e-01
4.053613525983283949e-01
1.294155430265452544e+00
1.920219508793339358e-01
-8.792304367535894727e-01
1.095882764619808825e-01
4.812037880692265901e-01
-1.224449399830263019e-02
-1.695443403428900098e-01
-6.782093340449488750e-01
-5.636122131307610417e-01
1.552979090930666217e+00
-1.602449211087213499e-01
1.928726414137651446e-01
-1.331805641289196540e+00
1.850358054097451799e-01
-2.861569801363152976e-01
4.571448144475169784e-01
-4.112284480247900831e-01
5.232036537016586664e-01
4.932170850618122770e-01
-1.100955957729484957e+00
-1.043452659646818326e+00
-4.172000049512201159e-01
-2.268049584223517101e-01
-1.123736948623330623e+00
3.158252331071453867e-01
7.729506878151326532e-04
4.553391869799350289e-01
6.680499826874886082e-02
-8.752833940095108289e-01
-2.067052813798113675e-01
-3.149174974405166694e-02
5.821946737367200697e-01
-1.555953942224235220e-01
3.925532636166426670e-01
2.622868038518557654e-01
4.562080165332265125e-01
-6.396487925743032932e-01
-4.295240431317282059e-02
1.743615657953423437e-01
3.823302151932503889e-01
4.859632841059857711e-01
-1.706100378550789998e-01
-9.336248523854173698e-03
5.043464498190450840e-01
6.067980793045091303e-01
6.485025050750250486e-01
4.370420515530346606e-01
-1.010928421038954639e-01
4.749658184875036326e-01
4.519869047745697088e-01
5.599498426532019124e-01
-4.423242939653144745e-01
1.061789021147033552e+00
5.752431036977494472e-01
7.782582308019048156e-01
-6.610724189455332578e-01
8.083963241611176187e-01
-1.015174230441759917e-01
-2.840314306704918579e-01
-6.672538051878653675e-01
-1.502591235503889511e+00
-6.108245927733069180e-01
-3.651896928056350689e-01
4.865285194860726747e-01
-5.212833103574139315e-01
1.632667304677477560e+00
-1.055489258807480013e+00
1.362438374218124082e+00
1.620999531393776394e-01
-5.994579335625918048e-01
-1.319888384730383279e-02
-4.793949700482711407e-01
3.702553951475993088e-01
3.861384702716419426e-01
-4.058192766124513184e-03
-1.770950623123856982e+00
1.663201142310475333e-01
1.566566464281029525e-01
-6.925941181293380211e-01
6.562636853998471409e-01
3.997516685604329822e-01
-4.620264514779934828e-01
3.687090263663526102e-01
4.420018850953733036e-01
1.167431175147478406e+00
2.600973750830251063e-01
1.343392286280851167e-01
5.710627671965387009e-01
-4.346156783219221609e-01
3.095904379012557328e-01
-9.284355106111625844e-01
7.006110936176925819e-01
1.117596206977248485e+00
-2.445297766623193425e-01
5.846891158439220249e-01
-6.465581941968672197e-01
-2.304522423869928005e-01
8.119250778082545139e-01
-7.191061018224695900e-01
5.893887750112334345e-01
-3.494730377966419610e-01
1.144545602364654968e-02
-6.173792411517933232e-01
-3.535160800552716864e-03
-2.135810359395815539e-01
-6.067256399642637632e-01
9.797028058787784488e-01
-7.762195814403600735e-01
4.923147717867850659e-01
-9.528328383866355722e-01
-9.537325058619394724e-02
-2.128298784732134408e-01
1.002395460440301811e+00
2.683609044064914073e-01
-5.232004589990317811e-01
-1.484476242900303333e-01
-8.101866488254216847e-01
9.766792222255933353e-01
8.960255171749160752e-01
-3.872995408220578639e-01
-5.388641546139236738e-01
-5.996940571582074497e-01
-3.777690214693105730e-01
-1.251646847261453921e+00
6.728391917505271991e-01
-1.681913223900934895e-01
-6.819401191470655377e-01
-7.076803640899402836e-01
6.344407648686622991e-01
4.761467508925516512e-01
-2.901642927382734882e-01
-4.916411293554894257e-01
3.023374145549890812e-01
1.121984633758728478e+00
1.230868668556528434e-01
6.990396602140691584e-01
-4.095995223416624142e-01
-3.728763670188071089e-01
-5.600316227611310538e-01
6.599129752885453115e-01
5.494040069217831501e-01
-1.483775846407002330e+00
-8.804018171877228127e-01
-1.561109075133408908e-01
-3.974757803966415537e-01
-4.257936920552163329e-01
-1.024467510063278741e+00
7.905113419914391315e-01
7.199754887976430595e-01
3.528327689631467479e-01
1.483872785636863867e-01
-1.238756957696078409e+00
-1.410070628164685758e-01
-1.795035264784718976e-01
-8.063142803579337325e-01
8.379972866602720671e-01
-5.181082621275496791e-01
3.414390494679135912e-01
-7.019502488800091200e-01
8.375001210007511077e-01
-4.657698462497377179e-01
-1.075351717159889198e+00
1.861269238263982828e-01
-7.796489526332379683e-01
8.851934053761869592e-01
-1.339252994072490655e+00
7.997440534717661365e-01
9.303396260051552957e-01
1.286143695064586367e+00
-2.581223026275853982e-01
1.421117672394984766e-01
1.408930332206814739e-01
1.175853170042858942e+00
-5.555195913899506621e-01
-2.630588308120431762e-01
-6.634702202829139139e-01
6.884950299484771108e-03
9.561847831374770124e-02
-3.314938538990226391e-01
2.059643318256734190e-01
5.759483656551900310e-01
-1.084277923879815031e+00
-5.907368870297124985e-01
-8.196151436947918256e-01
-3.627538291429814876e-01
8.064775204194400970e-01
-1.657868290321786731e-01
-3.871391608864200862e-01
3.929283007716222187e-01
-3.583471644444991000e-01
-4.703287154133768411e-01
-2.396696116396075382e-01
1.967974394034133212e-01
-2.854519013445777631e-01
5.016107639805342799e-01
9.116792854009592162e-01
