3.307000000000000000e+03
2.882000000000000000e+03
2.019000000000000000e+03
3.360000000000000000e+03
3.835000000000000000e+03
4.329000000000000000e+03
3.710000000000000000e+03
3.147000000000000000e+03
2.943000000000000000e+03
3.883000000000000000e+03
2.507000000000000000e+03
9.750000000000000000e+02
2.681000000000000000e+03
2.667000000000000000e+03
1.541000000000000000e+03
3.114000000000000000e+03
3.679000000000000000e+03
1.442000000000000000e+03
2.061000000000000000e+03
1.618000000000000000e+03
1.227000000000000000e+03
1.911000000000000000e+03
1.218000000000000000e+03
1.267000000000000000e+03
3.262000000000000000e+03
1.602000000000000000e+03
1.110000000000000000e+03
2.255000000000000000e+03
3.848000000000000000e+03
2.869000000000000000e+03
2.285000000000000000e+03
7.390000000000000000e+02
3.670000000000000000e+03
2.386000000000000000e+03
1.693000000000000000e+03
1.296000000000000000e+03
2.367000000000000000e+03
5.729000000000000000e+03
3.333000000000000000e+03
1.916000000000000000e+03
2.546000000000000000e+03
1.606000000000000000e+03
1.883000000000000000e+03
4.619000000000000000e+03
1.512000000000000000e+03
1.402000000000000000e+03
4.903000000000000000e+03
3.281000000000000000e+03
5.453000000000000000e+03
2.750000000000000000e+03
4.634000000000000000e+03
3.577000000000000000e+03
3.956000000000000000e+03
3.813000000000000000e+03
3.925000000000000000e+03
1.793000000000000000e+03
4.453000000000000000e+03
2.048000000000000000e+03
5.279000000000000000e+03
5.307000000000000000e+03
1.746000000000000000e+03
3.212000000000000000e+03
4.704000000000000000e+03
4.668000000000000000e+03
1.092000000000000000e+03
3.176000000000000000e+03
5.711000000000000000e+03
1.814000000000000000e+03
5.208000000000000000e+03
4.840000000000000000e+03
2.049000000000000000e+03
3.688000000000000000e+03
4.790000000000000000e+02
1.052000000000000000e+03
5.142000000000000000e+03
5.370000000000000000e+03
3.164000000000000000e+03
4.975000000000000000e+03
3.425000000000000000e+03
4.400000000000000000e+03
5.099000000000000000e+03
5.162000000000000000e+03
5.148000000000000000e+03
5.006000000000000000e+03
4.158000000000000000e+03
4.444000000000000000e+03
1.648000000000000000e+03
4.885000000000000000e+03
8.700000000000000000e+02
4.878000000000000000e+03
5.306000000000000000e+03
5.134000000000000000e+03
5.075000000000000000e+03
4.766000000000000000e+03
3.736000000000000000e+03
3.652000000000000000e+03
5.031000000000000000e+03
5.889000000000000000e+03
4.912000000000000000e+03
5.183000000000000000e+03
