1.125000000000000000e+03
9.090000000000000000e+02
1.224000000000000000e+03
7.600000000000000000e+02
8.410000000000000000e+02
1.443000000000000000e+03
1.801000000000000000e+03
9.600000000000000000e+02
6.050000000000000000e+02
6.310000000000000000e+02
1.255000000000000000e+03
2.150000000000000000e+02
6.620000000000000000e+02
1.526000000000000000e+03
1.617000000000000000e+03
3.550000000000000000e+02
6.920000000000000000e+02
4.460000000000000000e+02
1.311000000000000000e+03
3.500000000000000000e+02
6.450000000000000000e+02
7.350000000000000000e+02
6.250000000000000000e+02
6.600000000000000000e+02
1.875000000000000000e+03
7.530000000000000000e+02
1.861000000000000000e+03
1.982000000000000000e+03
3.610000000000000000e+02
4.040000000000000000e+02
1.727000000000000000e+03
1.780000000000000000e+03
4.010000000000000000e+02
1.817000000000000000e+03
1.866000000000000000e+03
3.340000000000000000e+02
1.980000000000000000e+03
8.290000000000000000e+02
4.370000000000000000e+02
1.770000000000000000e+03
1.189000000000000000e+03
6.490000000000000000e+02
8.170000000000000000e+02
4.770000000000000000e+02
1.663000000000000000e+03
6.050000000000000000e+02
4.420000000000000000e+02
1.826000000000000000e+03
1.104000000000000000e+03
1.003000000000000000e+03
9.210000000000000000e+02
4.830000000000000000e+02
1.912000000000000000e+03
1.893000000000000000e+03
1.803000000000000000e+03
1.670000000000000000e+03
1.881000000000000000e+03
1.867000000000000000e+03
1.802000000000000000e+03
1.548000000000000000e+03
2.095000000000000000e+03
5.640000000000000000e+02
1.787000000000000000e+03
2.064000000000000000e+03
2.084000000000000000e+03
1.922000000000000000e+03
2.126000000000000000e+03
1.395000000000000000e+03
1.806000000000000000e+03
1.860000000000000000e+02
1.694000000000000000e+03
4.660000000000000000e+02
1.771000000000000000e+03
4.360000000000000000e+02
1.700000000000000000e+03
1.255000000000000000e+03
1.660000000000000000e+02
1.915000000000000000e+03
2.083000000000000000e+03
1.756000000000000000e+03
1.744000000000000000e+03
1.882000000000000000e+03
1.886000000000000000e+03
1.691000000000000000e+03
1.837000000000000000e+03
1.818000000000000000e+03
1.823000000000000000e+03
1.885000000000000000e+03
1.879000000000000000e+03
1.921000000000000000e+03
1.981000000000000000e+03
1.925000000000000000e+03
1.918000000000000000e+03
2.015000000000000000e+03
1.850000000000000000e+03
1.625000000000000000e+03
1.742000000000000000e+03
2.025000000000000000e+03
1.816000000000000000e+03
1.863000000000000000e+03
