5.616655926853839631e-01
1.755822188439104536e-01
-1.343663555221006334e-01
-5.682229392450679484e-01
1.858488776888229665e-01
-7.645425624209973847e-01
-2.512923420606405500e-02
5.874577609538009781e-01
-3.266242697254782001e-01
4.184851898977006712e-01
-3.410782666701788202e-01
3.616611389089499085e-01
-1.001509258953161563e+00
-3.353124001430538570e-01
-7.019137133775217308e-01
7.580550302778163996e-01
4.379669047633178991e-01
5.091434928024183293e-01
9.129347510761931517e-02
1.644191228030526197e+00
1.191874911519255065e-01
1.062923090729217535e-02
8.667926236570266951e-02
1.622251658832443155e-01
-2.286527252201464577e-01
-5.792388170964679617e-01
-1.958092197453655814e-01
-4.753438874223050448e-01
1.456715267431185623e-01
4.389322399712352052e-01
3.670494229627578875e-01
-7.897518622155832446e-01
2.403164289946921883e-01
2.595276156233339293e-02
2.248792849090488488e-01
-2.160659376352356276e-01
9.700535361658610967e-01
-4.186635545752359633e-01
-3.693635776543242599e-01
-3.537107705764075405e-01
-2.315618515830308866e-01
-2.863179358987713030e-01
-3.890284178535088344e-01
-1.029564883431488997e+00
3.765724026888461751e-01
-4.315016807172602498e-01
-5.113217925958313259e-02
2.548767286577948710e-01
2.708906854555745980e-01
7.898583618458356881e-01
2.281563893275251331e-02
-1.624843778502542690e-01
-8.089038845344544981e-01
-3.013980782990124396e-01
6.160658506810072765e-01
2.198127754567247294e-01
1.044029785692931256e+00
-6.751332929154845175e-01
-5.990691209068081946e-01
5.637772702599095354e-01
-1.260819229237419847e-02
2.776760592230065328e-02
-1.377708923165528176e-01
-7.421690009034254132e-02
-7.996592676596767646e-01
-1.098980292120730340e-01
6.194907577358694795e-01
3.055356859274747094e-01
4.151335742845985166e-01
1.837333271713568195e-01
7.411288236569983923e-01
6.232528295838344334e-01
-4.866519797381929635e-02
-5.174023078760061622e-01
4.507347201484694921e-01
-5.452249454873836498e-01
6.231873094401931823e-01
6.307416938188792344e-01
2.275524597737828003e-01
-5.946514866407337507e-02
-9.479524930570182306e-01
1.574225922002527867e-01
-6.185761012139128212e-01
-9.016989064937597220e-02
8.226865347927159178e-02
3.522625406538351100e-01
2.156585189838642336e-01
-8.942118944121446589e-02
-7.985572820005426564e-02
2.040224557087082502e-01
-2.664956679891599123e-01
-1.302270003492873585e-01
8.957103861047164273e-01
-2.151135625134346085e-01
8.121427208453679825e-01
-5.296223314745249766e-01
-6.570369641305227049e-01
-1.903396979849487636e-01
1.284771171176024573e+00
-8.765968310930958296e-01
3.422582491782213410e-01
2.259314147445392607e-01
-7.751251473565323735e-01
-1.604634732007310660e-01
2.709585628111259581e-01
-5.114931018153923148e-01
1.171743606190840836e+00
-8.706310654521907111e-01
1.267757421951141161e+00
2.064491324914605741e-01
-4.466749070922340081e-01
3.292860252993765613e-01
-3.903861669476977880e-01
3.308455915339711950e-01
-3.035728671451218830e-01
1.924274493764857041e-01
4.169717636844705311e-02
-1.602555143824986317e-01
1.239905078336819955e+00
-1.760929425899151468e-01
-2.610070268125852522e-02
2.624795587881232350e-01
3.230601288223784451e-01
-4.371407979464496663e-01
-5.285311399350618444e-01
-4.159733049487455148e-01
2.324013829573239320e-01
1.058268398046614323e+00
1.865872777055619380e-01
8.392756131682688192e-01
-8.810099298352422892e-01
-1.994190916431968219e-01
5.084104101920292607e-01
1.329479056344117005e+00
2.046361111421122203e-01
-5.129201612233647012e-02
-6.325606045506493302e-02
-3.177269883137263662e-01
-1.090324984078266279e+00
-3.185851926018479219e-02
-1.259072329026835746e-01
-3.993241799674365211e-01
-1.345205020487494352e-01
6.272439099435755949e-01
6.114335612846897305e-01
1.061043384614297480e-01
-1.204294674851338343e-01
1.207116824006146061e+00
-7.822605902905817032e-01
-2.990226293377489242e-01
-6.472883904466675276e-01
-1.699379603125210636e-01
-2.020047848476771435e-01
6.439538287558699281e-01
7.140844089588762600e-01
-3.780198003848171950e-01
-2.377091868853931089e-01
4.651865920386981657e-01
5.972568572019829602e-01
5.369915215319762680e-01
-2.826906508324000811e-01
-1.113675289131346169e+00
8.997763585870206526e-01
4.214036967747762930e-01
-1.129338414158640447e-01
1.484508197625483916e+00
6.333738438496823164e-01
1.056804111345450714e+00
1.237832460149425273e+00
-2.971752594847725248e-01
2.465676814485124879e-01
5.246069218778295351e-01
5.803427854913500994e-01
-3.809398252558366949e-01
-1.384458532052690316e-02
-1.179269233981325993e+00
-3.242112489216015803e-01
1.006795151429025204e+00
-5.376061851287676774e-01
5.527107254308285533e-01
-1.108929067884469877e+00
2.085173774330115748e-01
3.067636599947221043e-02
-6.270732205382687496e-01
-3.135074185934918489e-01
4.647662273373898145e-01
1.824526540848916412e-01
4.595638059818636378e-01
7.831566918414623046e-01
-6.230146431924197259e-01
3.289171805114730063e-01
3.299560816855438006e-01
2.611439734510776489e-01
1.840208974590673563e-01
3.924429315773547700e-01
1.157985601192326186e-01
-6.561747642029560623e-01
-1.398104946958342865e-01
1.388881595250213152e-01
-7.388243626508472772e-02
-2.530924111851691194e-01
-2.483883184876916062e-01
-4.908629806985427280e-01
7.016926481629930379e-01
-4.238256659372705570e-01
3.207932335119956235e-01
6.073073219540949808e-01
-6.351297481825399771e-01
-2.670627514108900868e-01
-3.015264949330287436e-02
6.061196711681393623e-01
6.312528363793656894e-01
2.599484690553710564e-01
-8.274743027547781793e-02
-3.870921313893376237e-01
1.408774124751133172e-01
2.422826166678433424e-01
8.957850375367701901e-01
2.661304370396795349e-01
-1.478043024224087176e-01
6.047910791038324518e-01
1.855321709224764248e-01
4.845563618088295499e-01
-4.174537936571205421e-01
-5.384780339085342149e-01
5.559322713853109832e-01
-3.911815742820845543e-02
-1.021814312589546248e+00
-3.694180926003376442e-01
-4.267640462939068513e-01
-6.068162946107307221e-01
7.787455797484543751e-02
3.333987380288228053e-02
4.450973817867183158e-01
1.160082728014639741e-01
-2.835749321108851362e-01
8.982511619361410737e-02
3.972815352880818551e-01
4.094341128033027744e-01
-8.698839281909362953e-01
7.163959331076927839e-01
-1.000574544144214872e+00
-2.311583574209485903e-02
2.564572542557250756e-01
3.472736635485205170e-01
6.560883466822424737e-01
6.141234267989954532e-01
7.135317485970649187e-02
-1.277011111435899515e+00
-7.851097490753113917e-01
-9.244144027610090575e-03
5.147662640379913057e-03
-4.587446726162731636e-01
-1.484980318994271187e-01
-1.021357479337648755e+00
-1.000499988196965617e-01
-1.449138431588270493e-02
8.433852127846463986e-02
5.622337415843725594e-01
8.099908105634776589e-01
4.673751604587863540e-01
-7.881880455573231359e-02
-2.972538462373908175e-02
5.849754366886150692e-01
-1.765220389121608946e-01
-3.539710807579830032e-01
-2.627145697906483335e-01
1.239947383525326075e-01
-5.513931430400136335e-01
4.599527446368654182e-01
6.556473648450280578e-01
-5.995076805341561510e-01
6.056997310073874985e-02
-6.742102885843390681e-01
-1.027920128342927342e+00
-1.090493476990280541e+00
-3.410225405546665201e-01
1.032841668049818473e+00
6.248669035006493289e-01
-3.349354467361767007e-01
6.256697000113176088e-01
-9.393800686027997671e-02
9.353082953846501013e-01
1.737063471479594057e-02
-2.900040435382660320e-01
5.494540638686906675e-02
-1.593989798127219970e-01
-3.596689127071694969e-02
7.499042076688544611e-01
3.938212633052646794e-01
-3.091096497535783527e-02
7.662369340027375131e-02
-1.212877319995815384e-01
-5.361154081083183698e-01
1.245960625684361389e-01
-6.968416378451376403e-01
2.516630298424962220e-01
-4.149585908489861197e-01
4.994758313443572462e-01
2.684790123387559291e-01
-1.996184004672940659e-03
5.067422633928773124e-01
-4.063298074613044264e-01
-2.951683656222918728e-01
-3.374351892284650489e-01
8.086635697071011819e-01
5.562374822997728785e-02
1.629809489232769693e-01
-1.838376912666097596e-01
1.028984281871009543e+00
2.526503906685189094e-01
2.045548743955389881e-01
4.433288401298094428e-01
-1.646583228458702308e-01
4.254746050461779561e-01
6.151393151941757509e-01
-4.331425019717558555e-01
-5.942185443628069663e-01
5.530757579496379250e-01
4.201999030618210895e-01
-3.507662110109777132e-02
-2.213176693263561035e-01
4.886644787283964675e-01
-7.846150996124556798e-02
-6.014473518544960484e-02
3.870068511598550032e-01
7.158954017622418675e-01
9.876801098548728675e-01
-3.583120737070002448e-01
-2.115177174301603458e-01
-2.259553791687256563e-01
1.091796152540087661e-01
-7.279310100278557627e-02
-3.359930625448228625e-01
-3.968199819237234749e-01
-1.125400804716292669e+00
8.454966196160267344e-01
3.101470157024266427e-02
-8.017192083283655180e-01
2.619303139269932856e-01
-8.847142993588956728e-01
-4.765156731070359086e-01
7.636916210786681702e-01
7.400807487230887105e-01
8.084386399141827440e-01
1.167495760340013788e-01
2.051201840451097880e-01
-8.220870851294819204e-01
-5.778652455429966750e-02
2.123192451615203424e-01
-8.974893237762771037e-01
1.475180944358971402e-01
7.228853686403695633e-01
4.933709081059056700e-02
-5.440837738564239245e-01
-1.160105631773848955e-01
-8.597929638959644905e-02
-1.099478359009298245e-01
-6.894512288851206705e-02
7.573369496738804330e-01
1.058902345476498752e+00
2.416516984801226897e-01
1.559198441685900605e-01
-1.930874513822926630e-01
3.815163941381580770e-01
-3.027160384340659149e-01
1.893338950435108359e-02
-1.902368743494964320e-02
2.725022336251914368e-02
8.281982064616544292e-01
-3.895963299977989180e-01
-4.819520356949036355e-01
-1.566512013627523459e-01
-7.551080580701308165e-01
1.414698679001524795e-02
-4.640676320785317444e-01
8.135271817081068946e-02
4.079411896648483804e-01
8.348708754736300364e-02
3.628634212113412971e-01
-4.817162087988196006e-01
-1.046747687939841853e-02
-2.222533455902500066e-01
3.064122638240851515e-01
-3.821733630860633113e-01
-3.679290683353162450e-01
-7.149941362665943601e-01
6.601421134693374881e-02
-6.639818136591149056e-01
-2.533609659426581118e-01
-1.015103053245729026e+00
-1.103728689917931050e-01
2.733247083308931735e-02
-5.449856380866560102e-01
-1.557171360165616747e-01
-2.012136061069398352e-01
8.257226496839553675e-02
2.407403196671946688e-01
2.706497937504268592e-01
3.807183316322930722e-01
-2.596305389738295943e-01
-3.506914385587220906e-01
3.438968699884963343e-01
3.328653404626678025e-01
-1.787726219562655317e-01
-5.192042793946223256e-01
1.965937704394660202e-01
-1.289368844404230163e+00
6.973912445080809874e-01
-1.327212154224835849e+00
6.390192212219050205e-01
2.754267468814912689e-01
-1.003167023213768161e+00
2.812116115817309137e-01
5.251363588059598797e-01
-5.469108284901729178e-01
1.269667370771654369e+00
-6.092367648234811028e-01
-5.036001150003661664e-01
-7.544208915937113957e-01
3.546353710100094148e-01
5.145169971051792857e-01
-5.605993963005460046e-01
1.237817111225751887e-01
1.750078598930908669e-01
-8.126116808628571775e-01
5.556060621590290793e-01
7.876933165748756238e-02
3.818940638686205702e-01
-2.087397883760200301e-02
-1.653783350530743768e+00
-3.177995416345229529e-01
6.910870493095835343e-01
7.720841707277923405e-01
-7.925093570528307652e-02
-7.913198949445634511e-01
-1.081720635729190860e-01
-2.660221114530401110e-01
-5.519266973602725557e-01
-2.158888868863186872e-01
9.102688432475840585e-01
6.947727380988624191e-01
1.506968835019524278e-01
-1.332799063569529707e-01
3.739942439968935162e-02
5.616474369483785978e-01
2.438355284548432422e-01
6.262327955707469584e-02
-7.021992314618108466e-01
6.900964092097181535e-01
1.222708404975660912e-01
2.572923731914560364e-01
-2.757806288184205812e-02
-2.463564987817612462e-01
3.110250028572760783e-01
7.163259415934630780e-01
3.596115110834023909e-01
9.022564278042901620e-01
-4.298844761067490694e-01
1.304943597434284897e+00
6.948961373795006224e-01
5.829529116596212646e-01
7.856623619636646794e-01
6.834001834568166345e-01
-1.026309535536142903e-01
9.402667718093749016e-02
-4.800731498351940019e-01
-4.441539891224168812e-01
3.538859802719640513e-01
1.111999897884010657e+00
-4.575390590080399278e-01
7.206230595941898187e-01
8.973363994255407761e-01
5.926826105221651986e-01
4.789935255516741819e-02
-1.629627548790253400e-01
1.005111183311679923e-01
-4.145617680970792307e-01
8.633975608995738682e-01
1.085939798654244726e+00
-4.240818399276307105e-01
5.833663984141814751e-01
5.026270105887302719e-01
8.676717670739462207e-01
2.945387290473568953e-01
-1.108584947374842145e-01
-4.016878233531988585e-01
4.267024587501584421e-01
-6.661468681119906421e-01
6.115399178860858598e-01
-5.821715963215856604e-01
-8.739246915333964694e-02
-4.371503337816076140e-01
6.850218411794291029e-01
-2.611064064492154557e-01
-5.780078563133095315e-02
-5.910933040802639482e-01
1.040419160672665377e+00
3.442206294112359899e-01
5.626347305298686763e-01
-4.018415239576835774e-01
3.067537754961513485e-02
-2.108741520619217269e-01
2.314310276072166772e-01
5.760049912126898874e-01
6.734365135388289403e-01
-3.798098330287729141e-01
-4.080847799189859515e-01
1.191551197705358334e-01
-8.762923351892588641e-01
-7.792708908140575375e-01
2.015249677370780645e-01
1.028658361356788120e+00
-2.637808877802072516e-03
5.544918513386907222e-01
-5.327173246060024070e-01
4.662879682615965748e-01
-1.095706910921983912e+00
-7.865419411203422584e-01
4.244767985849495773e-02
-2.774730752829404068e-01
1.264315617714584228e+00
9.670319543435343945e-01
-1.919724217883391759e-01
-8.357419868049849043e-01
-5.229604942927315037e-01
-2.871754006123357073e-01
-9.217961657967963518e-01
-7.018514387149137335e-01
-4.762089168253940130e-01
-9.419629309670352058e-02
3.875469510313749311e-01
-3.944557333579492564e-01
-8.225463477354431063e-01
-7.992987004468474765e-01
6.090243974717690634e-01
1.339013881023634056e-01
-3.634817230344573602e-01
4.439234403936795914e-01
-4.930828991027880193e-01
-7.748807860031714512e-01
5.013887598703892223e-01
-7.496971264033005511e-01
-4.373160760288721249e-01
5.241452444541163658e-01
-3.575002040734052144e-01
-2.381167744724912438e-01
-1.629618516065705514e+00
-7.035434637002744296e-01
-6.708509943225973160e-01
-4.062687729005931558e-01
-5.059239886819675291e-01
-3.385947925182382079e-01
-1.026591820409032962e-01
-2.045156142473771865e-01
-3.630678479039506357e-01
9.818836208717049985e-01
-7.776289098833473190e-01
4.212278272317737660e-01
-5.429132168287154059e-02
-1.328558188085180447e-01
4.660988293152108497e-01
-2.086550626694636534e-01
-5.990083934512941966e-01
9.383675047906603339e-02
-1.235122143848056631e+00
2.557699138468265687e-01
-3.034758496372260694e-01
-1.124800001450501519e+00
-9.421478207675892946e-02
3.269722246594959358e-01
-1.650849480044769280e-02
4.593368403816118217e-01
3.933487592463968952e-02
-7.575722037867818059e-01
2.091964522089737599e-01
1.594221168202034633e-01
5.585161823762216926e-01
8.515829928030260731e-01
-8.157582130748242122e-01
3.962301880567489221e-01
-1.990533167735737408e-01
-3.930087889294240355e-01
-4.259104500108898961e-01
-3.002085691244555932e-01
1.064298293561054543e+00
2.363164850962062857e-01
-2.227021283299812637e-02
1.325581086077578519e-01
-5.290477871003496091e-02
2.730772361899518330e-01
5.405811579561792257e-02
-4.236498898403295854e-01
3.867543787094041008e-01
-2.717265831089274997e-01
1.427267817145070339e-01
7.023872140088922578e-01
-5.445775308304821039e-01
4.261274358029654152e-01
5.997560600783433671e-01
-7.985857824433582053e-01
4.780954695969619195e-03
2.194695917297009302e-01
-1.592527225109714450e-01
9.062223618084486176e-01
-7.173178613673787396e-01
1.318737463183783376e-02
-3.634748043485265256e-01
1.241994507561146044e+00
2.554328687840374812e-01
-2.434561145233207213e-01
4.229390477575432072e-01
-1.665170537800513273e-01
-4.353770894308688355e-01
7.804701568176604098e-01
2.474560394034730493e-01
4.180499485980853080e-01
-6.131198916131728183e-01
-5.002871111918585356e-01
9.543533334688794056e-01
-9.297077742256973920e-01
2.484399437023316892e-01
2.465472001247324130e-01
1.771721740812672863e-01
-1.527575078512611206e+00
5.531145876517564730e-01
-3.599729536964382248e-01
4.986766804852305057e-02
1.263895946699047812e+00
7.368890635642832976e-01
-1.349509160503339356e+00
-1.121270210649694121e-02
-4.312154499855580525e-02
-2.236599304414905731e-01
4.923102041042426436e-02
2.576537524051794037e-01
-9.465284345483304662e-02
8.184618175085134339e-02
5.101371697561667418e-01
1.869148114063934329e-01
-2.256583858993952418e-01
-5.306828698107723952e-01
-3.776281559985514846e-01
-4.327785597685895880e-02
-2.799806422153290342e-01
3.027320349197903937e-01
8.111032429344788852e-02
-8.418369126381772816e-01
6.030046539351801016e-01
-3.400860234055329556e-01
-6.978732192733012596e-01
-4.818599553894022947e-01
-1.083955752198193068e+00
-6.059860259599769705e-01
5.259810286873332075e-01
5.954481267327444982e-01
3.979545698788946595e-01
5.632583028354352095e-01
9.050110558742652245e-02
-7.293055705415696366e-02
1.261044154697197328e-01
-1.554846886373129067e-01
-3.682937046600720521e-02
-6.452988907274228580e-01
4.820211839013577304e-02
5.598980664425745601e-02
-4.905465784203579815e-01
-9.410284769609349453e-01
-5.313186449753972695e-01
-5.458485829815931112e-01
2.952878961308336159e-02
-1.132343433712752478e+00
-8.307602106596192471e-01
3.593891273693108346e-01
-6.861516378694370033e-01
-1.499655375013455583e-01
-2.646382966432128114e-01
-2.308144321591463211e-01
7.576871028426266363e-01
-3.164313901444115729e-01
-7.021238494637191963e-01
5.790736443303501346e-01
-7.971538722952082878e-01
-5.015696599780348208e-01
-9.210930378978208211e-01
-2.010450876116829377e-01
-9.049050497822861416e-01
3.351687972975732066e-01
-7.554635144536590019e-01
-1.183607445429946559e+00
-2.021630741231605910e-01
-7.903483720906043786e-01
-3.698251216141130726e-01
-5.094190032867196294e-02
-1.271279306901629269e-02
-2.560206429252902538e-01
-5.104824267385197345e-01
4.991738138228676291e-01
1.603728591645658952e-01
-9.892471673462939208e-01
3.647515833003911467e-02
-5.155985383422478918e-02
8.456538421004013983e-01
-4.883207172114323313e-01
-1.504539657832184574e-01
-1.191583779833429446e-01
-6.672887320643798859e-01
2.304535381173611341e-01
-3.313345478756932749e-01
-3.891171301702129881e-01
7.144129419918332502e-01
-5.401910237585729746e-01
6.346592626517377767e-01
8.963829251381856267e-01
6.888469566486907780e-01
4.266710062962495442e-01
-5.127994830175337526e-01
2.579752941713753245e-01
5.421986707629677937e-02
-4.139493463552730290e-01
-4.464251890007950863e-01
-6.768196284128702445e-02
6.454831812443710959e-01
-1.149963590255218548e-01
-2.821129205941987905e-01
-9.631540198948131959e-01
-3.890018347517072428e-01
1.951711825373934062e-01
-8.259790378264098010e-01
4.117599546716945724e-01
-7.699069327442860100e-01
-2.775173217073234611e-01
-8.331201459783619256e-01
-1.087297622007472597e-01
-3.388292607658076605e-01
3.768251824520509885e-01
-4.255705383809793574e-02
9.470219896058829079e-02
2.012058138438010957e-01
6.685524909453377518e-02
-8.429167090011011609e-01
-6.690366266216436486e-01
4.751647259985869454e-02
2.290223862289053613e-04
-5.862471912384616957e-01
-3.767051802818510708e-02
-2.882638334028717608e-01
-5.416919127503394549e-02
-3.773067746872804662e-03
2.486495433385584874e-01
9.606937843543628119e-01
4.279685083601547646e-01
3.611419904963302230e-01
-5.042631147248517465e-01
2.527498303549755576e-01
6.243103192652608158e-01
-1.168225091111256830e-01
8.604821904806767563e-01
-4.493785074605529672e-01
6.450417637685657013e-01
-9.997317635089189025e-01
-7.919079048932875509e-01
3.644383090540266323e-01
-5.714750350313657634e-03
8.814404784203677679e-01
5.530096421889272307e-01
8.007576458045040368e-02
5.630391722492706919e-01
6.466281458108777969e-01
-1.674726077469967933e-01
-1.351714364251818790e+00
4.871323630988877440e-01
-2.704620563940434153e-01
-5.719918174982252523e-01
1.562236063603155145e-01
-4.954124622231876884e-01
4.567536581809914509e-01
2.971879801947014954e-01
-1.365401759460462827e-01
5.686059549577660022e-01
-2.859301697398510811e-01
-4.044098122783079674e-01
-2.747235776822316566e-01
-4.664034578041089674e-01
6.107559438701670729e-03
-2.428551631107991327e-01
-5.369990347429336452e-01
-1.435286978406633551e-01
-3.286141110797515807e-01
6.202747415717073665e-01
-1.970414414391505886e-01
8.634856929890064592e-01
-3.209891430504008270e-02
2.127007347570328832e-01
-8.123121790238485573e-02
4.316445467460461316e-03
-1.163085874288780630e-01
-3.438172375181407503e-01
-5.069658160611885123e-01
-1.532542654394575266e-02
4.092216070808598616e-01
1.713102616674566647e-01
1.201036934456708671e+00
-5.015661772611839098e-01
9.523265882155680373e-01
-9.120236657524749546e-01
1.633420831588097144e-01
-2.513530603428044685e-01
-1.232684321797306026e-01
-6.036618557708468558e-01
-1.934910202711117577e-01
1.148495871358843345e-01
-4.509738729411276736e-01
4.471626361612184297e-01
3.025626642081409301e-01
8.218206178851339416e-01
-2.971176529053387583e-02
-1.250973411016909065e+00
6.101136519255225821e-01
-8.705038532556121922e-01
-1.789352722371226889e-01
2.809859972700259334e-01
4.848518237328978131e-01
1.223984034220899630e+00
6.283192446651444385e-01
9.322724407858977713e-01
-9.494393786151178460e-02
-3.762511444707072883e-04
-5.843207351913104475e-01
5.064288745879110820e-01
-2.794374300650952492e-01
3.944051895088120929e-01
-2.033314982520337821e-01
2.824706591833017200e-01
-3.045189640747159032e-01
4.381582894740105871e-01
4.130606991179774923e-02
-3.511355782270957349e-01
-4.514572509027914293e-02
-4.767528672137633095e-02
-6.293167623342288408e-02
3.646389523493347440e-01
-2.701326151486318494e-01
-7.929896841842101196e-01
5.071280863767810843e-01
1.404682810481254762e-01
-1.045736775429037202e+00
2.314572678448811871e-02
4.431540792170469700e-01
-9.384017419385592973e-02
2.919979257511950976e-01
-2.959080154258435513e-01
6.165686551087929956e-01
1.321036486544696409e+00
5.190244505147543208e-01
1.488470068728950935e-01
4.251162137402442198e-01
-2.546103435438737961e-01
5.288216865997199534e-01
3.103243904932320163e-01
-5.188253067353523207e-01
2.068884725179689354e-01
3.599819255924714412e-01
2.205064258309477054e-01
-2.355260001040333506e-01
1.431324867806242906e-01
2.859547700740119325e-01
9.001192778637694403e-01
1.076604725321592682e+00
-3.702081263450196502e-02
1.458718034682657816e-01
3.983668150917161199e-01
1.775288194316493318e-01
-1.809117473510548635e-01
-9.484773763465668139e-01
2.505115202320826739e-01
-3.513268198576513512e-01
1.308916726217677962e+00
-8.671568607879560631e-01
-4.392726425624635667e-01
-5.924708567736001186e-01
-7.609413143996146545e-01
-8.177774638654433659e-03
-1.465968576315539451e-01
-2.006365318024077027e-01
-2.798033624055387136e-01
-2.095919987634129456e-01
3.449548725949647121e-01
-1.293008759318911238e+00
-2.995625351907253986e-01
-6.348977478909141325e-01
-2.273261009147473644e-01
1.870794460345557297e-01
-1.523076193831994551e+00
-1.963415551948077820e-01
9.358838428330038539e-01
-1.088987750944165889e+00
-8.645739694478216109e-02
-3.460542943572155750e-01
-7.962424433140622426e-01
-4.756662633972279508e-01
8.649095926185257355e-01
-1.093404224401754554e+00
-1.440367297171896155e-02
5.084473761911301182e-01
5.973578642953363271e-01
3.737269159299856369e-01
7.658439982492826203e-02
8.448048631436932965e-02
-2.093321506799705745e-01
5.467471298229558130e-01
1.071008507737953863e-01
8.544195403183323378e-01
-7.388389349971262732e-01
-5.629688662150407197e-01
6.913461514876750869e-02
2.917146411921240912e-01
1.411658405500206825e-01
1.184639843009724913e-01
2.587998676248037810e-02
-5.038098883687940344e-01
4.947788430131394577e-01
6.308938699526054350e-01
-4.038265835386258829e-01
-7.674544130564697753e-01
5.045351565216638079e-01
-1.379077248732321070e+00
3.511675774256222127e-01
-4.151445290983364345e-01
-1.213281398042296289e-01
-5.668675008219548062e-02
2.699162682001601254e-01
-1.398276230970552092e-04
3.514718611785392355e-01
-2.133035841099069074e-01
-5.468210504056418841e-01
-1.766267503694907148e-01
3.669871595729601310e-01
-5.887313762278454377e-01
-7.400976081305081777e-01
-1.040909252971490062e+00
9.387647146195767789e-01
5.491533693317229847e-03
7.014705160325540589e-01
-2.387851736169359640e-01
7.071541534307002053e-04
-6.454499536342872545e-02
-1.357046885532025016e-01
-4.171153256708723944e-01
2.444644751251967563e-01
3.219012053488281566e-01
7.916395806915019762e-01
-5.963959543266099672e-01
2.919932151757880234e-01
-7.143424557502919825e-01
-6.151586577102410303e-01
8.818418866176269688e-01
3.066248084083902370e-01
3.766703336326449048e-01
-4.268799412463817333e-01
1.215966988640051483e-01
2.938161643744230389e-01
-1.394354874258326937e+00
1.092002975948112464e+00
4.050657255255796230e-01
-4.111430491059122616e-01
7.845754830550966119e-02
1.028735199002266398e-01
-3.864541241589964926e-01
-7.041291225425503342e-01
-4.241018371595206560e-02
5.265649852876164161e-01
-7.036096311570414485e-01
-9.032830325622338563e-01
3.986185248840632411e-01
1.037147426914511783e+00
1.713717169078332603e-01
-1.999501558148422120e-01
-2.051831947643920628e-01
1.086466984038151118e+00
1.183254497534442784e+00
6.387393119585684786e-01
-1.229530788726389545e-01
8.676172806835760198e-01
-1.127800309537256851e-01
-5.428919396867142311e-01
1.775345828622931776e-04
1.285840223423484474e-02
-5.115608456999520826e-01
-3.317553210520234330e-01
9.481838998064695545e-02
1.480103148336278096e-01
4.152779153147889701e-01
7.663222669125122621e-01
5.187654033811641696e-01
-8.706525721408517882e-01
3.744033387444387628e-01
1.699546940462060007e-02
1.135206999091931124e-01
6.799202111766824430e-01
-3.455984976806885101e-01
5.078005282843545132e-01
6.444304529450946006e-01
5.407080655804286096e-02
-6.649824495911822453e-01
-6.413843257861460145e-01
1.760791840188167257e-01
6.008667484818710491e-01
-9.419171400169545905e-01
-4.564019412601432180e-01
4.701581536261816296e-01
-1.866833761151909243e-01
-3.667718869415930172e-01
-4.163154915648927812e-01
-1.066669152570929313e-01
6.463223615231070696e-01
1.508017012606934770e-01
-2.498351558008824469e-01
-3.101743951546733769e-01
1.203969660988782664e+00
-7.772685104512753185e-01
-2.552760544085614924e-01
-7.324198576008384975e-01
-4.642252408859182111e-01
5.412474607097816914e-01
-1.007246263148413590e-01
6.019636049400212130e-01
-5.845302160149064008e-01
-5.389504120790009623e-01
-1.406375235682739699e-01
-1.567720723016412521e-01
3.220856872863446796e-01
-3.004006502830565140e-01
-1.317012919012592320e-01
-2.410739834821207239e-02
6.349998358420627653e-02
-6.316621503202846100e-02
-2.571200223943668206e-01
3.319854389732048716e-01
-3.364872174497115509e-01
6.944395098683635581e-01
-3.706114875229360450e-02
-1.046753144801435997e+00
-1.611987670004486617e-01
2.367185011708627940e-03
-2.359968516455159815e-01
8.172412980477687938e-01
3.345142409645873727e-01
1.247802928319963200e-02
-9.993919828398123428e-02
2.608545007979046204e-01
3.602354637723337305e-01
6.623770675095110860e-01
1.985554754728990901e-01
-1.313324143481988671e-01
-5.598907564321287111e-01
4.399683653540584771e-01
-7.022483510642194560e-01
-7.741983625159525317e-01
-7.654027733292370073e-01
1.010022249725087917e+00
4.685943123628515394e-01
-5.647585136689867724e-01
3.201797206100849280e-01
8.936320156748545074e-01
-6.596514773696693368e-02
3.430604900839213656e-01
1.165856540325680868e+00
1.959326832367125348e-01
-6.039156593939241091e-01
1.027791867846358009e+00
-5.076465367796600958e-03
2.216690152359053201e-01
3.443533623822858658e-02
3.398518694389549566e-01
-6.767257459210611614e-01
4.391156994785783141e-01
-1.450689524444630507e-01
8.891532981687877424e-01
4.041815853533776703e-01
1.113778106317110606e+00
-4.936685320932712173e-01
-7.807810132223096389e-01
-3.391481844881969465e-01
3.723437001499361187e-01
4.755373361483012928e-01
2.816314421157004588e-01
4.421230319200493142e-01
2.489313606699736781e-01
1.220676801380024656e+00
1.798608988098582273e-02
2.154610510378143218e-01
4.944653540430890004e-01
3.583265569808506967e-01
-6.786230219358753146e-01
-4.200737348883949451e-01
-1.128882563261995209e+00
-2.303412772411386200e-01
4.294447762842779071e-02
-4.758055999206192155e-01
1.032988911548393673e-01
1.620523046823540980e-01
-8.802806622402696846e-01
-5.478276041669438712e-02
3.479301551471589704e-01
3.894439056129872512e-01
-4.928442897564604408e-01
-3.639851857302263127e-01
4.215337147865527712e-01
4.715026141050362440e-01
-1.394768990858654689e-01
-6.935030376539614849e-01
-7.564600925016957689e-01
6.541692727412780073e-01
8.804327033077186115e-02
3.775665862439891995e-01
6.997703154157601801e-01
-5.856981489815744624e-01
6.472894478555089037e-01
4.956404946844035209e-01
-2.753495518290653976e-01
-9.020468551490230524e-01
1.562799214928025648e-01
1.372322513598316363e-01
2.193512116619933394e-01
-3.324925500985802529e-01
3.465179210280204813e-01
5.843519875196054869e-01
-7.804891956625148453e-02
4.361209046244702847e-01
1.117059660237007535e-01
-5.363111219568672539e-03
9.224203648145046230e-01
4.875272937517962646e-01
-6.389351174513970832e-01
-1.566408219677615232e+00
4.636224081546034270e-01
3.647418914336961748e-01
2.128166276932823564e-01
2.986815663988533487e-01
8.255856841612807528e-01
1.670004740828199274e-01
-3.523890471979873595e-01
3.293649853548750173e-01
-5.923490626518770341e-01
1.371519623747605721e-01
2.447024689184198465e-01
-4.605963754625452822e-02
-9.539144011483990937e-01
3.686305503774853776e-01
-6.099543729132790304e-01
-3.590011989363013356e-01
5.496382683295877314e-01
-3.965694483239801116e-01
-4.750550598080538478e-01
3.471147400143959061e-01
1.146758937777150322e-01
9.099672616088199106e-01
-2.541641165602133157e-01
-5.779456028937808298e-01
5.090232390526363560e-01
-6.742698797639734565e-01
5.112408809103445861e-01
1.111995337219120472e+00
-8.682939981762896053e-01
5.309554209774081102e-02
-4.931211201807457201e-01
1.943836632794777586e-01
1.058640344670713773e-02
-6.349262001453368498e-01
-1.246848903276118747e-01
-2.733175415032800259e-01
4.186895375716961354e-01
-3.556796753394317889e-01
-1.021001077791360068e+00
-2.384016774628570090e-01
-9.947996422296245811e-01
1.009678718580748757e+00
1.522679928162542495e-01
-2.520862540529549278e-01
-6.371507521447741240e-01
-4.046797047744936648e-01
6.562952482298012313e-01
-3.660776737995394825e-01
-9.829160916296952877e-02
-4.816751032996791082e-02
1.225087462506805558e+00
-1.068755131750851461e-01
-8.945612216859162302e-01
7.931308783674069218e-01
6.977946450961258762e-02
-2.499818864037930410e-01
1.403411362308482069e-03
1.681762341883086265e-02
1.235180868744834903e+00
-5.689161140995384613e-01
-3.403820484725503803e-01
-2.933937847347909411e-01
-8.549532239387254151e-01
3.155425517288046322e-01
-1.033344005023232093e+00
-3.787220937777391327e-03
-9.362789428024074212e-01
5.870468598521583203e-01
-7.868043279533134537e-01
6.915344341828975061e-01
7.618550055514994312e-02
-5.861901181985960108e-01
-3.282278166831726907e-01
4.907483050401584279e-02
5.750161099806119225e-01
-3.493589654400350852e-01
1.029935003496129653e-01
-9.427298466411704325e-01
4.291148285461421352e-01
4.682300797450267282e-01
-3.433707861374140080e-01
-3.395576224799672360e-01
-2.966430110189310909e-01
2.625379761578727766e-02
2.393474751582091997e-01
-1.402836735741138874e+00
-9.767793674878983978e-01
-6.248275655812225438e-01
-6.509487203180066572e-01
-4.941803128975195136e-01
2.558551382632376914e-01
-3.967841552297910468e-01
4.625567405519106501e-01
-7.431124721080060169e-01
1.376630021423022043e-01
4.498615435182928834e-01
5.758844734611852090e-01
1.717523031619849760e-01
-5.386115809002776089e-01
-1.222683531063204043e+00
1.929496042140277368e-01
8.921661171500296916e-01
1.032761249891498423e-01
-2.514128854484827258e-01
3.336401587962436466e-01
-3.399811941213215505e-02
4.833720133324064250e-01
9.555084564683546944e-02
-4.446970439815354226e-01
4.863402650775539016e-01
1.579645783336598441e-01
4.274141838402911731e-01
-1.917166984963190046e-01
-2.245645844597365937e-01
3.506517944043441304e-02
-3.353515344010835619e-01
-4.596414324306454802e-01
1.759452884355008351e-01
-1.434236137171600589e-01
-5.315690689736660701e-01
-2.194852199393970693e-01
2.412240718142264484e-01
-4.869341963295248377e-03
-7.534859712866470716e-02
-2.963047358027193212e-02
-3.244900456491013330e-01
7.469174194200656203e-01
6.645565163931266284e-01
6.524833696609002587e-01
-5.583100232258306761e-01
-1.650345161724864340e-02
-2.091857444600950799e-01
6.640156143101894060e-01
-6.701381325747188811e-01
-8.867753038526346998e-01
3.160976320693285047e-01
3.683278222411257019e-01
-6.054799317989267848e-02
-4.148626705565803263e-01
-1.660832688884144037e+00
7.299980471550711059e-01
3.494968759870751285e-01
-6.066103351909148955e-01
4.028987828611230171e-01
5.513413726342806243e-01
-4.989136778471126021e-01
-8.114820710237751200e-01
-9.447621297290265119e-02
4.737585905353771665e-01
-1.065071903657379693e-01
-1.060159633490511233e+00
-9.971195661454679282e-02
-4.137577178337190631e-01
-3.768069688746056300e-01
2.357360186152179793e-01
4.110883174611483781e-01
6.244945839706215196e-01
-6.902145287198706569e-01
1.936207396783906631e-01
-4.000753597908586201e-01
3.893550036880029097e-01
1.648579131765188777e-01
3.305849018378070880e-01
-1.572048369088179243e-01
1.303672948217302618e-01
-7.132111518119721438e-02
4.317121944566988390e-01
6.731234805774732877e-02
4.965692580431202430e-01
-5.923551637973938355e-01
3.317863437267121185e-01
5.073546072688719377e-01
4.160792998082776251e-01
-9.757697555486917196e-01
6.890214883920355859e-01
9.265521081745031751e-02
-3.489954012809288741e-01
-1.567154774837415943e-01
3.208061262381809442e-01
4.058172814141611795e-01
3.123903572698480957e-01
1.533490293689592221e-01
-1.091779600841786824e+00
-6.086058491453076869e-01
-1.405924677435337333e+00
5.550998064220102890e-01
-4.138911612884239588e-01
-2.110339023816010240e-02
-4.008510519970069907e-01
7.528432472338462134e-01
5.489289940857045025e-02
-9.329737399239945717e-02
3.513194052488231023e-01
4.447304844078372454e-01
3.372568086313236790e-01
-7.499018913981672085e-01
-1.408978699387288813e-01
-5.596734201611273107e-01
2.396957149517966457e-01
-8.953174566438306670e-01
-4.847775915970773397e-01
3.968137988351898571e-01
-4.606849517642954694e-01
4.266131514873450215e-01
1.123059762786122739e+00
-1.513460173388052610e-01
9.900926498742421700e-01
4.426264072581158615e-01
-7.701130798435862346e-02
9.465796135729576122e-02
3.912523155208198489e-01
-5.179005443990263302e-01
2.309341610471307149e-01
7.053277227889331868e-02
2.748090568820575896e-01
-6.358477556690100840e-02
5.828022779736761194e-01
-1.469814499507225314e+00
1.246802664306834174e-02
1.743284552211932237e-01
2.387415184860319783e-02
-7.247910824544927522e-01
-1.195755876588409095e-01
-3.024993312898835995e-01
8.355318767385888634e-02
-3.071435390967902634e-01
6.996067854637217920e-01
2.764230977514436915e-02
-5.627588843340731728e-01
8.326100183846074643e-01
-2.423957225181352371e-01
4.952733805462594674e-01
-6.463500470467122838e-01
1.496289197243427793e-02
5.572720465477480900e-01
4.722643666558736797e-01
-4.951350435603574240e-01
-9.485998840572289481e-01
-4.608972052945059517e-02
6.446153065402704385e-01
1.287246997126647585e-01
-1.694297544806966371e-01
2.081774314524214020e-01
4.288732246078099664e-01
-2.738150791374796000e-01
-1.335998972589154121e-01
4.762108801276596637e-01
-6.264873776700419228e-01
-3.168958242804862380e-01
5.464607996432242487e-01
3.696296652121064952e-01
-1.325216956095541576e+00
2.005560333723810373e-02
-3.531012358916605365e-01
8.132741753542376273e-01
-7.201637914298171239e-01
1.636270165918087827e-01
-2.471080239723555394e-02
-5.352094679347718653e-01
-5.715680677659404907e-01
-4.828335559526131249e-01
-4.866616960142291504e-01
1.050762009555872289e+00
-3.879703781527608086e-01
-3.365375149562144230e-01
5.765567219071909832e-01
-3.027593618943393849e-01
-3.871581413975553332e-01
4.759945439992030458e-02
6.419447146692336403e-01
8.627669487104236978e-01
-2.153591198023079301e-01
9.504296733648818218e-01
6.533064272100599368e-01
-3.518616597093249254e-01
6.579608462802335467e-01
-9.591734895061954091e-01
-1.258339972368677895e+00
1.230774407698125295e+00
1.566259969378078765e-01
2.710933098574788147e-01
-1.131808774481513069e+00
8.026316161170754526e-02
8.915126882640507233e-01
-5.005526711228514003e-01
6.363071503378758820e-02
-9.886279861586100282e-02
-1.448558146314136152e-01
-5.174421188143796257e-02
-2.306949100241419970e-01
-2.370807878732836826e-01
9.404439980098988627e-02
-1.956409411558546196e-02
6.248380615628521539e-01
-4.287449589501157732e-01
2.878999184617558882e-01
2.843165093269375276e-01
4.398414990649506251e-01
7.729725652923082890e-01
9.747012900548330805e-01
1.989042974418353538e-01
3.682708226635380555e-01
7.187978921795954435e-01
-2.926894800484749481e-01
1.201835119388938722e-01
8.483280093038452208e-01
-2.947229398988628901e-01
1.718718847213116518e-01
1.067603680297409596e+00
4.327964660933378838e-01
-1.675261361451507724e-01
-3.762899618316861705e-02
1.676248329928498038e-01
1.762988679419841276e-02
-5.964928038261962939e-02
6.083257703476618872e-02
-8.074654812627013456e-01
1.155952178693818055e+00
-9.132360923422648824e-01
-4.222274992501287016e-01
-6.257203659653240990e-01
4.602028164619191841e-01
-1.510439995174657213e-01
-6.454528876781546742e-01
7.655035226253490421e-01
2.492552002192987004e-01
2.560809179586591711e-01
2.063501108485130686e-01
-3.910609954881358874e-01
-1.253414947663138435e-01
6.273256315134645433e-01
-1.068441616947124473e+00
2.130916375978717525e-01
-1.325128008157239634e+00
5.531090354997223457e-01
-9.073747376280039134e-02
1.007808211394031872e+00
-2.347992280734416681e-01
-3.301418149160406657e-01
4.241937058979505792e-01
3.362297161192309147e-01
-5.781338495389150012e-01
5.657985169248220814e-01
3.156495600766024978e-01
-7.171329922001499213e-01
6.298393077814825602e-01
4.459643595310458508e-01
-8.334507553644687761e-02
-1.548484775040055439e-01
3.042190032165770219e-01
8.644519417104667980e-02
-5.807289517404612411e-03
1.699048799524049969e-01
1.371762672522125470e-01
-1.349258899783336574e-01
7.325198218629269675e-01
3.884477346685946131e-01
8.001466090402962195e-01
-9.247551515893785989e-01
5.541414542131652965e-01
1.189833284444130612e-01
-4.380651518854108417e-01
9.034094217184671649e-01
1.009888500999220895e+00
2.554190034514682850e-01
6.326949866774711495e-02
3.766278770339184234e-01
2.469651393134952855e-02
-7.733546897358678507e-02
3.412596887871703899e-01
2.638127234726281856e-01
-1.251089029763770455e+00
1.001266495994173056e+00
-5.399341023738744028e-01
-5.935320153373755403e-01
1.373821813235642786e+00
5.981975016298939352e-01
4.076345727259731433e-01
5.633019145321460641e-01
-4.226911250941327580e-01
1.023214371096901054e+00
-2.777185270827553509e-01
-4.584983000845799239e-01
8.794181645959797677e-01
4.334116613373764082e-01
5.943441351944773743e-01
1.544142477616228248e-01
8.622827159121548846e-02
4.293716024352631777e-01
-5.161521270252480420e-01
-6.744482230372499387e-01
6.142984791068801798e-01
-6.278346612228213885e-01
6.094300624282116274e-01
2.376531592226172052e-02
2.984234204061628759e-01
7.001613107088200394e-01
3.806119235269918022e-01
-1.703841161099717283e-02
5.252829089428159293e-01
4.011189659860647794e-01
-3.959336240324606848e-02
1.012666519527797959e+00
-2.642437638064460970e-01
-2.229094953053110117e-01
2.720561257202724903e-01
-3.979703069851145969e-01
1.486424892456019720e-01
6.177257692973938674e-01
-7.503428203064395063e-01
-1.040244686276183828e-01
-2.763696542908089526e-02
2.378609514015899151e-01
8.428910727631464539e-01
5.389595956771646712e-01
-6.867816683118199705e-03
3.203380967387499112e-01
6.605516461292637587e-02
-1.223070027846354435e+00
-3.816109372781486542e-01
-4.875105741607912435e-01
3.608938919660715783e-01
8.263384472352601762e-01
1.071608477172355300e+00
3.864994166574051704e-01
5.485349821914811130e-01
3.146071978242837019e-02
4.527321982284231439e-01
3.879247435402746191e-01
8.769560362671029452e-01
5.511284363657686924e-01
4.068110678021286120e-01
2.817421495298066958e-02
6.062092738603475084e-02
-1.255196961187508009e-01
-1.065875634288278473e+00
1.997363196805403973e-01
-3.543861699596799752e-01
-2.922217144740892891e-01
8.903055643807249453e-01
-6.221787670154910188e-03
2.060703146329103674e-01
-1.303587501794627457e-01
6.674642480773949060e-01
-1.947892069035486173e-01
-2.818670986721469873e-01
3.663399609535344936e-01
1.388456324735498626e-01
-6.276666577103613420e-01
4.554714138428748171e-01
4.067489535703163739e-01
-8.646201864137834647e-01
1.947670743549467787e-01
2.119181312111972915e-01
2.905457728414315710e-01
3.475218364298351403e-01
4.726690000249949009e-01
2.885102277859683539e-01
-8.546487299777449920e-02
6.029185392236691143e-02
-3.909916713707506375e-02
6.167109309566889408e-01
-2.489890083346466554e-01
-5.348617455779072216e-01
-5.059755719033391941e-01
5.530230906584856498e-01
-3.706200121814458015e-01
-2.243861644304638858e-01
2.733918450268193467e-01
-2.566044113855001640e-01
-4.811493294369828533e-02
8.556217033146342743e-01
5.553147021486317669e-01
1.241828085117813174e-01
-7.265458481381994460e-01
4.450042388696751061e-01
-7.494841557791858122e-01
3.382115441744950601e-01
3.548515676304440092e-01
-3.675612838252195758e-02
2.251177244033728542e-01
3.749986494648016588e-01
5.401432407128456958e-01
1.000956862442370365e-01
5.067271958047854241e-01
5.692612207147416115e-01
8.220539606005416999e-02
-4.004882981646362694e-01
5.006467807793075764e-01
5.410262279942372743e-01
-1.362020721429550996e+00
3.143821153490131692e-01
-4.795029433118891404e-02
-2.000233331093568268e-01
-2.316062688792532853e-01
-1.002630239049425498e+00
-3.016895698064452347e-01
-1.768802937824984767e-01
5.081553717324327479e-01
5.102147401281893480e-01
7.975575286382952100e-02
9.266266781200815927e-02
6.759216751374967913e-01
3.947105995706579051e-03
-2.231276236937222990e-01
1.006253520442169425e+00
6.600009782874671771e-03
-4.294577477012513356e-01
5.135791953256756415e-01
2.380203297332474932e-01
-6.474149934550856855e-01
-7.084753415668512133e-01
-3.505132608809482520e-01
-5.929290466773613488e-01
-5.269535249284986733e-01
6.798024031507150511e-01
4.678396605935217778e-01
-8.331664477984546124e-02
5.633120343530588769e-01
-3.626600990658888080e-01
-9.140352487705625251e-01
4.738697095288380012e-01
-1.620393910638120438e+00
-1.057469667079464770e-01
-4.531885256896845959e-01
1.152892812674046752e-01
1.230215160136136632e-01
2.514436467256633279e-01
9.220965062607513474e-01
-1.728096522517317268e-01
-1.375507832860538571e-01
-4.615974746096176418e-01
-1.277088813490481201e-01
4.595986014676958220e-01
4.272873626138249392e-01
-9.349969393970622988e-01
4.600743978263341916e-01
-5.774164976369533520e-02
-8.634154828039086738e-02
5.306979572458043748e-01
-1.010502738831712044e+00
-4.605816196170700039e-01
-1.154391710936168991e-01
-6.453970314281498588e-02
-3.723201192543328375e-01
4.277845358556131572e-02
9.282403825021035004e-02
-7.179129033389486381e-02
-6.386165281604361255e-01
-1.166079410581943421e+00
9.002435253353979761e-01
-1.972574376154749842e-01
-7.859153079933589581e-01
-4.184513263020939178e-03
2.158262687987955175e-01
-1.547838275974386946e-01
-3.307171568424491781e-01
-6.812550408443467376e-01
-3.233899734324383601e-01
2.671546547607741573e-01
-2.593818907342528846e-01
-2.755732692898318348e-01
-3.731353795351495251e-01
-4.257247113853388498e-01
2.573772664811855293e-01
-6.813686663454401327e-01
5.127929264670436638e-01
8.248895957318422845e-01
1.007939840058178049e+00
8.400293151114546220e-02
-5.638761267351419804e-01
-8.342444012298857459e-01
-1.912971421721474385e-01
1.769759158715640268e-01
5.827178049708763297e-01
4.372765354613905586e-01
5.873421807894265712e-01
1.797831524438109341e-01
3.986024101194569624e-01
5.462213199135028674e-01
7.539176711552597610e-01
1.110035533120614204e+00
5.950706413841260201e-01
-1.933428245006254542e-01
4.225918862534179254e-01
-6.984810018135245713e-01
1.085656329681592425e-01
6.404666070404836375e-01
5.074843089598424228e-02
-1.551367756571014667e+00
-9.102825501401081709e-01
-6.564924756956616037e-01
-1.585296110462532937e-01
8.593979555145034865e-01
-4.427184939822028653e-01
1.704141357403852197e-01
1.755224751718840182e-01
-3.956221123880201418e-01
8.649021995909187410e-01
-3.369214736027128509e-01
-3.075253064376424206e-01
7.001535541987031763e-01
3.246646048724697309e-01
-1.744279597426068307e-01
-4.941135981219257900e-02
2.708305060787461471e-01
-4.986198716527798780e-01
-3.479444418876997958e-02
1.251548584730342029e-01
2.515988815448944038e-01
-9.770262980367805383e-01
-8.501048665092714174e-02
-5.042218884877138763e-01
3.411395185428824917e-01
-1.010654470145784245e-01
4.775782034882301019e-01
4.307760799669839713e-01
2.345703078973766509e-01
-6.474191895450314149e-01
-3.334026203617304063e-01
-2.188453301017556640e-02
4.071154133529564234e-02
-4.984684069356948299e-01
4.664819701382372230e-01
-1.849553327533870473e-01
2.869060239347813734e-01
2.209000304344099774e-01
-5.668989536932658169e-01
5.164023288070609397e-01
3.030920732418698194e-01
8.888231620797082400e-02
-1.108264021078755324e+00
6.338978335206357784e-01
3.680393280811156131e-02
3.246478176798390791e-01
1.789308436152667880e-01
1.494830018299979635e+00
3.086513149997394123e-01
2.106345431920244593e-01
-3.494777678958325140e-01
2.813120588228592567e-01
1.201800881940680021e+00
1.587398622932409964e-01
-7.057323643001529589e-01
9.783564034668579268e-02
9.578349681098066171e-01
-5.199966125272581507e-02
6.773574743522932096e-01
1.000476948618582718e+00
-3.794319662717686725e-01
9.857724655663124835e-01
-2.384115433499340853e-01
2.933915354091984895e-01
1.644194996683880916e-01
1.279444620958676282e+00
-7.747121635398377393e-01
-2.650133882266612062e-01
-4.367354756588532894e-01
-8.554309153307979585e-01
6.657751099677309270e-01
-3.906713099004592848e-01
5.804145047473063812e-02
6.872293880093538476e-01
5.100495725865972219e-01
6.204703082436635597e-01
-7.493292927629990885e-02
2.556275002645467254e-01
6.122718200845236325e-01
6.458060841692825349e-01
7.172138321834253816e-02
3.186283167444345921e-01
2.916368647071410081e-01
2.685565236852998083e-01
9.553725148043312743e-02
7.665284192066188496e-01
2.923228558634178853e-01
1.492692228351923944e-01
-7.681359341739186775e-01
-5.271958038530142332e-01
-3.557489389713195393e-01
6.011224477403951383e-01
2.411699352929090878e-01
3.990815807640748503e-01
5.557882241155454039e-02
4.109907557546224055e-01
-5.508797087979422358e-01
8.926077909378982156e-02
-3.441641230129901530e-01
5.153510677960504438e-02
7.949793883880786893e-01
5.111080218945396325e-01
-5.516040438464298035e-02
-7.561225869438530367e-01
1.256116065253642944e-01
-1.384311495079266763e-01
-4.864223569939154501e-01
3.211380993751173918e-01
-1.037718155836909517e+00
4.306670533082703756e-01
-3.989320915082021912e-01
7.498143564930872529e-01
-5.746722377411321858e-01
1.114859588637076016e-01
-1.518285202797420297e-01
-2.447568114416753815e-02
1.254106744041862953e-01
-2.592947927643649564e-01
4.021987217773448364e-01
-6.958557543779235743e-01
2.431877982183898723e-01
4.354294229234190183e-01
-8.306362374602791476e-01
4.834823675044388480e-01
5.619581159406950022e-01
1.406219522548163070e+00
4.653574965000757402e-01
5.174627049850730742e-01
-6.995013748032050671e-01
8.931022574616438447e-01
5.761012337486430823e-01
2.800373521571373203e-01
-5.310005833179580748e-01
-3.226682514243508493e-01
-1.658621328921245919e-01
-1.668891848506108833e+00
3.169321803390072745e-01
-1.247618085486799089e-01
-3.254638395395028638e-01
4.888562176826969363e-01
-2.583518846624679455e-01
-2.318526133678204815e-01
2.844036415619779490e-01
5.976683023949211915e-01
3.426782212272794226e-01
4.338431688707053979e-01
-4.649093199269263010e-01
-2.111869285616769787e-01
-2.123383100927416223e-01
6.243157865504258552e-01
2.936590494441571053e-01
7.400317914973246758e-01
7.390510617855223785e-01
-2.855195887444494929e-02
-6.512576565291237074e-01
-4.507622160182158666e-01
1.144927409973343302e+00
-3.211689625593869835e-01
-7.215625694473271068e-02
-8.445060897050744586e-01
8.455366270211062130e-02
-3.003491412903951385e-01
-2.818775773007207164e-01
5.930385212170268261e-01
-7.281637818286732511e-01
-4.425063930817554336e-01
5.348410058674186729e-01
-1.701771684134936180e-01
8.017635720832174684e-01
6.128177174728755006e-02
-1.869447161032233851e-02
6.861431540760509762e-01
-2.667675728856444550e-02
-6.654418402187012305e-02
-3.501797209578869641e-01
-2.260835593074190797e-01
7.418494219453712901e-01
-4.286706353075109277e-01
-4.384194500489968505e-02
-2.349228451473956980e-01
-8.816215610574307249e-01
3.553086234627400586e-01
-4.738587743966959920e-01
-1.071072566102755363e+00
2.541560966808091848e-01
-1.656814204532057744e-01
4.791723871336213136e-01
-1.402107341925536765e+00
5.178901724734537027e-01
6.785016360435385252e-01
8.550000239492208109e-01
-3.489098522460523100e-01
-3.626132348266413175e-01
-9.893382727634314477e-02
4.466747970138529311e-01
-5.920086471878693857e-01
-7.077457206492780983e-01
-1.828692342157518524e-01
-2.291366966956687179e-01
-1.484930162938473686e-01
2.021115198867109441e-01
-3.687630708451257178e-01
-4.662219392843853782e-01
2.596812170857267787e-01
-5.235835250068383573e-01
1.042943736746293482e-01
-1.130740830131783170e+00
2.309550092032530699e-02
-5.881076654505479340e-01
1.072540125844429149e+00
7.133033362301999247e-01
9.003718600458920918e-02
-2.098996188705957167e-01
6.440768424619482957e-01
2.019492192395544450e-01
5.070064460327632361e-01
-1.829451210339518852e-01
-1.719264714347259471e-01
1.315751998831763636e+00
3.701556330563544606e-01
-6.044480906159730438e-01
-5.186042875086096515e-01
-6.946826315120979700e-02
4.764840440732278637e-01
-5.094876035482700516e-01
2.277278031702820726e-01
3.290216757714983231e-01
-6.270681748110655818e-01
-1.114045999781930085e+00
9.249612992284275137e-01
2.290401333759781721e-01
1.941716521160312681e-01
6.708672201107468425e-02
5.460147204884258088e-02
-8.111666023908510326e-01
3.663066117583753112e-01
-3.104747149440942877e-01
2.613329514835838197e-01
1.293842577755999201e-02
6.490677323288185363e-01
-8.875552875619376891e-01
-2.146842195879505866e-01
1.454278185104262988e-01
7.350826517849284869e-01
1.265687177496195304e+00
-1.202611619788660935e+00
-5.817628099619742699e-02
2.899085500255962344e-01
5.672070146591847717e-01
2.901902152848947480e-01
-4.013159524093463659e-01
-5.559850958726233472e-01
5.572768836193020547e-01
3.365252454492475565e-01
-8.773735624192102733e-01
1.188198257018610704e+00
9.672450891177764021e-01
-1.783475195804511415e-01
-4.963311089219164529e-01
-3.504232776246949399e-01
-1.303521655221394404e+00
5.994098093304938146e-01
-4.941061472377494823e-02
-7.430199101484804558e-01
-6.789440688227177390e-01
2.046995139038330080e-01
-1.926727938879420066e-01
3.175532818294968251e-03
-6.890849895852451112e-01
9.543385889185893589e-01
