4.103000000000000000e+03
4.367000000000000000e+03
3.966000000000000000e+03
2.409000000000000000e+03
3.113000000000000000e+03
3.994000000000000000e+03
3.314000000000000000e+03
4.272000000000000000e+03
3.303000000000000000e+03
1.600000000000000000e+03
3.795000000000000000e+03
4.291000000000000000e+03
3.027000000000000000e+03
3.471000000000000000e+03
9.720000000000000000e+02
1.849000000000000000e+03
1.708000000000000000e+03
3.164000000000000000e+03
2.155000000000000000e+03
1.822000000000000000e+03
2.857000000000000000e+03
2.161000000000000000e+03
2.603000000000000000e+03
1.849000000000000000e+03
1.697000000000000000e+03
2.500000000000000000e+03
1.243000000000000000e+03
2.084000000000000000e+03
1.797000000000000000e+03
2.359000000000000000e+03
1.001000000000000000e+03
1.797000000000000000e+03
1.658000000000000000e+03
2.397000000000000000e+03
1.290000000000000000e+03
1.668000000000000000e+03
1.366000000000000000e+03
8.860000000000000000e+02
1.846000000000000000e+03
2.099000000000000000e+03
4.012000000000000000e+03
2.690000000000000000e+03
2.088000000000000000e+03
2.290000000000000000e+03
3.414000000000000000e+03
1.060000000000000000e+03
2.585000000000000000e+03
4.354000000000000000e+03
9.870000000000000000e+02
9.520000000000000000e+02
1.273000000000000000e+03
2.871000000000000000e+03
1.133000000000000000e+03
5.018000000000000000e+03
4.923000000000000000e+03
3.960000000000000000e+02
4.399000000000000000e+03
4.085000000000000000e+03
5.282000000000000000e+03
1.019000000000000000e+03
3.663000000000000000e+03
3.453000000000000000e+03
5.141000000000000000e+03
5.302000000000000000e+03
4.390000000000000000e+03
5.315000000000000000e+03
5.030000000000000000e+03
4.797000000000000000e+03
4.737000000000000000e+03
4.990000000000000000e+03
5.402000000000000000e+03
5.261000000000000000e+03
1.725000000000000000e+03
1.610000000000000000e+03
7.890000000000000000e+02
5.110000000000000000e+03
5.321000000000000000e+03
4.858000000000000000e+03
4.645000000000000000e+03
3.866000000000000000e+03
5.263000000000000000e+03
7.580000000000000000e+02
5.451000000000000000e+03
5.854000000000000000e+03
1.812000000000000000e+03
5.537000000000000000e+03
4.971000000000000000e+03
5.033000000000000000e+03
4.496000000000000000e+03
4.955000000000000000e+03
4.812000000000000000e+03
5.325000000000000000e+03
5.687000000000000000e+03
5.383000000000000000e+03
5.180000000000000000e+03
4.986000000000000000e+03
5.211000000000000000e+03
1.109000000000000000e+03
1.037000000000000000e+03
4.759000000000000000e+03
