1.523569261082489135e-01
-3.739870966750533654e-01
-7.957857069375871006e-01
-1.860737181374814142e-01
5.784769977999140167e-01
3.272162131766478410e-01
6.051755396272007204e-02
-1.960439699267633173e-01
1.252743633234967291e-01
9.698179428228828058e-01
1.254439802802600923e+00
-1.176525526828058332e+00
8.295164562576680112e-01
7.905259366035801705e-01
-4.372613570014136641e-01
-6.418301200065279488e-01
1.094458609245201330e+00
-9.753105064811329328e-02
-9.730911053984954151e-01
3.408050752049351928e-01
-1.009019054555228223e+00
-4.986132574588904021e-01
-6.510412967897138969e-02
-9.095353755721022893e-01
3.077114172686634674e-01
-1.109689222418388521e+00
-9.687925467471547591e-02
-4.119639995196786586e-01
-9.110112056926542579e-01
2.240487815441927211e-01
4.495438080814508908e-01
2.650378654077361062e-01
-2.025500035905007934e-01
-6.716396832316684495e-01
-3.291003322268641895e-01
3.655733415692017374e-01
-8.721341609569472908e-01
1.959598229381853685e-02
-4.975569358300848677e-01
-5.952117525287556887e-01
1.348709851706275664e+00
8.337310468001390973e-02
3.944056955364789729e-01
-3.587279028708234563e-02
1.051992450414492630e+00
-1.484831690508583435e-01
-8.637414408527455123e-02
-1.365279448123767558e+00
6.852780321485578696e-01
-1.494484213841520415e-01
2.980820301312370191e-01
7.592472095348936634e-01
-7.156130940221547831e-01
-8.748639455634243944e-01
2.047288836663883060e-01
1.601364106691328004e+00
-1.808769540993552027e+00
-3.487971430878253898e-01
8.341085858108083784e-01
-6.460367343688542263e-01
9.307957516858555991e-01
-9.339199025789515218e-01
4.233311287173897597e-01
-2.474644888026800160e-01
6.842744141294199167e-01
-1.752223940257917167e+00
-9.611825805857048266e-01
-2.921518574499177845e-01
-5.019015080583200117e-01
4.028132358629132881e-01
-2.204155784395780415e-01
1.595175799544157336e+00
-9.599232127943588821e-01
5.951796425523934175e-01
6.141719037049222507e-01
-1.750004728540455190e-01
1.543078927559093927e-01
2.317328121375350491e-01
7.414988849000732074e-01
-6.404932421370634898e-01
-4.915099542675580579e-01
-8.815919776612854974e-01
4.447780542007420124e-01
8.364052489836275583e-01
-5.807135307599846641e-01
-2.877071961200412531e-01
-3.638013333500254021e-01
2.797442921001893623e-01
-2.743529063860794537e-02
-8.500317629718265877e-01
-5.879098477337114659e-01
5.283864185352102893e-01
-2.133089538629517889e-01
-1.433244952070491518e+00
1.208578864962817079e-01
2.258687614303589442e-02
-2.804326683165463407e-01
8.775839827721920727e-02
-8.991788476836779509e-01
1.389376783429741025e+00
-1.090075430562591041e+00
-6.099490421105073779e-01
-2.058086613760909955e-01
-2.937026880073467794e-03
-7.408610645217557078e-01
-1.453465120881425321e-02
-1.704012389696547558e-01
-1.184913015779285317e-01
1.264931496904386776e-01
6.506847247787552746e-01
-9.063781145263583028e-01
-3.222180330313140217e-02
-3.259750723220289359e-01
6.699365434669060093e-01
8.034884622035418644e-01
5.604532196676492717e-01
5.940185214499447142e-01
-5.007011834950088058e-01
9.059724391678125599e-01
4.380671654397954029e-01
-1.470119446540039121e-01
-1.145835491521918659e+00
-5.263603031990928827e-01
-2.000824285082467568e-01
4.580170866414645658e-01
-4.952949758764715327e-01
-3.497124806962546018e-01
-7.659558679942302106e-01
-3.253362932158951892e-01
1.384026270518159407e-01
-1.487312701297165862e+00
-6.717395086169641871e-02
-6.174719966517407954e-01
1.513526484019074303e-01
2.895739391972371735e-01
4.537118012771115261e-01
-3.543112283351588232e-01
8.003569887039496678e-02
-9.549257261204182612e-01
5.751472309915612868e-01
2.258421332722573283e-01
1.077892895222161584e+00
-1.548664477833465725e-01
-5.715561922156728869e-01
1.112914217843700371e+00
1.218827234317494401e-01
4.879913679334357823e-02
-1.022814913753515853e+00
1.019865355795767314e+00
-1.038089975612504823e+00
-7.689251854671708131e-01
-7.707946392128279811e-01
-4.020209994566945610e-01
9.696814319967650420e-02
6.151697590385616365e-01
-5.558358117081496630e-02
4.970298815858740227e-01
6.742550225497980776e-01
-1.210685772725215159e-01
2.377493797248924068e-01
4.106542448252366029e-01
2.420383608793610364e-01
-5.270997623219475514e-02
-3.260466321874089246e-01
5.941231537783746575e-01
-2.118643063695397899e-01
-9.239759113963277315e-01
-3.967114344743301046e-01
2.243006615499503198e-01
-5.148700499107752293e-01
1.394687035434126088e+00
-1.139067100680851929e+00
-4.866084560976720041e-01
-1.393769301227799851e+00
-3.274346093773363719e-01
-3.329831133342331384e-02
-8.604050479255658246e-01
5.379754333118400567e-01
9.038479076829801784e-01
-7.027525362299034128e-01
1.036911351754551625e+00
-5.318380907947748426e-01
7.322062230533195049e-01
3.688158670935592909e-02
-1.185765780832950256e-01
4.167327783659739993e-01
1.045097233061110131e+00
-7.964665857454580333e-01
-8.370725370944960275e-01
8.739507643614619070e-02
-6.697801283272957207e-01
-6.558148964242302981e-01
6.940675371550906192e-01
-4.453322812885991411e-01
5.166221105539214875e-02
-6.721414028705643418e-01
1.090171210864188112e+00
-1.396543529001181838e-02
2.827091867833839700e-01
-9.110192753569945623e-01
-6.199215906321384750e-01
-3.475173476147723761e-01
-4.135746119577738966e-01
5.661554336871326143e-01
-4.937703052689474958e-01
-1.007338259957339943e-01
-1.508887061256016793e-01
-4.565836051227991632e-01
-9.149819142851018938e-01
-1.364565663602768097e+00
-5.400217599398846602e-01
-4.981699485776536207e-01
1.312315584345169484e-01
-4.781946879462415367e-01
6.557983380412926167e-01
1.892147305954257064e-01
-8.311897579111802159e-01
-5.063603021846372343e-01
-5.996158784199501213e-02
-1.750979556288724481e+00
2.299876404462626311e-01
5.033324478113225808e-01
6.045802766438734821e-01
8.369688268646635620e-01
1.159344366802940840e+00
-1.550453330398751106e-01
-3.879801495485901697e-01
-4.771342022651161585e-01
1.167937499882327756e-01
-4.184666640953409456e-01
2.459546653972486396e-01
1.146100964289686885e-02
-9.178742359995926137e-01
-5.786316454611073468e-01
-7.101874010924484892e-01
-5.252720111149224991e-01
-6.242796600045288358e-01
-2.461467149873772797e-01
1.585179526383959647e+00
5.195428946035409723e-01
-1.475190596301698243e+00
-1.111665513729334531e+00
-3.405791270264764137e-01
8.551327724281456710e-01
-5.324380131536941008e-01
8.595191415010354774e-01
-2.267439807577211752e-01
5.022047270246776662e-02
-1.338538677512613351e+00
1.314177662756032205e+00
-5.987239981456884408e-01
-5.547913151455503566e-01
-3.562107413348289953e-01
-1.088118392684184421e+00
6.880406013977857782e-02
-3.521091915145557749e-01
-1.082073994484572310e+00
-2.627657943854142530e-01
5.863736211896783956e-01
1.274472043995982240e+00
-5.411642973697015080e-01
-1.904740828073734349e-01
8.516548925438760520e-01
2.732494320950635824e-01
-1.264421889847255898e-02
2.363364158943968008e-01
3.906566293838604764e-01
6.238289274974739840e-01
-5.054007887610900696e-01
7.218538239284555402e-02
1.039109957604180678e-01
-7.159643737216647708e-02
-6.103267312571993841e-01
-7.472786445868386807e-01
9.084242583165735851e-01
-2.456695348310589111e-02
8.333884096587791390e-01
2.144934900411819001e-01
1.256506130730739024e+00
1.335171537723178758e-01
-6.159718579249862103e-02
8.590357480299530835e-01
-6.560667914961619829e-01
-1.320427082074137726e+00
-7.234330713612244779e-01
2.748095418246876420e-02
-2.646244741733196904e-01
-1.636861037999892687e-02
-6.445960247099504770e-01
-6.035892010230101690e-01
1.061239665771205765e+00
-6.194000012976186298e-02
-4.707796433640254463e-02
6.132362956767423157e-02
1.073778016738625496e+00
1.018045341847399143e+00
1.278459820217570098e+00
2.050336476925398443e-01
-3.514747496862078435e-01
3.297724237870189867e-01
-1.276672578930106994e-01
-7.738783622631135728e-01
6.422372343176308007e-01
1.830518437100767670e-01
-5.386830950556031894e-03
1.383898400579375298e+00
2.167966362314128759e-01
-4.661340494273069623e-02
5.143568234041051568e-01
3.192389958256702798e-01
1.703722580299729117e-01
6.618888376000455764e-01
7.479418381671614213e-01
-9.208011180214317193e-01
-7.514637197066500462e-01
-1.624285683208359643e-02
-2.734812367654448906e-01
-2.541968711424003047e-01
-1.110593314561381106e-02
-3.301888965063506376e-01
-2.637736711182636640e-02
-5.572660005948435469e-01
-8.995763964592100592e-01
-4.170184525163254108e-01
9.932713760114788570e-01
9.626212674517065082e-01
3.490587311507731272e-01
1.906795436005550570e-01
-1.013502872218232653e-01
4.882125682058466865e-01
-4.714976759963462882e-03
1.648484847053916624e+00
6.322251252271984256e-01
-2.411540587109772815e-02
-6.294578707201452517e-01
2.395642688725843072e-01
-1.010098660244063584e+00
-7.117107472964327997e-01
-1.173810382974306066e+00
-1.425213297775940191e+00
-2.908164971447817493e-01
-8.365008908627000750e-01
8.877365284504232790e-01
3.955490984053735559e-01
-1.259378350672559321e+00
-6.144366195651835838e-01
1.071228913197845856e+00
4.080743823841803675e-02
3.446325205987683660e-01
-6.521273452791094272e-01
-6.247053969693299180e-01
-4.988230943899285563e-01
1.483386267812417891e+00
3.034740365886188229e-01
-2.208084162600769673e-01
-7.722668941558321620e-01
-1.817397655385120103e-01
-1.867559777312166602e-01
8.672078925470216859e-02
-9.643275603663870044e-01
2.435986805117877907e-01
1.951424075949326209e-02
6.421138934195136372e-01
2.446002548395851406e-01
6.515855941297319376e-01
2.525064506107348450e-01
2.049590825353497792e-02
6.773210496371584455e-01
2.735868306768498570e-01
-6.338166665283191392e-01
-1.637099847358418181e+00
-9.212925929065320929e-01
-8.608395857075032964e-01
-5.300403650755489693e-01
-8.885376678590555244e-01
2.853889045205448838e-01
1.509560236808376033e-01
2.060547985045957375e-02
1.334899700636182907e+00
3.877356662796493936e-02
8.935399412969324828e-02
4.439264266317461960e-01
-1.079514614489317736e+00
5.371519981827024282e-01
4.261912972640384822e-01
4.409161579301663636e-01
1.108706968816032479e+00
-1.281306929373151604e-01
3.624974462387200447e-01
4.610278807148384672e-01
2.927918847921207046e-01
4.485059534313498020e-01
-8.444596157825063898e-01
4.296779394172522970e-01
3.237338958855486837e-01
7.629491126363605602e-01
6.664308653744477340e-02
1.026610083964579978e+00
6.536265965346945706e-01
7.112848268854570222e-01
-8.588785482495344681e-01
-6.486002747570127624e-01
-7.475773638416871592e-02
-6.507219566212256723e-01
-1.121630895292393681e+00
1.740479568370593810e+00
1.523766362718492751e+00
2.448049261147753342e-01
-1.963561843238608162e-01
-1.158935882095010861e+00
1.187799797391415169e+00
-9.130009450098182100e-01
-1.934097439678463815e-01
3.363068814632814707e-01
-8.593879976181302283e-01
-3.917989775125851892e-01
-4.669879083084360616e-03
4.160942781342455987e-01
-7.285967837399969227e-01
-1.025489427696413713e+00
-1.047832028143802940e+00
8.394919317106612766e-01
1.209542861313257944e+00
4.667099948780615293e-01
1.321550292235063928e+00
-6.765551288986326739e-01
-6.074220173582824955e-01
-1.015205609789845198e+00
-4.935888367618783690e-01
-1.854622560045022794e-01
1.403837229602178382e-01
-2.106561518800038613e-01
7.167590886600150313e-01
-9.647525246507235863e-01
-2.986331086213276365e-01
-8.503150960016956361e-01
-3.883541174257301165e-01
6.599165122202439449e-01
-6.674088854779682833e-01
-1.911797760177975647e-01
-1.732927447598875403e-01
8.303411460167984259e-01
-6.056624074276921732e-01
-7.485629372395576908e-01
3.149717357517314298e-01
1.188484215489450158e+00
-1.451275516931309628e+00
4.943050338480938777e-01
5.907539831896517768e-01
1.263472311466234288e+00
5.929999774925303058e-01
-6.110615710518896293e-01
5.147193377364800426e-01
4.939728377502374812e-01
4.249265047317827282e-01
-8.480391898338321965e-01
3.233255641795942381e-01
9.000762714120549290e-01
-1.226881346823747165e-01
-7.001744047291920126e-01
1.358009052627342506e+00
-1.742776711761209185e-01
1.580707220946404590e+00
6.360904149340873559e-01
2.799060457239832544e-01
-1.282241652972275769e+00
2.441360953144240398e-01
7.449944982684533201e-01
1.380687966947728995e-01
2.363633178093564879e-01
-2.941325303112254375e-01
-2.899627620273914630e-02
5.598282770229934258e-01
-1.408470988116559575e+00
1.076435083914625501e+00
-4.977383370875703150e-01
-1.499765567403656963e+00
1.961114779414785403e-01
-1.008777257921611437e-01
8.806505501033488059e-01
-6.024716560245968466e-01
-5.447514264139350360e-01
-2.178314446989340070e-01
3.961023278009223603e-01
-1.131616195663060598e+00
-9.583878375499557123e-01
8.177312580157583000e-01
-1.585395653588914655e-01
-5.839801318382651374e-01
-6.183232213427816149e-01
-1.822749826950360585e-01
-6.220699819622756976e-01
6.416282913221280637e-01
-9.481163238321794751e-01
-3.882178064103243287e-01
-3.289490250862971976e-01
3.978799614460601930e-01
-1.699801981003261631e-01
2.658154135758437064e-01
-4.076996952974933919e-01
