1.097000000000000000e+03
8.450000000000000000e+02
8.920000000000000000e+02
1.209000000000000000e+03
5.510000000000000000e+02
1.366000000000000000e+03
1.847000000000000000e+03
6.360000000000000000e+02
2.074000000000000000e+03
1.461000000000000000e+03
1.686000000000000000e+03
1.778000000000000000e+03
1.566000000000000000e+03
1.598000000000000000e+03
1.819000000000000000e+03
1.653000000000000000e+03
1.836000000000000000e+03
6.380000000000000000e+02
1.129000000000000000e+03
1.329000000000000000e+03
1.813000000000000000e+03
2.810000000000000000e+02
9.840000000000000000e+02
4.610000000000000000e+02
1.450000000000000000e+03
6.170000000000000000e+02
1.456000000000000000e+03
1.083000000000000000e+03
2.840000000000000000e+02
5.290000000000000000e+02
2.010000000000000000e+02
4.700000000000000000e+02
3.150000000000000000e+02
1.994000000000000000e+03
7.110000000000000000e+02
4.500000000000000000e+02
3.620000000000000000e+02
3.570000000000000000e+02
2.530000000000000000e+02
6.050000000000000000e+02
1.580000000000000000e+02
2.840000000000000000e+02
3.650000000000000000e+02
3.920000000000000000e+02
3.780000000000000000e+02
8.080000000000000000e+02
3.650000000000000000e+02
3.470000000000000000e+02
1.252000000000000000e+03
6.840000000000000000e+02
3.570000000000000000e+02
3.160000000000000000e+02
3.640000000000000000e+02
7.560000000000000000e+02
3.340000000000000000e+02
2.024000000000000000e+03
5.440000000000000000e+02
4.660000000000000000e+02
2.140000000000000000e+02
1.360000000000000000e+02
4.240000000000000000e+02
1.683000000000000000e+03
4.230000000000000000e+02
5.130000000000000000e+02
5.380000000000000000e+02
3.350000000000000000e+02
7.790000000000000000e+02
5.370000000000000000e+02
3.210000000000000000e+02
3.620000000000000000e+02
4.410000000000000000e+02
6.890000000000000000e+02
3.510000000000000000e+02
2.036000000000000000e+03
5.170000000000000000e+02
2.740000000000000000e+02
3.350000000000000000e+02
2.480000000000000000e+02
4.020000000000000000e+02
5.840000000000000000e+02
4.680000000000000000e+02
8.740000000000000000e+02
5.790000000000000000e+02
4.350000000000000000e+02
9.560000000000000000e+02
4.540000000000000000e+02
4.240000000000000000e+02
5.030000000000000000e+02
1.996000000000000000e+03
1.360000000000000000e+02
5.450000000000000000e+02
4.140000000000000000e+02
7.000000000000000000e+02
4.410000000000000000e+02
5.380000000000000000e+02
4.480000000000000000e+02
5.590000000000000000e+02
5.810000000000000000e+02
5.130000000000000000e+02
4.660000000000000000e+02
