-9.831418587689082500e-01
-6.543882931541062931e-01
1.749932234758446725e-01
-1.421176994183324993e+00
6.583594366850853419e-02
2.546766368935493574e-01
-8.103465573652002263e-02
-5.653419244052013681e-01
7.108562733051027038e-01
1.180336402065691459e+00
1.096730504677539741e+00
9.319186178443814583e-01
-9.862189407344406078e-01
-2.491221505047995777e-01
3.119531579833889623e-02
7.314459645719937342e-01
7.622547198230833487e-01
-2.609309571027225161e-01
-1.720720618482745046e+00
-1.099578367551350411e+00
-6.229492371047964383e-01
-2.112791014238810661e-01
-1.823317192381700202e+00
2.113513373172590804e-01
-1.090599897412027897e+00
4.869752454321254476e-01
-5.844194626232015466e-01
6.148746155000495150e-01
1.454625920534887484e+00
6.134079138250845276e-01
-8.493422901596048291e-03
1.398599690236803639e-01
6.252943765202285675e-01
4.031083351432265260e-01
4.394356719602310335e-01
-2.490384440280655198e-01
-1.030600869930893282e+00
-2.491574754777996503e-01
-1.635678314902531127e-01
1.076311593760945762e+00
-9.406010650620384439e-01
3.434564138672246969e-01
-1.487177190416888450e-01
-5.234276336575245381e-01
1.064343932687657812e+00
-3.287026736337050892e-01
5.233471406613512400e-01
-4.176066417132826558e-01
6.681423454623649505e-01
-4.142741306614396990e-01
5.190792775583563667e-01
-7.179977529418932747e-01
-3.599755304863849759e-01
-1.517159602106170624e-01
-1.138747802531052677e+00
1.738866167362109749e-01
5.647355849981741116e-01
9.643029076004205891e-01
1.853390159819712224e-01
1.818812206332598436e-02
-1.271458758300696434e+00
-5.850097468536228362e-01
1.240860960908713118e+00
4.786812890654612573e-01
3.380399448526549833e-02
4.521274053170571960e-01
5.691090736548645168e-01
5.670146274245535523e-01
5.809448439511921691e-02
-1.488368261239507717e-01
5.499204288724746092e-01
3.542378782116486491e-01
-5.361582567527278798e-03
-3.536925233785499501e-01
-4.800337805276670977e-01
5.348961606577855576e-01
9.039741457658241330e-01
-9.723979252055610090e-01
-1.975237476710312023e-02
-4.686193694619724681e-01
6.046620836437650581e-01
-1.170103400206046196e+00
-2.761257840290030074e-01
8.609771237760384111e-01
-4.404952195218960753e-01
1.009733977643669789e-01
1.132377295543504303e+00
-4.354937914480663252e-01
3.995048395062203994e-01
8.804898644571945709e-01
-5.984697150024489432e-01
4.714029078200283607e-01
-6.605176389860352160e-01
-7.755955335318986954e-02
1.290330298673431741e+00
2.442848579075231896e-01
-7.765960087181191795e-01
-5.621915134158168570e-01
-1.653572735502524260e+00
-2.634284378702318463e-01
5.843114926557113620e-01
-2.380485535347132142e-01
4.601803752981714624e-01
6.752457521055710288e-01
-1.544742415535456104e-01
2.481021477582832091e-01
-2.597534829109866550e-01
-1.207308865412089816e+00
-4.368186364458273019e-01
8.069410277877766546e-01
-1.647104166740209763e-02
8.892109858730332661e-01
8.608696899922785306e-01
-1.140520397291393540e+00
-7.073206308302442125e-01
4.606026024794722673e-01
-4.152452555484611452e-01
-1.736275914665847964e+00
-1.027209509322831948e+00
1.863672900578894343e+00
-7.395482015482830462e-01
1.036470816219936530e+00
1.097373002107300266e-01
2.800351730499039959e-01
7.320478286321474570e-02
-2.612148453640585899e-01
-8.118667717665895012e-01
5.077454780049173166e-02
-9.329873512570117100e-01
-7.688140003272394551e-01
-4.543257222596857048e-01
-2.226546348546953880e-01
1.769318610406864778e-01
-1.625738287139182781e+00
1.604323187354941282e-01
3.242845043416267004e-01
8.784997876371267722e-01
2.001374878290551607e+00
4.070132925729321727e-01
-7.311798969314704522e-01
6.852019583968624872e-01
1.044954383322794556e+00
2.412939627433816625e-01
-8.366340131195881824e-01
-9.937649624043540797e-01
4.009462683527740268e-01
-1.005001894897437520e+00
-8.560455746207749073e-01
6.361037813660104234e-01
-6.972775583429067225e-01
-9.708985861593761868e-01
-2.828276967609504311e-01
1.126993963990042147e+00
-6.409181117768012470e-01
-1.008740067766734860e+00
-2.505371628846546628e-01
2.076435160089653564e-01
-1.363334328355355396e+00
6.654322255623590365e-02
-1.404473657602647307e-01
-1.079786080078637411e-02
3.160099155586557629e-01
1.641814669655726533e+00
5.947325346327652085e-01
3.358641528267325427e-01
2.890368990029879015e-01
-1.413057964015536072e-01
-8.207855687843927939e-01
5.522175774452309227e-01
1.492733824882590099e+00
-7.980758402601484391e-01
-3.674750332061726965e-02
1.559174999615517976e-01
1.963322870406161158e-01
-7.923175599806793201e-01
1.951668423877785941e-01
-7.902159317526882276e-01
-4.674123942339001303e-01
3.691802163702284645e-01
4.709404623309332294e-02
3.016958673551339842e-02
-1.313453720443211736e-01
-5.362635890897671231e-02
1.373051133852504435e+00
-1.256395680548556104e+00
3.282113377331974391e-02
-1.342978819743043672e-01
1.571189190374262523e-01
5.442008300461322889e-01
-1.356555051093204955e+00
7.664623805054038286e-01
1.399841958648782025e-01
-5.486261980399778082e-01
-6.576314114547896494e-01
2.237187508082483234e-01
-5.487314933119860072e-01
-1.271269521046278772e+00
1.290691923270532726e-01
1.102530463378128545e+00
-4.571954578767325472e-01
1.159252266384365626e+00
7.816009346429098059e-01
-8.033530170112852531e-01
-4.900846550728301665e-01
3.765166663363705979e-01
-6.183806844050758755e-01
1.790650430320805953e-02
-6.971200837373903170e-01
-6.411695222330084931e-01
-5.815972181180733003e-01
-1.096480929101152135e+00
-1.404891441262507534e+00
-4.408474325415330242e-01
9.668830032579958100e-01
2.437984736092078109e-01
-7.913609972808446358e-01
-7.499934855856222882e-01
-1.843717996612840970e+00
1.027584345814700484e-01
-1.919483580956473645e-01
-6.003494719477311392e-01
-1.513040750911631704e+00
1.948751203286045453e-01
5.360277809807501015e-01
9.303481420638952670e-01
1.640266974453048476e-01
-3.919174601611405961e-01
8.978142637277830573e-01
1.134712865313041164e-01
-2.909885747033467140e-01
9.096509562760957124e-02
-7.378598883375255824e-01
8.436849989187482635e-01
-4.286077715979423886e-01
-9.812261199027849656e-01
-1.134768163826383791e+00
-8.999236512854018599e-01
5.335250689941348767e-01
-4.987783996721892876e-01
2.787827544047960515e-01
-7.099160267134507762e-01
-1.562874880263027233e+00
-8.943532182953735088e-01
6.037820895447065794e-01
4.276087748690251544e-01
-1.044901235928135996e+00
-1.630288913047150956e-01
3.570993895280727415e-01
5.259204400379724476e-01
-1.255068561618966072e-02
4.685622067639183541e-01
7.800622830502748073e-01
3.782720864341300171e-01
-8.912231426250301070e-01
1.532638623691447322e+00
1.408291662109926179e+00
-9.785911061092757990e-01
7.205351597235987171e-01
-7.536448683823770978e-02
9.152243909234147878e-01
-1.711851147420864194e-01
-7.519178302132871750e-01
6.095154477475661636e-01
3.664723967465697285e-01
-3.738490775537375299e-01
-1.234643684308039724e+00
1.129315284818486198e+00
-6.894490145592255814e-01
-4.678899263059177471e-01
6.220678752066408634e-01
-5.748821446220606646e-01
4.138357306331341690e-01
7.617541061768040578e-02
-3.017545450090715065e-01
-3.948876701391572652e-01
1.465273539656921642e-01
-1.179029488534975023e+00
1.698818268418103017e-01
9.477175972259725967e-01
1.521620140275192767e-01
-5.418227020258905569e-01
-2.573408576263584990e-01
4.053575541042402364e-01
-7.821131832949079765e-01
-3.295932711870630527e-02
1.241835876180640952e+00
-1.229323183246222584e-02
1.471104965589063340e+00
3.046934719290961269e-01
-1.044294011822858081e+00
1.058573846178950006e+00
8.376622905513819717e-02
-5.549992276188646656e-01
-1.879383748624183781e-01
8.139002560041515011e-01
1.739698174020443133e-02
-3.306050015408148468e-01
-1.089285287517827605e+00
-7.017661718079759581e-01
4.400173340242217179e-01
-8.318953819574526065e-01
-1.102155174058844445e+00
8.680499541103703365e-01
5.651204113090440018e-01
7.379490505259687083e-01
-7.195728172893813834e-01
-1.021367679628247149e+00
2.418346971522602473e-01
9.700038406367497146e-01
2.288758287390528778e-01
2.954116332198815087e-01
-7.279442963885198736e-01
1.482251913819714773e+00
-6.163367559260493067e-01
2.616114541361884704e-01
-1.056233412634954849e+00
-3.749336020977667161e-01
7.257164233943758092e-01
-2.715753031139271911e-01
-7.528395446928737300e-01
3.772655409403604665e-01
3.313682812397189537e-01
-6.072841053361983654e-01
7.360258847074252486e-01
-3.062887070451312255e-01
4.003789293446189390e-01
-7.199459673491253042e-01
1.880289815161626521e-01
4.411243515892939726e-01
4.902420119897152873e-01
-2.185702649359955174e-01
1.524108783297419834e-01
1.479059506400338009e+00
1.266795089461423274e-01
-5.898426342320215454e-01
7.062006841942842783e-01
-5.334832602157115744e-01
-1.608362898866663393e+00
-8.924032152196268441e-01
-1.028606505059803666e+00
-1.751490487784872485e-01
-8.593610551832675526e-01
1.577433402302395038e-01
-4.206598629953992585e-01
6.684346059018286823e-01
-3.428972524820697032e-01
7.664382563269445114e-01
-4.228838773371901283e-01
-4.716354527346879877e-01
-1.372393978244161872e-01
-9.956192608957969981e-02
2.658511391088467235e-01
1.332554265514573899e-01
4.424801202708934511e-01
-1.882649228819843756e-01
-6.446424756703947878e-01
-1.060207775996086621e+00
-1.462520187855966824e-01
5.078045782035154332e-01
8.550895456547920048e-01
7.813067060060490121e-01
-8.833640287705248895e-01
9.009413712294325194e-01
-4.749365990591449815e-01
-3.442022948442540198e-01
1.011358136446943945e+00
-4.251499593736092208e-01
-1.485338443390773477e-01
4.071243416337431142e-01
5.536578441436361686e-01
1.368069923365803575e+00
-9.973901124282296138e-01
-7.433826023748846268e-02
-3.398599132787047949e-01
5.206667339741368750e-01
1.838497482840191211e+00
6.419504844988672687e-01
-1.769610483282981761e-01
-3.697426990051315698e-01
8.290647927660934613e-01
-1.082480700389285566e+00
-7.799811357468175999e-01
-5.854745750308962826e-01
1.660931577643306234e+00
1.083798220562126602e-01
5.584179525751657991e-01
7.121142589579942950e-02
-8.126054045499699896e-01
-6.904055874926831038e-01
-4.061373622000603589e-01
5.403137712074714827e-01
-1.217695929965623591e+00
2.464116636192770216e-01
3.070729171005268654e-01
5.118834394614850680e-01
-1.581005804576260942e-01
5.309621036620271184e-01
1.073474172907498136e+00
-1.755765311373538307e+00
-1.233031814398287906e+00
9.925830904167831648e-01
5.884448543786700014e-01
-6.374255884562600727e-01
3.743563357937826908e-01
1.650727620929341555e+00
-4.114515460561571913e-01
-9.845584586526996418e-01
1.152840876362262179e-01
4.123624145833133525e-01
4.108214774794127777e-01
-2.912440321991311976e-01
-5.477163387618002588e-01
-4.256646828919183889e-01
-6.075321201750281119e-01
-2.743735336779122846e-01
-1.490384017765427060e-01
4.565168112065576267e-01
-5.514712954015523749e-01
-1.131270162505134014e+00
-7.129244146206135113e-01
-2.113577806252191493e-01
1.968880021903993693e-01
6.662854373488746873e-01
5.352283568223814569e-01
3.660293762973854115e-02
-1.127692024094137491e+00
-6.734801785056454548e-02
-1.990943171091377195e-01
-2.255841813152965614e-01
-4.833840762585630557e-01
7.245431908377231167e-02
-5.571390719102042866e-01
-4.641630154303379996e-01
1.686905786733028378e-02
-8.866202003570613499e-01
-5.658521542923073966e-01
1.411672552856755303e-01
6.921496208850674847e-01
-5.582145250043915041e-01
-4.355467593916912961e-01
7.161611463673889233e-02
5.642069281230588373e-01
-1.765218806613717106e+00
2.270858335706336106e-01
1.082673258716844167e+00
6.019035715410891996e-01
-6.095176856553434774e-01
-3.234037654715775645e-01
-5.185792485218376768e-01
-1.249300925851581923e-01
-6.274942865888979426e-01
-2.708250965975258495e-01
1.158083886370415705e+00
-7.238559928104075780e-01
9.273895161021359357e-01
9.840127745198357090e-01
-1.178666355850514158e+00
-1.001806985211089795e+00
-3.862522365855465267e-01
-6.933823451376310842e-01
-1.365606183611869362e+00
-1.046631648633338685e+00
2.677263527885562766e-01
8.553050315483883281e-01
-2.247129421554010520e-01
-5.970274772607693237e-01
2.122788973492983899e-01
-9.324903413545895248e-01
-2.847352311140110004e-01
-2.382399508194206206e-01
-1.371599202696298647e-01
-5.411061660497580306e-01
2.990372744769089763e-01
-7.004647831704442495e-01
-5.087988500527753644e-01
-2.158927217825370448e-01
-6.054009950558087993e-01
-6.944503848166831972e-01
2.916579637746572473e-01
7.075820543543009933e-01
1.708752430614650208e+00
-4.896893618470388176e-01
-1.314197713269302348e+00
1.147791370800668176e-01
-2.194175389323147485e-01
-2.923222127848807972e-01
-5.613609389780584991e-01
-1.152893639057462671e+00
2.889552591190636122e-02
-7.405113666446698772e-01
4.418225594740556872e-01
1.090282716605629254e+00
-3.381743318997649794e-01
-1.580491971340896029e-01
-1.390605799580590940e-02
-1.020732694533688090e-01
-5.583750485967202692e-01
4.280516030694538898e-01
-4.810258183338005367e-01
-5.223205071175112124e-01
-4.340997876713803549e-02
-1.651531064753299916e-01
-6.304818503307787481e-01
-5.710818170874309985e-01
-2.905031453617814563e-01
-1.165218277261688584e+00
2.411053067153980933e-01
-3.578677726742283127e-01
-9.876647761671026871e-01
3.452685525632865904e-01
-5.063010132458050094e-01
3.279795413104125146e-02
-6.480330667703766423e-01
2.739943907385420374e-01
1.660323621027211871e+00
2.105171552851627936e-01
-2.415125721704640682e-01
-1.203420407075359577e+00
-3.654388390464848868e-01
-5.882861828555263628e-02
-1.158451720087372294e-01
-9.244366323936432650e-01
-6.747641768801360129e-01
7.179102483289234726e-03
-8.642679318183628112e-01
5.142272094178519382e-01
8.737038582577572043e-02
9.768224644320975258e-01
-6.751349658195930914e-01
9.001397796677217400e-01
-8.052251894279374156e-01
-2.605603387918762337e-01
-2.649161211341608535e-01
-9.966025023464863963e-01
7.784738723615802769e-01
-5.500605981782769049e-02
5.278205814873260238e-02
-5.085570042704175009e-01
5.206939016893308292e-02
3.295474297478593328e-01
-1.239020686859885867e+00
-2.685054834296458637e-01
3.450221646355720040e-01
1.226265445730344794e+00
-4.524371448196875534e-01
-1.345566972986560472e+00
4.129290157654725846e-01
-6.641119604470802074e-01
-5.303672273556436778e-02
-1.093313219067157949e+00
-1.306527133471437452e+00
5.586969831988284341e-01
-3.172283466015093367e-01
5.503222412164845423e-01
-8.837946219625782973e-01
5.479749595500731374e-01
1.560233369152812521e+00
-6.744516722867945901e-01
-3.599591902790812981e-01
-6.634542813227657376e-01
1.322569451815596153e+00
1.314718177551840839e+00
-6.815980450036729366e-01
-9.454630075186951643e-01
3.070578817147140427e-01
-1.505794964065678698e-01
-8.134894925236917373e-01
-7.897820744287917805e-01
-2.102094493356112537e-01
-1.193392126482627269e+00
7.449431794232088677e-01
6.578535779756293778e-01
-1.495053706530811155e-01
-8.560838975181095378e-01
3.183368963305710508e-01
7.261934807716645679e-01
-1.842242178373854955e+00
9.615808029729961959e-01
-6.662692886995795760e-01
-5.319135914395101139e-02
4.914165583584404473e-01
9.503898485789648021e-01
-8.810631327753890574e-01
1.015634604090562831e-01
1.283537778959532361e+00
3.146523728547077070e-01
2.584161273839411521e-01
-1.024945638656180602e+00
1.654442486189386941e+00
-3.376022410716297273e-01
-7.043890577314897428e-01
-1.152536489095529859e+00
-3.764041515531282300e-01
-7.034560415828670088e-01
-7.201470216179961525e-01
-6.848833362755302190e-01
6.959321610394546553e-01
5.618244391043170083e-02
-1.387742177095290685e+00
-3.231922624368870345e-01
-9.344565774151183390e-01
-7.175438773654745361e-01
3.099061857344818094e-01
-6.429439185256313749e-01
6.636514671061499726e-01
-5.384216879743162210e-01
-3.409565363668161098e-01
6.316142381657492422e-01
8.274978381359012758e-01
-4.816812969846351322e-01
-8.879372510602081547e-01
2.186354125054048581e-01
1.063641177290381989e+00
1.297537158948657066e+00
-1.892524831269757346e+00
5.054058896385180688e-01
4.002551999899122137e-01
-3.707901973325391509e-01
-1.072723543217124487e-01
3.316664574393781706e-01
-2.068766284683523082e-01
-6.589956982057980639e-01
-1.064017221507762567e+00
-6.270715312677053177e-01
4.662026421953937572e-01
-1.066822056061901058e+00
9.470810960904643139e-01
2.082928323760437905e-01
7.635229866376080921e-01
-1.582843010041203868e-01
1.109312008887609835e+00
-5.573655559583023944e-02
-2.657890723499161112e-01
4.978414825651444886e-02
8.253002264192481618e-01
-1.578180330492324757e-01
1.228699515684192889e+00
-1.595464653630934926e+00
7.421199542364576018e-02
-9.949555672889776048e-02
9.507210215148855781e-01
1.418039161138990423e+00
-1.679794203845013101e-01
-3.209070967386500328e-01
-1.520424161913673800e-01
-1.145826080057750218e-01
-1.706401618099455675e-01
-1.010106051717158948e-01
-5.744896184038958964e-01
-3.619447580037880030e-01
-2.762570596690583358e-01
5.886682200721606861e-01
7.717669092873977732e-01
-2.237760656631868628e-01
-1.063061914707053024e+00
-7.545218649370966091e-01
-4.097373175911771526e-01
-1.120154725154502984e-01
-2.893243709346364767e-01
9.545118740205937868e-01
-5.618592369972219558e-02
-5.912404444119836455e-01
-1.076839445622145952e+00
6.625570944953897978e-01
5.715743402329316325e-01
-3.678943504996441405e-01
-5.577159676374652264e-01
1.724298219650783892e-01
-4.458674639049338140e-01
7.603688868460380945e-01
1.059810155993442748e+00
6.670904796564514072e-03
-8.763959447316107543e-01
8.861603273846299089e-01
-2.949390493461585550e-01
-4.884394611120210783e-01
-1.352893149209064561e+00
-2.187685710231948022e-01
-2.272446926122180244e-01
6.528877952070724078e-01
7.221245363785726568e-01
1.112282020644843605e+00
7.221331452796775352e-02
2.243987038227759356e-01
9.169584405294184393e-01
2.035618187015417746e-01
4.553459370607972900e-01
5.973320919507685289e-01
1.453117811494144540e+00
1.317745678826387490e-01
6.791076218539622289e-01
6.585535491756431270e-01
1.553044825879000612e+00
-4.392147671340973503e-01
1.376211102946931497e+00
1.383997879734587322e+00
4.143416507862553999e-01
-9.533709417968392330e-01
-6.790518551151141224e-01
3.226374698864118429e-01
-1.135398026193019660e-01
-4.650349836248199864e-01
-4.046170686878536316e-02
9.104602101003811399e-01
4.892332165018231649e-02
-1.257289479775267171e+00
-4.531451644340709350e-01
-8.918054019914976038e-01
-3.145408388356338847e-01
-7.469774235963004827e-01
-4.339696728155715277e-01
-2.758029891179587523e-01
-1.366018942908029388e-01
6.801832390413986573e-01
-1.214117832538051722e+00
3.699386342722572607e-01
-4.300823508689664010e-01
6.883070509784001700e-01
-1.122486809152075438e+00
3.167357606803840042e-01
7.178979835409045052e-01
4.901945789516286567e-01
-8.170403208147591911e-01
-5.502370486488228352e-02
5.219699040034697646e-02
7.453368905631165831e-01
-1.624756808494141502e+00
4.363725925527219829e-01
-5.659478303419369638e-01
-1.181023419531981311e+00
-1.546393198147549164e+00
-1.003102289812664694e+00
4.119541942174285154e-01
-9.007039902683153798e-01
1.903939653826888012e+00
2.612757789644319928e-01
-1.229166723829688834e-01
-5.405302166001195729e-01
1.644510057059811459e-02
-1.087471224481317833e+00
-5.091932908217158271e-01
3.930340518639772185e-01
6.611271630591355475e-01
2.848421744618647722e-01
-2.585345150224496180e-01
-1.282958317919911551e+00
7.503553368491928666e-01
-2.684461694719368907e-01
-2.231587016783489474e-01
7.380007785491553562e-01
4.209023415510664279e-01
-1.492297604601968697e+00
1.407171794557560141e+00
-1.448953614884205265e-01
-8.217177738532246423e-01
-8.260482515158340533e-01
-1.010042833862521139e+00
7.320412245331828771e-01
1.466227864444578088e+00
-2.019004029257605026e-01
-2.878854003029287512e-01
-4.873388292184896997e-01
8.626944394808058192e-01
-9.711252282394315927e-01
6.410740124343128343e-02
5.643011946397358258e-02
3.568233588746352325e-01
1.418794080488078535e+00
-7.843987345604261918e-01
-2.353841911645391249e-01
2.838440232141312691e-01
2.242836765059514903e-01
-7.404838812763268052e-01
-7.175454342781968364e-01
1.256269472647097984e-01
-4.851823153354253293e-01
3.653386246146697047e-01
-1.008636004117456242e+00
-6.494962198641029971e-01
-6.032095383630329266e-01
3.518986223642359690e-01
-6.116003849402318338e-02
3.815361064113833578e-01
-2.178832705373965339e-01
6.073381804019728492e-01
5.798728418871057499e-02
4.574695350680313410e-01
1.201343138994877435e+00
-5.132522294177288558e-01
9.809744199495451511e-02
-1.368135829228673828e+00
-3.760174826570281681e-01
1.645872678498614405e-01
-4.811525946560175626e-01
-1.355398256127173795e-01
-3.673448611604470670e-01
-1.474483989475767309e+00
4.429704777600482757e-01
-3.419641171934557633e-01
3.033122977255722219e-01
-2.642228379397417726e-01
4.141718787279282665e-01
5.040098064070805961e-01
-1.271038815856222470e-01
3.925696230010675691e-01
-7.332740520757301539e-01
7.746052816397863694e-02
4.530469917731121399e-01
-1.982764208046212673e-01
-4.186107060925658985e-01
-1.738808413830286170e-01
-1.147289763244702776e+00
-2.488116869482244198e-01
-8.393815258109471600e-01
1.843642961610725273e+00
8.697543811157544269e-01
3.789548948788468152e-02
-9.488037992318796299e-01
1.059670420201941354e-01
2.132635853456239516e-01
-4.895345709938450085e-01
-3.218154086954809756e-01
1.220747976794363865e+00
-7.182287203781037022e-01
-4.929127430642861185e-01
9.641400320416426695e-01
2.396191964154805731e-01
-8.693923496820143981e-01
-1.230380103076897935e+00
3.470539121864906207e-01
-5.234908393757820022e-01
6.345298600212778695e-02
-8.411172919874347897e-01
-7.956662085034302834e-01
5.986535618137081016e-01
8.237142936784564995e-01
2.516910695189347180e-01
-7.339984770302434569e-01
-8.830501641528547552e-01
-8.454757000567836300e-01
9.667290935863448453e-01
1.434908753119783498e+00
7.194951693096838241e-01
-1.652414768163428249e-01
-3.221319756466964890e-01
-8.681959447191083257e-01
6.066334977128526873e-01
1.026777994921907577e+00
2.350969143621597368e-01
1.012862349557421382e+00
-4.888458083907343266e-01
-6.024029773849353120e-01
-2.255530154777085627e-01
-4.505397979817900023e-01
7.293984453577415650e-01
6.963340431361650928e-01
9.220725376642224802e-01
-5.165114103909251853e-01
-6.190987898898292485e-01
1.117032158725911550e+00
3.449689944711487044e-02
6.056322626989203428e-01
-4.852206485038230710e-01
8.322931625399307975e-01
-7.291992576812393878e-01
2.128680821630588582e-01
1.373060351086010655e-01
5.806293721827335830e-01
-1.261693192323356527e-01
-1.175878582930240945e+00
-3.313014501125213229e-01
-3.144210241719189725e-01
3.928768635035764234e-01
1.228940772376015289e+00
5.294249180615997474e-01
-7.748837106087647086e-01
-2.338992013820631044e-01
-3.474353762266328971e-01
-1.167605415457499962e+00
-1.144112552810824468e+00
-1.232717663640578998e+00
6.533292501697927079e-01
-4.537770984940454611e-01
3.651262019709378137e-01
6.717291189446878974e-01
-6.343195154246306089e-01
-1.046980801159619112e+00
-7.482687299255239566e-01
1.265646962085078542e-01
-2.559853732255676917e-01
1.148035576017647941e+00
-7.435925628013029254e-01
4.307566700968585849e-01
7.730493541649785527e-02
1.656866070442442052e-01
1.997476943729097343e-01
1.191981262790018370e+00
7.300014420569169715e-01
-4.581272442797619249e-01
1.586595123259626483e+00
-3.645703010501328833e-01
4.898325775119571901e-01
-8.791262684517562320e-01
1.805392648027002167e+00
-1.187669662964840889e+00
2.958568224504665167e-01
-5.010676696846694256e-02
1.082979760268706571e+00
2.710879869328746139e-01
5.852399605164384511e-01
4.457437464167419705e-01
-1.990515034944593253e-01
-5.285475247171653734e-01
-1.324482566948432805e+00
-2.126111783552211421e-01
-2.941096363031050487e-01
3.453931529044238502e-01
-6.260770319066448764e-01
-4.328317463830968492e-01
9.468427361943732024e-02
-3.740963680982343220e-01
-1.175384380557454200e+00
-5.834525192300787921e-02
6.396018634457787400e-01
-1.050856471240579904e+00
1.258305017750718235e+00
3.058342438958856491e-01
1.700600428739296177e-01
-2.294150126003007273e-01
9.849680753602907402e-02
4.274036784476109574e-02
1.211747305385982187e+00
-2.421607145178610310e-01
2.908993308435094960e-01
1.105144903118029376e+00
-4.658203031574448261e-02
-1.584231093071153396e-01
2.178634319191203872e-01
3.811873053627650165e-01
-9.719630031923207625e-01
1.494965356504484255e+00
-1.360033643399884085e+00
1.068015218430915070e+00
4.423544314242544573e-01
-6.152444768915561468e-01
-6.159699524926995906e-01
-3.313552228335687744e-01
8.990940034953194271e-01
-3.662309550271274361e-01
-1.053160935262269504e-01
-5.234467435523750822e-01
-5.182291713611153483e-02
-1.039521489396489251e+00
-2.504454896003158737e-01
6.198602009367339960e-01
-1.571523761176543132e-01
1.480028701872093677e-02
-8.091559011393449907e-01
1.380593605824634196e+00
1.401115652746600659e-01
7.875908362142176600e-01
-1.020852444215885058e-01
-1.048416652668837656e-02
1.245738635039401743e-01
-3.972820358238990934e-01
-4.985923297618279904e-01
5.659510331490125168e-02
-4.231263603635486703e-01
-9.175657366820324512e-01
-1.273320707103600125e+00
4.247612730379621837e-01
-2.401812848243194409e-01
8.666665787528771148e-01
4.960811503576962878e-01
4.741701395559498877e-01
3.338925140026489657e-01
-6.124093545360906887e-01
7.021341735869377487e-01
1.088451549992381473e+00
-5.222408042936628192e-01
4.958698456933507970e-02
8.155345595407617054e-01
1.979246423902729646e-01
-2.970177479002833465e-01
-1.262158012065145662e+00
-7.675326267669273506e-01
2.641606688996045449e-01
-6.428402547130156464e-01
-6.537949031646661524e-02
4.454348302213029243e-01
-1.765259035214352679e-01
1.698141820931287072e-01
-4.076161291167483824e-01
-2.702458109066423475e-01
1.185470932692904711e-01
-7.247602776231216737e-01
3.855705815390901847e-01
3.710039418235524522e-01
-1.186519403058714950e+00
3.685482876306522826e-02
-6.345259503455240591e-01
7.272719714149555870e-02
1.624340230556029496e+00
-9.910011862158061291e-01
9.001586698580688051e-02
-1.212130082677162157e+00
3.203347633660094118e-01
-1.046018716454267583e+00
-7.866755753199505818e-03
1.773667325777585901e-01
-1.981486484098784473e-01
-2.903288974668694067e-02
6.773204575037272690e-01
6.263002252907217127e-01
3.103231474763088471e-01
-1.319257221304148686e+00
-1.470724625841853150e+00
6.361167535056022615e-02
-7.582124770281399861e-01
-6.243626802119202068e-01
-7.303552834567872409e-01
7.905258170278104402e-01
1.003233885004108927e-01
-2.324452424280467611e-01
7.681156321739361914e-01
-5.729217902889081060e-01
1.654538223748655668e+00
-4.572512232860042047e-01
6.794868088447518772e-01
-3.497451838837601912e-01
-3.126849641705353733e-01
5.239390666483245695e-02
-1.103133347047703161e+00
-1.814884248781893916e-01
-8.004506823524337733e-02
4.460713746111633071e-01
-1.295325250312721721e+00
-1.184668293486858204e+00
-7.830626628796366617e-02
1.368106503990045297e-01
1.360918311042258466e-01
-9.204640086866451298e-01
-2.554541613062362160e-01
-9.741737037699769175e-01
1.879247249263293895e-01
-2.238179933061887894e-01
-4.502979662954409434e-02
1.044988459138341597e+00
-2.352671720780952214e-01
1.399009684639924700e-01
3.031230639081190503e-01
4.702063761826025257e-02
-1.247784987055595707e-01
-3.478366802939163449e-01
-4.594259184014859443e-02
1.371098694948632790e+00
-7.390840874022321927e-01
7.987642853684153721e-01
2.776091121869015410e-01
1.498804077508752997e-01
-2.671655549102327498e-01
7.782482847895462186e-01
7.765770399029969795e-01
1.032701907506147876e+00
-1.569724201116359019e+00
1.782445674904097999e+00
2.889949203974007119e-01
7.594274096687332332e-01
3.000970729270928672e-01
-6.898931819889488892e-01
-7.131824218153957062e-01
-8.267436187258994096e-01
2.123005145246859016e-01
9.030855882288406633e-01
-1.014403174599258772e+00
5.505609619483973205e-01
-4.624270654290283389e-01
1.846181939673794403e-01
-2.175060616754951326e-01
-1.440766911250039861e+00
1.290823070212427481e+00
-1.333541698012457921e+00
-4.970082722499755690e-01
-9.504531862260057196e-01
3.414502898530349384e-01
2.437733807467861169e-01
-4.756363438992989856e-01
1.462333344333364593e+00
-6.853446119792998559e-01
7.691836392777950948e-01
2.489095595670054450e-01
-1.475831913912468707e-01
-1.139882660397883996e-01
8.323515427992989046e-01
4.201687118913879360e-01
5.567017163198171303e-01
1.306247152758089669e+00
-1.297336127315670495e+00
-4.159214043816366058e-01
-5.594459415266435087e-01
-7.316426490323841847e-01
-3.884587854679555363e-01
-4.755437963698696535e-01
1.268186042369858768e-01
5.956286826202648044e-01
-3.377605466565389847e-01
-1.510947272429046251e-01
-9.125081967312809184e-01
-1.166228793391131724e+00
-1.076729473338321696e+00
-1.046021726997079071e+00
-8.394683161073146493e-02
3.877558101560634185e-01
-5.683533968288330129e-01
-4.306264367408259019e-01
5.362984142939097865e-01
3.426826580102515507e-01
4.712188492070623624e-02
1.026320221540868438e+00
6.882406978396922170e-01
2.531699110380980500e-02
-1.298437976394808402e-01
8.936104367239181556e-01
-5.829709274358565452e-01
-9.363441928955502647e-01
-4.412285761843488530e-01
1.557008099484260555e+00
-6.431503341786211081e-01
-1.616677812759004240e-01
5.414065637559293265e-01
9.495949469771129969e-01
2.602377782820202157e-01
-2.947312520890834620e-01
-1.199800604831289252e+00
-8.028244152625001462e-01
4.351495285474111796e-01
5.041131840864663261e-01
1.456784368389607565e+00
8.275537946831672542e-01
-7.229804079855384202e-02
6.884605033205257740e-01
1.296513486240246316e+00
-2.998387477793862388e-02
-1.071542834346805861e-01
1.687737972580395152e+00
-1.784872917171380635e-01
-1.304960207421295149e+00
2.720761618537457238e-01
-1.190938562925696775e+00
-7.183655809435975925e-01
1.227996105781350877e+00
1.393598886588165442e-01
1.318744711298932337e+00
-3.612150894047507776e-01
4.807224535915679553e-01
7.084433374128806804e-02
2.871368161875773595e-01
-1.038573879138185774e+00
-3.902004277867199278e-02
-5.868738822330445970e-01
-2.304956753119844493e-01
-9.277205492934115227e-02
6.716145765716818872e-01
-1.977803389820715907e-01
7.711636230100316070e-01
1.315357304970835806e+00
1.944158433528730967e-01
1.303634510255422541e-01
1.384771854037404992e+00
6.506351973084125717e-01
-8.674664100359743557e-01
-3.634167827834637876e-01
3.191087303750625992e-01
4.832637685034946173e-03
-9.630564436023192343e-02
1.039285967251832865e+00
-2.586064022064586965e-01
1.267628869035428707e-01
1.099573247232653372e+00
9.375730515580782409e-01
1.046140805454681910e+00
-1.285011550975232453e-01
7.324812597077734466e-02
5.830827462192935684e-01
2.539701833451237789e-01
-6.878201612973295909e-01
1.008850467008040042e-01
4.620616952254099630e-01
-6.562057714364941674e-01
1.616129123927873223e+00
4.405854793140129289e-01
2.844419731840517329e-01
2.793866889809617504e-01
-8.790897742752159516e-01
-6.694277475449847969e-01
-1.492664636072497775e+00
-9.584906175622069924e-01
-6.045895472309039675e-01
-8.186252228428063660e-01
-4.572571290525999643e-01
-5.863229637299474106e-01
5.711479426162746620e-02
-4.555135422666296563e-01
2.792972887162683548e-01
4.850542382763700644e-01
1.389271236080857008e+00
-2.878655410414232563e-01
2.172408200049611438e-01
-8.330851039054518736e-01
-5.247372288105536242e-01
-5.352380359620125816e-01
-8.902764870948098874e-01
8.679882063138988357e-01
1.351044075799451072e+00
9.780344464735257759e-02
-6.802082581330886057e-01
-1.163249074081869061e+00
1.915465096121735655e-01
6.016083489269341555e-01
7.639158757052957327e-01
9.311065155427602491e-01
-3.099947352447474103e-01
9.603924267946428728e-02
-6.868103648972621045e-01
-4.241502301443400569e-02
-3.570698960557212587e-01
6.056495465430886682e-01
-2.602466353778423169e-01
5.220273792733856055e-01
4.188850443765108622e-01
4.332986174860931072e-01
-1.227193825683178474e+00
-1.090142030435212295e+00
-3.724020367003575416e-01
4.806105709423018624e-01
1.037458331504652165e+00
6.833425538100552643e-01
6.971773506670295717e-01
1.386664542240088061e+00
-1.273662341027481659e-02
1.389643690889794669e-01
-5.556208250934320247e-01
8.694880948744243554e-01
-8.051395309587130455e-01
-5.746345805553243480e-01
2.731291145823249167e-01
7.318747396929197180e-01
-3.034345937207749699e-02
2.024205255479882837e-01
-1.011225792469456763e-01
1.152404493908103511e+00
-9.425165991359572004e-01
-6.572742990074953440e-02
-3.661219258181809266e-01
-1.533074913787765947e+00
-5.300650237114545860e-02
-6.521696016382465544e-01
1.775630408797237436e-01
-1.073809982748770597e+00
1.029824859420340744e-01
3.961540257913975793e-01
-4.186506074994591486e-01
-2.066034211381042596e-01
4.439704660706063066e-01
4.440216813683779407e-01
2.068944653036353110e+00
2.203027055948068025e-01
1.965584212958750854e-01
-8.094832168177923393e-01
-5.127719313972036730e-01
2.557741979008731903e-01
-6.106415773580726736e-01
8.444360258531649066e-01
-9.442923857980476399e-01
2.332644331796149828e-01
-5.365100896001937514e-01
5.119385885552585336e-01
-2.957227160552706735e-01
8.793746301964411316e-01
-9.000831042600729859e-01
1.170479341808441376e+00
-8.419679355639306806e-01
-6.970235877116106593e-01
3.998023837969952865e-01
1.927128236358015556e-01
2.137374031666103846e-01
-1.172958664596990275e-05
1.858134471040626678e-01
-1.577071218594738866e-03
-1.065851309416538939e+00
3.336392761688760089e-01
-9.316159030545421160e-01
1.107280291593069066e-01
7.749382851373258774e-01
-9.097159799689951143e-01
-3.837285489178743347e-02
5.577915559895600950e-01
-9.307238777113022721e-01
9.011076624756260145e-01
-4.434539148431344557e-01
1.158072199253325607e+00
-1.405130474766398407e-01
-3.203481484098791299e-02
-1.326203064859465375e+00
8.271080376233941323e-01
1.129795898885568306e-01
-6.415415579830492376e-01
-3.915663049482844826e-01
7.278219612677698791e-01
-1.974754015551045683e-01
-1.015740033740989645e+00
4.161417473239978904e-01
-7.372891145113076306e-01
-1.070224203431305199e+00
1.077218180448994644e+00
5.346435700221334741e-01
-1.065601087370684041e+00
8.913017232789544053e-01
-1.048233685169576823e+00
-1.003086367829142400e+00
7.950042374571273385e-01
-1.659556934052979216e-01
-1.344302997467627936e+00
9.247695989979867193e-01
-1.392996699772943714e-01
-1.846177333757594852e-01
-5.465462385955071056e-01
1.305266804959913429e+00
-7.079523480267040370e-01
-5.247562920572619305e-01
2.992744555701225551e-01
-4.161851157576172966e-01
5.163996325336004389e-01
1.136445975544698506e+00
-1.474004693431132385e+00
1.352865092805730640e-01
9.427034860148886253e-01
1.539188191143816553e-01
-1.012559138193521946e+00
-1.824586694038830004e-01
-4.321689264225963001e-01
-2.647721660455388815e-01
1.086439221328161508e-01
7.648074016117263341e-01
4.386305745285934421e-01
-9.269081117356705590e-01
-4.274948764887316344e-01
-7.022167453996841502e-01
-3.639160360755813173e-01
-9.000205718263387666e-01
-9.215507596416223635e-01
4.285125437441319463e-01
4.352293457468832116e-01
1.925857294915527262e-01
1.372642526293054388e+00
-3.379819291910131085e-01
-1.782191247318909433e-01
-2.191096091576847371e-01
4.285413965684270465e-01
-3.477635179786400244e-01
-1.140263266033012535e+00
-1.510868069670316949e+00
-2.220495417611410005e-01
1.056919453020553235e+00
-4.559800882367079922e-01
-3.011797941025786685e-01
-5.192672747108382225e-01
3.727913145725718636e-01
-2.325279558188073636e-01
6.140869116719995802e-01
-1.258033027507661217e-01
6.940995792801114561e-01
1.353063299503034500e-01
4.098821510619270470e-01
-4.708613537623786982e-01
7.979344333797699917e-01
-5.845549636556146567e-01
5.596255351044465698e-02
-3.134435927484551243e-01
-2.907268191238197019e-01
1.084996905314092430e+00
3.397036983307168967e-01
6.061013031483710733e-01
4.396151094254063807e-01
-5.260501688732537318e-01
1.356033128270101251e+00
4.941175835222288981e-02
3.829165077466578637e-01
-1.961836599496669109e-01
4.314816696350787240e-01
1.041572623184969792e+00
4.169801694089860788e-01
8.460557182714545377e-03
-4.783495235473376184e-01
1.292636532240898362e-02
-1.228954409335791809e-03
7.573086023250574783e-02
-9.181946951160115944e-01
6.515557013453392443e-01
4.582633300094505202e-01
1.206130102393068171e-01
-7.664270760457378984e-01
9.526623357202312903e-01
-1.403374239296404369e-01
1.022198119215951273e+00
4.264684589300884454e-01
1.298007329060546056e+00
8.109449110551274487e-01
-9.572775712620540389e-02
1.301179915222649974e+00
9.727560522104106155e-02
-1.291291539154714840e+00
-7.543705088655432434e-01
1.601081727418876000e-01
8.942887096240959011e-02
5.513235972268741847e-01
-2.544168858252042753e-01
6.709651950309716284e-01
-9.563741040614850419e-01
9.035198144959011302e-02
7.405629101986033191e-02
-4.885681043448553140e-02
-9.122604543136745292e-01
-1.663735508007242458e-01
-1.401697940497539374e+00
9.031540092388734564e-01
6.946402157340703098e-01
8.169764389284637218e-01
-1.017520970469740771e+00
6.275234083849499100e-01
-1.385948911133780381e+00
-1.200648348914856278e+00
6.503906456218810916e-02
1.174603611929896374e-01
1.681334075120926030e-01
7.502005416604484722e-01
2.527175704924333743e-01
-2.207633040447145589e-01
3.107312429600881387e-01
-1.221426594235828667e+00
4.742121226635287456e-02
7.652192474249916998e-01
1.507146632005320619e+00
1.201195684143964826e+00
1.469071117433458085e-01
-1.273334813463318227e-01
-6.136565229954271672e-02
-9.061796776260857555e-01
-6.530094753420216946e-01
7.062305430779343141e-01
-3.436123223794442794e-01
-7.148403172215456181e-02
-4.055296937063168627e-02
3.182021877410869948e-01
-3.352259484915132148e-01
1.290456121394980116e+00
3.289809565563395211e-02
-6.429035306950936501e-03
-4.197580688761295420e-01
9.118021614639335581e-01
3.014481742083923166e-01
5.581857763327331412e-01
9.239245648064073890e-01
-5.634566513745395966e-01
-2.825307212978360738e-01
1.159636112714576228e+00
-1.452412258474199191e+00
5.711721383530132812e-02
-3.804580573278792954e-01
6.874035895201640045e-01
5.450917480210950572e-01
-7.604150755985124022e-01
-3.249139967914764782e-01
-3.031985757666664227e-01
4.522479081101611342e-01
1.104806109445819473e-01
-8.921053355998607159e-01
1.143516227701162791e+00
-2.004999737976831398e-02
2.098404316596358399e-01
-5.350340916402034352e-01
-1.780546346919873457e-01
-1.045132592827080487e-02
1.417773709406946026e+00
-4.555390876797913435e-01
-1.488471445058889842e-01
1.269151674053325962e-02
7.535553342380696407e-01
1.039543881380485146e+00
-6.832639158097819632e-01
1.088837814011089478e+00
-5.840751344257553157e-01
-1.200733004519434211e+00
-6.758753699094199874e-01
-6.462634631055195200e-01
6.852208901928591445e-02
-2.636127863189887677e-01
9.265096536498962365e-01
-7.043001285611527607e-02
3.286874341395904509e-01
5.426573844825455240e-02
4.212201095541683316e-01
-6.701142661661876332e-01
1.281172788305271482e-01
2.049326828197298056e+00
-1.400924894274941934e+00
-4.813968905457874925e-01
7.678452271582347777e-02
6.364036654687224015e-01
-5.216067608695009739e-01
-8.356553154968455743e-01
3.727822322880358641e-01
4.508803575915409922e-01
2.437671669988521472e-01
5.915399746455305419e-01
2.124779022535641104e-01
-7.949756234105143093e-01
3.822692151241291469e-01
1.740452968882957308e-01
8.981422906718137256e-01
-9.878551054679878263e-01
7.702269846566114353e-01
-3.369347383141239050e-01
1.076018508912382821e+00
-4.696371017855911489e-01
-1.039187336652988236e+00
-2.453241487467208160e-01
-2.251011191903655728e-01
-4.636133293781696807e-02
7.200814385540219575e-01
5.862181963738937185e-01
1.231617341486312966e-02
-1.509308471415762298e-01
2.536308564998890347e-01
-3.234331798513636613e-01
-8.990179403837528227e-01
-1.030430520301859332e-01
-1.008210104076099345e+00
3.371032083711220650e-01
9.899231406908626241e-01
2.443313902898314183e-02
6.765565519029603792e-02
-2.720907772665350777e-01
4.692996613368363157e-01
4.730330835305185389e-02
-5.471650727947245940e-01
-4.702624065416571852e-02
5.878659390751295177e-01
-1.436135422383341798e+00
7.074705212047476266e-01
-1.226800544855253250e-01
-3.435326796953770412e-01
3.407983295834284831e-01
5.419260281199989038e-02
-7.751381320592178881e-01
2.148255464934143433e-01
6.039960558297607918e-01
-4.295168317485522635e-01
9.756520005881998969e-01
1.777171540207467260e-01
-5.984479182878104098e-01
1.487118610787874218e-02
3.040034136518512398e-01
-1.425741729659817825e+00
-1.880272622284939743e-01
-9.957318240804449161e-01
-1.556982177476444296e+00
5.117732905563006085e-01
-9.292991297220343228e-02
-2.508216754164314111e-01
-9.621339942221673880e-02
-4.225299228423118336e-02
-3.681337172288658977e-01
-9.324360237145592478e-01
1.127297639552239161e+00
-5.189322368202251567e-01
3.549932644008286786e-01
2.162140156254288570e-01
2.322434264257502434e-01
1.323823134281010283e-01
-2.081298604236359040e-01
4.661551273018904595e-02
5.121619198104880866e-01
1.629999088751265646e+00
3.132608385859558808e-01
3.313833082296824273e-03
-1.306260205274342834e+00
-7.075460343140482777e-01
-5.712033197215946601e-01
2.460637487288019898e-01
-8.635805211641782719e-01
-4.988245109007847233e-01
-1.127860730270882073e-01
-9.543156285253342475e-01
8.089524246575194866e-01
6.408081996911185740e-01
-1.920991379655170306e-01
-9.204198164568868634e-01
-9.998347676926568894e-01
1.980553443340511421e-01
1.159095616565077869e+00
2.799539429518258515e-01
-1.344063472936687376e-01
-1.288924295614309656e+00
4.851737200885919421e-01
-6.150874619754311823e-01
5.656096927428873045e-01
-1.330570924561441437e+00
2.578956172665645141e-01
4.680869252444619377e-01
3.172164690400611775e-01
-1.003799740160397747e+00
-7.310035340408207460e-01
7.262508889442234050e-01
1.156282096720953056e+00
-2.464623394444638294e-01
6.970313377938524013e-01
1.579404437870158162e+00
-1.345180127397078707e+00
-6.427553934543226433e-01
2.629615952705846027e-01
-1.870300407697911282e-02
-4.573231043403627183e-01
1.878146054574347801e-01
3.266468272685880692e-01
6.060816005637104098e-01
-9.494419359697312544e-01
-2.822133171526903794e-01
-4.289668026238508958e-01
-9.083877134121660646e-01
-3.889172131269598154e-01
4.238199971783647158e-01
-9.923798453790242391e-01
9.405418892271377729e-02
2.986840064987204002e-01
-1.044399465534775473e-01
6.266151043835108680e-01
1.111726871996555843e+00
-1.181945648588573761e-01
6.385167318946960435e-01
-5.872616128885841391e-01
1.003114322983691409e-01
-5.983209090179606449e-01
-9.261901540490304896e-01
3.134397496594427679e-01
-1.685627770784252633e-01
-8.085919607342386684e-01
2.586047561875126632e-02
8.899238073962045803e-02
-4.750247218687686512e-01
-6.589221328448147119e-01
3.925770893285349672e-01
1.638986635120232904e+00
1.735767211741165994e-01
5.816271257443315079e-01
6.649613451782121487e-01
-1.099820717481634347e-01
-6.423116090248743859e-01
1.255443821677593164e-01
-8.476757332442552695e-01
-1.802381400109649423e+00
1.292454308850584432e+00
1.483737338847205045e+00
1.615454499562041235e-02
-1.434056351493388171e+00
-1.985687696113966894e-01
1.527514974067836206e-01
3.802945648781523857e-01
-1.326842173108351286e+00
-1.388074990422696331e-01
-1.010710579881690663e+00
2.450398878934603175e-01
8.275227605962065525e-01
8.968502283284740528e-01
-4.034247979510148241e-01
-8.229070042138904029e-01
-3.941335000684356160e-01
-8.290328929373380618e-01
8.655060864269081833e-01
5.090006811983975865e-01
-3.732491890548192970e-01
-1.363432895324221406e+00
9.188328180029934344e-01
6.718272744936637508e-02
-4.110015176638617262e-01
7.946166938257981371e-01
1.058311764367145358e+00
-9.819515436866241842e-01
7.583866828380045888e-01
-2.420158638705416365e-02
1.983805443303303662e-01
1.348928948821673579e+00
1.712950571030549263e+00
7.363824229627260465e-01
-1.074641100361262147e-01
1.373224651972609678e+00
1.353810971643989447e+00
7.419217997505604956e-01
-5.559279889809340958e-01
-1.055383997967942467e+00
-7.854711323870393613e-01
-1.227665261058505930e+00
1.613930801988576746e-01
-1.067304502520782794e+00
1.072605409366236273e-01
-6.816905365460845800e-01
3.751368400934538272e-01
1.811480837269243693e+00
3.076385452441945390e-01
7.946349832877785957e-02
-7.157020768940904887e-01
4.153816255675568669e-02
4.927174441542847561e-01
8.293771376851974964e-01
8.297510436165822512e-01
5.314570485097993569e-01
-1.563222666264525440e+00
7.435379971915505593e-01
-8.969043960488587430e-01
6.427179091515515807e-01
6.101431434645441243e-01
1.133588834320597982e-01
3.699975098977841270e-01
1.131268557549816478e+00
1.227913880276539693e+00
1.070007473945011611e-01
-1.272998390844597427e+00
-1.051742168897862761e+00
-4.226706812991043449e-01
-4.461052266761216245e-01
-3.918065060480104833e-01
-2.562569289488250135e-01
-1.116390892496639253e-01
8.755647313159808931e-01
4.819966682847667272e-01
7.951690714602888121e-01
1.875013429649632357e-01
-5.559850955935434769e-01
9.742150991573828023e-01
5.182888132003053983e-01
3.875715209448191700e-01
5.911474236018463557e-01
6.055413650993646257e-01
-6.643133175004347635e-01
-2.241806526648471021e-02
2.847731274319675876e-01
-1.109902171858423436e+00
1.007895915704617451e+00
-3.100526065340591941e-02
8.882591549723262148e-02
-6.613435673261891523e-01
-4.920805684439777394e-01
-7.173233161998107121e-01
-7.049754678828126231e-01
1.159598326623711984e-02
1.911165067768896719e+00
1.305821487908470857e+00
9.187431153528304861e-01
1.021375182711690144e-01
3.867978376326579593e-01
-5.387159049416956336e-01
-1.740460467550679624e-01
4.319438894429872278e-01
-3.875053451085896938e-02
1.085862281787250971e+00
1.526467818960393963e+00
-3.360508282668437374e-01
-3.441937694834908967e-01
-8.820285682343289579e-01
-6.198120803785318600e-01
4.456364082982240404e-01
8.479740733028151567e-03
-2.889214257184775647e-01
-9.025950707517615967e-02
3.598425655554970959e-01
-2.658063723390213795e-02
5.314701833704926770e-01
-2.840299719050491944e-01
-1.865244304564086519e-01
-7.956906450947789367e-01
-6.171729324755146351e-01
-3.552026375753163379e-01
6.471441141047806767e-01
1.291933529361797284e-01
4.696167893675884386e-01
-1.326257289310905918e-01
-8.087470962596814417e-01
-3.485488494903519197e-01
2.693969632016104399e-01
-5.367494569851185560e-01
1.308572986078004874e-03
9.042060971677674530e-01
-3.408203518388672748e-01
5.344786611414340527e-01
-1.221431340326724069e-01
-1.421285808091621305e-02
1.387199789017254048e+00
-4.527303033966347812e-01
-1.105946952177109921e+00
-5.601484395629530155e-02
2.017643565880433698e-02
-6.155990854221133901e-01
1.057570073558824930e+00
3.776882973161344026e-01
-1.382923133305362651e+00
2.383382864825058789e-01
3.472334559079683913e-01
1.262912941886956908e+00
-1.857058562716069616e-01
-2.590051035713445415e-01
7.498279560235410202e-01
-4.028609527403048673e-02
-4.242282105946815207e-01
-5.130970670601300299e-01
3.738894955402392029e-01
-8.363864067558424154e-02
-6.918499304032286190e-01
2.072995070342189550e-01
-1.176675380841069707e+00
-4.420270852159600139e-01
2.618932895146430795e-01
-8.869260703850336824e-01
-4.644746843175244777e-01
4.512381258502973225e-02
5.027417717362965277e-01
5.977122469195075283e-01
-1.187251588352924880e+00
8.377157311050531519e-02
5.192311365326762740e-01
-1.773521444283341353e-01
2.847527349023408760e-01
-3.935998489486447482e-02
-2.101947709576075241e-01
-6.218351836659756771e-01
4.278557252311845360e-01
-1.507599435582651637e-02
-4.898618331599253750e-01
-3.713360997245001016e-01
1.227481854789598259e-01
4.414690728846366596e-01
-2.558674955129349726e-01
9.105971228597020684e-03
-6.766602975696480726e-01
3.777538273462113239e-01
-9.683157775218997898e-02
5.701901148176631295e-01
3.032066470399055191e-01
-6.148088398779529840e-01
-1.663711390557206293e+00
-6.797485331080732607e-02
-1.293679224352251023e+00
-1.310092403758611468e+00
3.848620090504564217e-01
6.319673926330775515e-01
2.091801199033763936e+00
1.387225887560727955e-01
4.319580902763959784e-01
-1.694680741472280872e-01
1.117240802424125157e+00
4.706662786543773791e-01
-4.474976719941619052e-01
-5.961427755851058663e-01
5.292713832843585209e-01
8.291218919587484137e-01
5.855517723902785576e-01
-3.521688335809027848e-01
9.670649803599395966e-02
-1.571152516791186393e+00
-7.399847476364680432e-01
1.131676976549860214e+00
3.986441989564850630e-01
-1.195475625529248909e+00
-2.858188122124900588e-01
-8.888444668443895580e-02
1.072951773436701117e-01
-1.118166207460369321e-01
-3.283006142062694366e-01
4.917265227941536310e-01
-1.564399831561784637e-01
4.731145981855533478e-01
-1.784496375046176198e-01
-5.188308322863433020e-01
-1.532120136081273287e+00
9.654576220704491618e-02
-3.795678749451631973e-01
-6.019127391793688275e-02
-1.000084153431477052e+00
1.100402404953126023e+00
4.835188259443965464e-01
4.278102642941732370e-01
1.554764765230327583e-01
-1.521019630898212682e-02
8.803391266422444517e-02
-2.315399492220162614e-01
-4.015172062565799393e-01
9.389668903673253908e-01
-2.718683380547393114e-02
7.675075318131732161e-01
5.072904384619363327e-01
7.486726993302461608e-01
-1.717036016083977046e-01
-1.121772985747071516e-02
-2.235122435767431526e-01
9.474249657202769015e-01
-4.583386865116745312e-01
1.775831426116614153e-02
-8.472872102449127141e-01
-1.985147425355023643e+00
4.421015860803318986e-01
-8.982435840593030463e-01
3.881674584887226942e-01
4.770827383094964347e-01
-6.705318860443076900e-01
3.321131076302350493e-01
1.045603735831639014e+00
5.129446005135287479e-01
-5.521962708418239885e-01
-3.126398732379040979e-01
1.019375834602226583e+00
-6.395585454976391304e-01
-3.818151949949477597e-01
-6.043896682191229885e-01
3.754344488936522950e-01
-7.356596031655557866e-01
7.296753744239854456e-01
-7.252797233477279448e-01
9.136866716364018259e-01
-6.142690265102066505e-01
6.790527542542799111e-01
7.460587867239425464e-01
-1.337921363044178413e+00
2.694044713619767606e-01
-2.055675729979871136e-01
-9.104614801554449244e-01
-6.004886531586972609e-01
1.529648300213350964e-01
6.490408950496462381e-01
-4.904217216259443290e-02
7.190611513227960216e-01
-1.914933949946648895e-01
-8.121471563983480024e-01
1.934696982587391645e-01
-4.313539671996551306e-01
-2.302094741534252975e-01
-7.675754130156429156e-01
8.146213419863768124e-01
-2.973582306190989399e-01
1.791553542251076436e-01
9.075559744658274752e-01
8.995445663940158099e-01
1.759096964269618368e+00
-3.278170290737731918e-01
4.548933634871863418e-01
4.803553736343824099e-01
1.706853928538656362e-01
-7.166920856607665868e-01
6.239385160163699595e-01
-1.380071292725365772e+00
1.831945462690018900e+00
6.985575203888751972e-01
1.110725024660183635e+00
-8.647150778068741772e-01
2.619112356267558894e-01
1.379786512435332568e-01
-1.608928814359904536e-01
-1.034254305291796960e+00
7.238788007964824800e-01
-8.826997115411314709e-01
-4.107919045843990702e-01
1.194077281667979662e+00
-1.134741465538906091e+00
4.310515439490059109e-01
-6.327422940223037529e-03
-2.400357217913757779e-01
2.248905969689598550e-01
-6.216979190648075360e-02
-3.349342817286977692e-01
-3.043379956890790439e-01
6.883802673459493704e-01
3.549768444185925631e-01
1.093123436007774174e+00
5.487796600361178889e-01
3.491294474444632812e-01
-7.177014064283646633e-01
9.758209334599632356e-01
-5.921002885725741294e-01
-3.429211861380698778e-01
1.580112203510858571e+00
-5.966998933386076231e-01
6.493328597253693601e-01
-4.064940216261083705e-01
8.568171989959694201e-01
-1.245333322938988463e+00
2.600994932530031889e-01
-2.069482401573328190e-01
