3.637000000000000000e+03
3.269000000000000000e+03
2.882000000000000000e+03
3.899000000000000000e+03
3.157000000000000000e+03
4.855000000000000000e+03
1.100000000000000000e+03
3.188000000000000000e+03
3.194000000000000000e+03
1.472000000000000000e+03
1.270000000000000000e+03
1.552000000000000000e+03
2.739000000000000000e+03
1.533000000000000000e+03
4.869000000000000000e+03
7.030000000000000000e+02
1.929000000000000000e+03
2.224000000000000000e+03
2.027000000000000000e+03
2.786000000000000000e+03
2.377000000000000000e+03
2.178000000000000000e+03
1.666000000000000000e+03
9.740000000000000000e+02
1.395000000000000000e+03
2.894000000000000000e+03
1.951000000000000000e+03
3.317000000000000000e+03
1.770000000000000000e+03
1.466000000000000000e+03
8.740000000000000000e+02
1.282000000000000000e+03
1.983000000000000000e+03
1.707000000000000000e+03
1.806000000000000000e+03
4.771000000000000000e+03
1.646000000000000000e+03
2.541000000000000000e+03
3.604000000000000000e+03
3.059000000000000000e+03
6.870000000000000000e+02
3.611000000000000000e+03
3.378000000000000000e+03
1.137000000000000000e+03
8.450000000000000000e+02
2.665000000000000000e+03
9.360000000000000000e+02
2.266000000000000000e+03
2.794000000000000000e+03
5.659000000000000000e+03
4.233000000000000000e+03
5.007000000000000000e+03
4.856000000000000000e+03
5.182000000000000000e+03
4.763000000000000000e+03
4.070000000000000000e+03
8.680000000000000000e+02
4.966000000000000000e+03
4.369000000000000000e+03
4.575000000000000000e+03
5.294000000000000000e+03
4.826000000000000000e+03
4.743000000000000000e+03
4.289000000000000000e+03
5.362000000000000000e+03
5.410000000000000000e+03
5.356000000000000000e+03
1.600000000000000000e+03
4.641000000000000000e+03
1.206000000000000000e+03
5.154000000000000000e+03
1.129000000000000000e+03
5.190000000000000000e+03
5.620000000000000000e+03
4.116000000000000000e+03
5.064000000000000000e+03
4.795000000000000000e+03
5.163000000000000000e+03
5.278000000000000000e+03
6.080000000000000000e+02
5.084000000000000000e+03
5.224000000000000000e+03
4.901000000000000000e+03
5.283000000000000000e+03
1.138000000000000000e+03
4.427000000000000000e+03
4.448000000000000000e+03
4.328000000000000000e+03
5.177000000000000000e+03
4.716000000000000000e+03
5.720000000000000000e+03
5.206000000000000000e+03
4.272000000000000000e+03
3.378000000000000000e+03
3.522000000000000000e+03
2.505000000000000000e+03
3.967000000000000000e+03
5.082000000000000000e+03
5.233000000000000000e+03
5.651000000000000000e+03
