-4.483653137862031457e-02
-3.994673668857275928e-01
-4.155611637182072826e-01
2.584841965661244245e-02
6.113891111915314980e-02
5.098835950304083653e-01
-1.282683171403946165e+00
-9.541763165940384539e-01
-1.184769694443268406e-01
-2.731175703013164480e-01
6.829149383901942372e-01
6.226571918737375810e-01
5.537252914429480199e-02
-5.909934342935398988e-01
1.134097765783877776e+00
-1.266739896998623216e+00
9.314924184038115840e-01
1.144984090634881824e+00
9.173468125024619724e-03
5.179938373786203698e-01
4.363725824295263678e-01
1.058398524930115769e+00
-1.762643532738961127e-01
9.837175419716768232e-01
-1.091667167530898652e-01
-2.835709522786080683e-01
-7.650487411876971677e-01
5.028100472548278077e-01
-1.312176713350394763e-01
6.780029988218849724e-02
5.206086351395011746e-01
-1.460392793439311276e-01
5.651621726196633944e-01
2.249251028761003468e-01
-1.148240039529061285e+00
2.253399543421412687e-01
5.276256763542477302e-01
6.595006760898538545e-01
-9.657802398869552718e-02
4.956642362364789278e-01
2.396662943523271139e-01
8.985721375946216227e-01
9.616363108508076962e-01
1.092653990862820557e+00
-5.837706422158914776e-01
-6.099836874364328310e-03
8.259835539531579229e-02
1.956634831038375211e-01
-6.191203691874536119e-01
-1.257221334268503465e+00
-2.905379505091154613e-02
3.657991027297766706e-01
2.201277225171462959e-01
-3.210166321708580739e-01
2.074519799163283551e-01
-1.062172247560564831e+00
5.889013807684548851e-01
6.300814686790534580e-02
-3.123048144013740313e-01
1.121035419702552716e+00
-5.443791205025245716e-01
-7.933157944642310611e-01
9.407809540400950965e-01
-1.273720332342148431e+00
-9.296488608060027303e-01
1.145524912944665630e+00
-1.094772033898188113e+00
1.154815668758337743e+00
-8.245530478237768079e-01
-8.430213226055558451e-01
3.813079909333350059e-01
-1.311385476150750407e-02
7.311646956239243877e-01
-4.063011066832835638e-01
1.921633193835612374e-01
-5.891583201235635059e-01
-2.646144171148243629e-01
-7.391533167260337933e-01
6.023293334550849920e-01
7.905118946395681689e-01
1.179709984378368048e+00
2.626254915211188035e-01
9.319371451455671362e-01
-1.121679508555040172e-01
1.230567917704883385e-01
-8.872038754634310465e-01
4.548183744448301979e-01
-4.786965279679566976e-01
5.713293580938501037e-01
-1.265966349730174301e-01
-5.280557113376138645e-01
-7.794521641002036816e-01
5.748498166828710509e-01
-6.521562847274395835e-01
5.045344350296776526e-02
8.159978964342844421e-01
-5.187500923820609344e-01
-8.306533724401141683e-01
-9.771874799895154950e-01
-9.907903074520536535e-01
-3.140346005362255610e-01
-7.914480954020142178e-02
-1.112718654417720998e+00
9.579205721535473117e-01
-9.418166059602262052e-01
-4.968936589807420035e-01
1.919249054491807271e-01
4.282833770538152507e-01
-2.027812368168930846e-01
-4.806707118891964114e-01
8.594251891199196081e-01
1.083595112713116926e+00
-1.145460882691748949e-01
-2.265127011912397847e-01
-4.844478057096699430e-01
-8.413634908027720627e-01
6.060747578787033518e-01
-5.361670651373380281e-01
-5.852832652049784201e-01
3.249077942590972157e-01
1.534611008075437155e-02
-1.266869619569970240e-01
-2.112010045407934911e-01
1.060754883098470103e+00
-1.236511817151439097e+00
-7.264580683619357160e-01
8.319943695188332100e-01
-1.285698997485465345e+00
2.070035367196423337e-01
6.124034890038583256e-01
-6.533888364419047079e-01
-4.530877751500206330e-02
1.604106477645741435e-01
1.434522061408944893e-01
4.335716545268741839e-02
2.069680275387320023e-01
1.740584845195254360e-01
3.365159136548223628e-01
-9.877609539248304316e-01
9.408198725150089814e-01
1.135173033588664282e+00
-6.181186397196913873e-02
-2.964666192920386578e-01
1.044355826473891469e+00
5.336351024027639056e-01
-5.291595824464865316e-01
-8.327397686429431900e-01
3.813111851936801244e-01
1.095231125182474230e-01
1.293848443406497850e-01
-4.886852985654233095e-01
-6.908089102408974114e-01
-3.723675511171338215e-01
-2.336982850708393400e-01
-8.982240623321064987e-01
-6.333734889089956965e-01
-6.175945516099812238e-02
-9.971511925540168519e-01
-4.753529970964445184e-01
5.995461538123771916e-01
-1.069226815949731346e+00
7.655273170111662751e-01
-5.579050112364578595e-01
2.871038702057360226e-01
7.690171087945527617e-01
7.192207855830270447e-01
-9.815322158875607883e-01
7.505477161987128554e-01
2.803818381531630877e-02
7.786406804271051030e-01
-6.260371656754282199e-01
-3.606792555050946092e-01
-9.402077025652904041e-01
-1.337590578963076204e+00
9.135134168508649566e-01
1.070014096990425045e+00
-4.004414265118629856e-01
-5.832312650858630931e-01
-4.968243493047603820e-01
7.851128511988116898e-01
-9.127735562692382842e-01
-5.839266832629625981e-01
-2.822588881660088589e-01
-3.812098297038684080e-01
2.362786585789642402e-01
-7.799960615104009065e-01
3.061898665866991109e-02
2.559302353230048510e-01
-1.091251018138781781e+00
8.707074405388297578e-01
-8.854900619979497733e-01
5.665994396852340742e-01
2.204840466095516760e-01
-6.623952623117119742e-01
6.436555755344475216e-01
1.070191578317842840e-01
9.805330528946010205e-01
-3.582323141329908367e-01
2.159016909198561152e-01
5.739848012227781737e-01
6.086870170157858695e-01
5.472733109311658239e-01
3.352907860982234922e-02
2.364420678040950463e-01
-4.354374872441235667e-01
-6.143642948203886789e-02
-1.358566023120266752e+00
3.454737069158877460e-01
-9.524668051109417277e-01
-2.610550338814050519e-01
-8.965223466326062152e-01
-7.138779822782304052e-02
6.772646535772341991e-01
4.740776239955648563e-01
2.146479048287144309e-01
7.819395354233149575e-01
1.893600021582209081e-02
-7.925897156409265065e-01
5.521947144690564357e-01
5.058703857122086589e-01
-6.661341658134212196e-01
3.633331719484633737e-01
-7.819743447401599212e-01
1.234184578623728434e+00
4.519356724688705640e-02
-5.817551719843194746e-02
2.451206393819465035e-01
1.282759808230480303e-01
1.026909713679188485e+00
-4.909523943664115819e-01
8.548621502567659292e-01
1.940144754588004616e-01
-1.346225882024221221e-02
-1.111061653072986655e+00
-5.424809432706787504e-01
4.481742454560304623e-01
2.532977678074530559e-01
1.110623255379428187e-01
-3.006271257121948537e-01
-3.268279067325714493e-01
-1.011332618233248049e+00
4.788356640296429489e-01
6.540683432310814283e-01
-2.674605169965280638e-01
2.429637141740350614e-01
1.287044011558080570e-02
1.248957686831062119e+00
-5.121036012761521761e-01
-5.061199385402384010e-01
-8.898948570121341106e-01
7.963262253208185371e-01
-4.755098771047183703e-01
1.212851044612060392e+00
2.167221215885994923e-02
1.216561395851281091e+00
1.286612907804186356e+00
-1.209199272868408670e-01
9.100116748279400980e-01
-2.519168103176614437e-01
-5.412031357078461724e-01
7.087656682423588705e-01
-5.274413554847532382e-01
-7.267748288469118023e-01
5.604430560961182195e-01
-3.662087936890117135e-01
7.798099477959574699e-02
4.780620934584050019e-01
5.380192575030173785e-01
6.378390751824571936e-01
1.487523577395508667e-01
-5.788465966326050705e-02
9.221165097666306210e-01
-1.042920859727853866e-01
-3.110593930846494715e-01
4.727233733982050268e-01
-6.423559203098037074e-01
-5.982606026802379517e-01
-3.678685454862380411e-01
-4.827118012580227102e-01
-5.838695190544189728e-01
-1.241748227541306981e+00
9.741080044853820397e-01
7.154354027563600837e-01
7.021091035914732714e-01
4.834084734578354414e-01
-5.895461546477589465e-01
1.616623148363673934e-01
1.243163564200173710e+00
7.851125114058756793e-01
-1.761759616722535782e-01
-1.524761519118902342e-01
2.122518302359743814e-02
-1.729014555891970062e-01
-5.266806283863978422e-02
7.215849439668895471e-01
4.091154457975587633e-02
1.540787243229146952e-03
-3.207350663211707698e-01
-5.994080566777544306e-01
-9.413830174936101969e-01
-9.870118942101369086e-01
2.176432637391414460e-01
4.206598657978322109e-01
-1.504847437058289827e-01
1.002479448770019488e+00
-1.001493025152770500e+00
1.080516925368508296e+00
-1.058877076519852523e+00
-1.202351027375372805e+00
1.189315743551261129e+00
9.203909979241764461e-02
-2.924192161399394863e-01
4.114073462171425888e-01
-3.450186372124388612e-01
5.164069434413995907e-01
9.060468971638986346e-01
-1.407098365698837839e-01
-9.212200946185031825e-01
-5.915228422666070074e-01
-7.169499800168042114e-01
-6.456162578272337527e-01
-9.599569367172247070e-01
-2.738570225225540611e-01
9.841953172773498792e-01
-7.293960750932555470e-01
-1.489098759921523296e-01
-1.508808014960481003e-01
-1.018702951414629965e+00
5.996945489702216747e-01
9.867022246303687183e-01
-5.387082094232633622e-01
7.627385795085350750e-01
8.581492231524574521e-01
1.713375587357726104e-01
5.283225875073220834e-01
1.330732315990211134e+00
7.948633342493067744e-01
-1.744007842413939358e-01
-4.544633420861323714e-01
3.688916313302925687e-03
8.381985121796411420e-01
6.974132606284211278e-02
-5.381604031757500906e-01
3.341604043262229595e-01
4.438936250719045518e-01
1.564083241505542787e-01
-2.462228415564817752e-01
-1.073299284679031906e+00
7.958418793979156192e-01
-1.141288895015316385e+00
5.298794131791462192e-01
7.977285228681285645e-01
-2.689681004393484898e-02
-9.312212273037197008e-01
-8.634089826155495473e-01
-1.170696119472020236e+00
1.157504921423868183e+00
-8.681097151105001686e-01
-1.029182368657035163e+00
1.319384110240484631e-01
-1.534166171323834149e-01
7.623956959970215053e-01
9.610967696700889462e-02
6.414426304845477489e-01
3.559950274935523851e-01
-1.032925679553496678e+00
-5.587786266378893529e-01
1.269533387712041161e+00
-1.169682371495392559e+00
5.774919340602027162e-01
1.061856642588248079e+00
4.574569711641993663e-01
8.415709243517532911e-03
1.096485165511210447e+00
9.269204347088768614e-01
9.683019153318461747e-02
1.088751581354262754e+00
7.289998274066089579e-02
3.697445660559264269e-01
9.016494965892327684e-01
-1.943856441999489704e-01
1.395714807562731252e-01
-3.109040804028451177e-01
-4.130592599113978025e-01
5.745304145438812071e-01
1.155517389915031501e+00
1.317101942559347982e+00
-3.350215168867887172e-02
1.061414757971872902e+00
-6.650307640916599539e-01
-3.619684698274783230e-01
-6.729494583342532366e-01
-1.025481107040011608e+00
1.052334215329695510e-01
-8.930264351422927405e-01
7.004610212904829325e-01
-1.389711881630262269e-02
-3.937716861992317519e-01
-6.798327149213125864e-01
5.306953378251098030e-01
3.258017551744432083e-01
8.423187236660307775e-01
4.469391122193915322e-01
3.991751373026239946e-01
-2.060562731752053622e-01
1.652613965249694061e-01
4.655803575480348400e-01
-9.690677491899437612e-01
1.027977717093522259e+00
-3.940157914574093923e-01
-7.328102911316864976e-01
-6.562972162647140451e-01
-9.136662105969666214e-01
4.583115963802253390e-02
-2.420702588326948401e-01
8.953897069247549467e-01
-7.126605239579397733e-02
-5.740414697939231203e-01
-1.692879265105000641e-01
1.196874887614397309e+00
2.749611317805333854e-01
-1.821852751820873806e-02
1.122139629214880863e+00
-1.289091248035122206e+00
1.716491420591044204e-01
6.137815772118582203e-02
-2.279993461578300185e-01
3.637301094849938465e-01
1.756865775453508860e-01
-9.286993373300660437e-01
-6.344890739458550755e-01
-1.049895366776756322e+00
7.037512446374405428e-01
-6.224670219768846380e-01
-1.027101338309805101e+00
4.070638842524587631e-01
-3.980980713171984320e-01
1.200481008190815047e+00
3.667032220303356738e-01
8.695516590324015027e-01
2.607971465375840125e-01
-5.469046811305062761e-01
-5.268338473522407028e-01
9.591559818368295964e-01
-9.414920309649765784e-02
-1.543551637107265506e-01
6.025891029139840427e-01
1.883130774540422436e-01
2.964348119878703613e-01
1.955259520435888021e-01
-1.691592731975157804e-01
4.993750191147139361e-02
-1.075180082461840492e+00
-5.798450261786323168e-01
4.409854497917446992e-01
-2.461383019117047155e-01
5.033320574646840129e-01
5.206338858572268080e-01
9.742289690309018368e-01
7.087480184489809432e-01
-7.061321044830011218e-01
-7.039229333555869772e-01
-3.613438830305124583e-01
-1.036847241956393884e+00
-3.670444365679088605e-01
9.466542365096035638e-01
4.747367310182024625e-01
-1.201577553296797607e+00
3.649210749616678129e-01
-8.583618843851059665e-01
2.710331414821336438e-01
-7.782887711737522807e-01
7.671248981786398247e-01
7.888519055782419187e-01
-2.655056215374322903e-01
-5.764109242583366211e-01
8.867951605992807629e-01
1.118984692767284628e+00
5.765873336859161924e-01
1.049737469673991619e+00
-7.027156063412327569e-01
-8.536871392067020281e-01
3.147662607058707707e-01
1.098997352717444365e+00
6.048273254178804237e-01
-2.294256884303784716e-01
1.793809587720138765e-01
2.154003784055467108e-01
2.381099077988180213e-01
1.105556969845313375e+00
1.304036185630987887e+00
-4.116330668578820351e-01
7.165772612175649314e-01
1.182670795503079297e+00
-8.394067385915935375e-01
-5.039458824192752928e-01
-1.833531057847164192e-01
-1.339171656188069548e-01
-3.179497677737064265e-01
-1.224643118501509420e+00
3.991128331066562396e-01
-1.067045109746729281e-01
-2.481708780949851700e-01
-1.095641745200532036e+00
-1.996441568736857519e-01
1.175963631477703331e-01
-9.890286569876058920e-01
-3.800493358021181933e-01
1.151882425988594250e+00
7.964678830067057902e-01
7.068655794564726591e-01
1.967773680020812321e-02
3.943155573593593033e-01
5.020564176640895937e-01
-1.110773362868223035e+00
-8.075869313603991628e-01
9.250930861695803031e-01
-7.878979855502521445e-02
-1.071021930345084083e+00
-1.985539931322666263e-02
-1.245699472685144471e-01
6.890680282693439906e-01
5.904914028531145220e-01
-8.655042536514869767e-01
-1.345700953057162863e+00
-2.237407116604988033e-01
-5.533578769711979817e-01
4.197637664344711084e-02
1.116401019062871924e+00
-8.958181705654988392e-01
-4.915943461745690968e-01
-9.597452702443725059e-01
-1.746930230009509089e-01
-9.038911391409172325e-01
-1.263895544060078535e-01
-9.123296830202338725e-01
3.899983421048407450e-01
-9.149942261352466133e-01
-1.247949647536081841e+00
3.606516034525313330e-01
1.107057152031654113e-02
4.421535603015458449e-01
2.638473022332101792e-01
-1.164606681944876598e+00
-1.035636741624074375e+00
-1.225291252587616952e-01
-1.228142920658808812e+00
8.806118132750562211e-03
-1.139759477041754288e+00
9.450476229357098745e-01
-9.427513394611084507e-01
-9.173030482873887337e-01
1.228692153862827929e+00
-3.663153709066815367e-01
8.649786291886796263e-01
-1.774254942178270511e-01
6.349856832430500475e-01
2.831642356206209854e-01
-5.699170664280304166e-01
6.612221604685277754e-01
-7.237451475147569369e-01
6.531205434210383132e-01
-9.291847059491242788e-01
5.582453344215174695e-01
6.071749400139827557e-01
9.928304601374717819e-01
7.886173656432324819e-01
-1.299428878354235373e+00
-6.309341036526081581e-01
4.125411790546973378e-01
-8.064028895740209535e-01
-1.143242363198059941e+00
6.284563068610875547e-01
-2.391303106297097969e-01
2.839189917623405890e-01
-1.262107764521611220e+00
4.675590485936247376e-01
3.150585936711198798e-01
-8.253451725512075399e-01
1.040729668547573539e+00
3.326526939682485917e-01
7.888559071851188875e-01
-8.300123210124974449e-01
-1.963912969668788477e-01
1.864818989293839380e-01
-5.534715770941716073e-01
1.126479722590644883e+00
-3.217351049389529649e-01
9.305615736763854784e-01
4.930590019669782720e-01
1.092085236460414777e+00
2.256036559126854968e-01
6.482791296192678132e-01
-7.332529658687576557e-01
-8.834708848056083141e-01
-5.128618693024451503e-01
9.585358055167532143e-01
-1.217866220210036765e+00
-1.038146220185075741e+00
1.225334319370348979e+00
3.014688661550515292e-01
-7.261460460566171449e-01
-2.454323823768973512e-01
-1.001238020580881738e+00
3.916922720087079313e-01
-1.247129143631025006e+00
-3.991598870333623594e-01
-1.534558091570303873e-01
1.326640415996223510e+00
6.851184710402771216e-01
8.167515032921173201e-01
2.298725100867349269e-01
1.241706943245252326e+00
-6.323699058020775254e-01
-1.458279932236816734e-01
-5.090324882961079211e-01
5.829341874080009589e-01
3.786322693565278286e-01
4.185757867899120299e-02
2.857051075956960062e-01
-5.217885776183113222e-01
-8.478280943988911744e-01
-5.412421011368202528e-01
9.704108207900468130e-01
7.117117521183615736e-01
-1.327502569295404555e-01
-8.010292654736579365e-01
-2.249775344480617889e-01
5.527832736498483612e-01
-6.752663312546767216e-01
-7.881611790616016577e-01
-8.745373054407785673e-01
-9.936119949426522879e-01
-1.258143588145276048e+00
1.377123298457760825e-02
1.098233365272255568e+00
-6.826331021284035572e-01
-1.126976918066979749e+00
1.033229881285487650e+00
-5.348044575305461734e-01
-6.722003064380279724e-01
-1.701893732724588659e-01
1.036024892654463514e-01
1.186672995467463743e+00
5.932257715856792402e-02
-1.216775563889682221e+00
5.967302780903152026e-01
2.855925098907814430e-01
7.067126626275586077e-01
2.685349967397332449e-02
1.359498514731027896e-01
-6.602999172589774091e-01
4.196207214537359675e-01
-4.433938817671627675e-01
-5.416815161403985002e-01
1.359266176212830857e+00
-7.218903740917888001e-01
7.807627490479829291e-01
-7.111429632194878891e-01
6.437877785145591503e-01
7.109181079780260148e-01
6.420793057283704641e-01
9.526944555933667402e-01
-1.060463958608747426e+00
-2.287579153002639032e-02
4.442968006922267676e-01
-7.500463225474245377e-01
9.217395076224290662e-01
-4.499939437412550092e-01
-3.712700077344095462e-01
-3.039549108454089321e-01
-2.081998000997762333e-01
-5.875298729923175145e-01
5.296672994001170309e-01
1.172319110409119070e+00
-1.025808736327046056e+00
-3.091394598407157801e-01
-5.850429305231488186e-01
-1.242137062975868567e+00
-9.442293303947071337e-01
1.649589032040541525e-01
7.324682440764762603e-01
-2.610342107336913742e-01
1.153703512413101429e+00
-9.119126378266884103e-02
1.674640396614996973e-01
-1.082065574155628429e+00
7.152461882962128925e-01
1.100364530175625077e+00
-4.607265941929323816e-01
1.199148529011926811e+00
8.983680235413160631e-02
-7.080973129844103653e-01
3.559697761726265952e-01
-5.819169858484256608e-01
-2.767200649478338548e-01
2.971133013016586943e-01
8.045896898293669608e-02
1.781584163296967560e-01
9.598546286159335139e-01
-6.669790015439538422e-01
2.863010363235858335e-01
5.312829836349663992e-02
2.245896967426119772e-01
8.234924613395868676e-01
-4.877251544970455654e-01
1.379096139879445460e-01
-4.835648551899609515e-01
6.396514602922049875e-01
-4.360406115152111184e-01
-8.151871497498239805e-01
7.583951363632746023e-01
-7.438365646892428629e-01
-3.614927116408948038e-01
-5.498035548500848080e-01
-1.244055471832346882e+00
9.432838223024742064e-01
2.001853280371221899e-01
-9.331047032556085696e-01
-6.832838988731602115e-01
9.605502058583050840e-01
1.062824580483123782e-02
-2.180258024895298519e-02
1.824741387982298235e-01
-1.152423451836326329e+00
-4.058952628966769893e-01
6.899512799251441564e-01
-9.840165061773857857e-01
-8.226751058829435692e-01
5.033453228448889760e-01
1.389462450881397970e-01
7.797747277226836360e-01
9.645037750192786419e-01
-2.395239768828796301e-01
2.457809004092759153e-01
1.592795484621234436e-02
-5.561033213467743153e-01
-3.565798422036383641e-01
-2.990137979381559674e-01
5.570147306007147137e-01
1.055654009268032212e-01
-2.989995019469171567e-01
-7.097395181540955278e-01
4.341759572294350278e-01
-2.260946089947886151e-01
1.598910655132979031e-01
1.032522714474797709e+00
1.031360594027482591e+00
2.796060050366300231e-02
-1.817245101611755231e-01
7.562863349139279379e-01
-5.432663442719345426e-01
-4.097899402527600543e-01
-6.241324310281912702e-01
4.463743532061368313e-01
-4.239143228895372317e-01
-2.970419133412480761e-01
2.689664601310752801e-01
-1.051545026984046505e+00
-7.922485370376008973e-02
-2.045953708959702411e-01
6.594692370929058356e-01
-1.210278715143283002e+00
-6.457022434309065417e-01
-6.147282124115189816e-01
1.331600249364823796e+00
-7.870582572786242181e-01
-2.759185588571106962e-01
-6.119176848748182351e-01
7.081425755793491206e-01
-1.221940377334548522e+00
6.747073241281125178e-01
3.665505078857389520e-01
-9.468679394358545665e-01
-8.458236118375799251e-01
4.337678608211064102e-01
-7.448777465489220262e-01
7.867887464660601182e-01
-6.921251287880823000e-01
1.290567367676462851e-01
8.721470270528843827e-01
-3.699228834756427275e-01
-2.368837094819760125e-01
7.218236213874344998e-01
1.066303565518208707e+00
3.733240630031140483e-01
1.262168460977363793e+00
8.195730448504603416e-01
5.719045199417918113e-01
-7.031738819733135415e-01
-6.259986579640060000e-01
-1.025122442569506021e-01
-3.607528301755724698e-02
1.261744660068330859e+00
3.164310363288596051e-01
6.527117408380185282e-01
-2.241417440767943248e-01
2.637343794434769961e-01
2.977989866982344580e-01
3.592174626308572982e-01
-3.438868647881534457e-01
1.142762666787282555e+00
3.986544329241681339e-01
3.979309441784799617e-01
-8.584549594383084070e-01
1.682817815582726695e-01
-1.217378273484478690e+00
-5.851133800154784126e-02
9.473971782905667993e-01
-1.573599964643275229e-01
3.658433985790185972e-01
4.047597926680124303e-01
3.387332555664066547e-01
-3.786769986543205846e-01
2.613468477078759733e-01
-1.052321048979972140e+00
-1.032891392528553887e+00
8.275083612959992507e-01
-3.041656625885229559e-01
-1.004950916435508823e+00
-1.130083823844376667e-01
1.023247876136945678e-02
-2.380578272498938830e-01
-2.267135709030050350e-01
-8.786675409370641177e-01
-5.315082643468391765e-01
3.821920792015331969e-01
-2.998551715271995377e-01
3.922748947674996600e-01
9.692086576513396778e-01
-4.125696618026486462e-01
-4.967535077776643604e-01
3.338643690458011903e-01
6.915026719608814432e-01
-1.343827388304665860e-01
-3.505210406656020794e-01
-7.000610632737584993e-01
3.791388738420575777e-02
-3.081784062638357469e-01
-1.041150431409993971e+00
-8.324724416143647332e-01
-4.713583333061963643e-01
-6.099714993480533920e-01
9.714504529238681130e-01
8.574604660787432664e-01
-1.984730217950199105e-01
-8.104356066248072921e-01
-9.285634834763385470e-01
-1.143578642593592321e-01
-1.482972038023087080e-01
9.296464265042372332e-01
-5.310382508972741888e-01
-8.707137035971781458e-01
-9.186078474780590142e-02
4.328781689237617414e-01
-1.498019088601330040e-01
-9.210108289404956849e-01
-9.724976293233194014e-01
-9.197918850011701508e-01
-5.308379407198424715e-01
1.231264086998771212e+00
-1.641345017534154849e-01
-9.556653471324345617e-01
-3.749263852704132205e-01
8.771407709450942392e-01
1.112143435616740561e+00
1.042854591791942731e+00
1.324387417187997684e-01
-2.742670889420120162e-01
-1.136313245946372064e-01
-3.732697042222383743e-01
1.629459856757176084e-01
-2.074030191505480403e-01
-4.055653243813388542e-01
-9.075600651477877534e-02
-6.333954129106089681e-01
1.257738001819897811e+00
5.139991108116710450e-01
-6.021338485620431058e-01
-1.106399888525713138e-01
-8.747988373162387532e-01
6.804382678825238173e-02
9.655477429910419573e-01
-9.446559810432928472e-01
-7.719027362647965518e-01
-1.286900380147303125e+00
-1.409148053657203192e-01
-6.647888510460919775e-02
1.567574012319186139e-01
-6.879212985130100932e-01
3.190686492065903934e-01
-6.272717839939359052e-01
9.286685631836455457e-01
-3.103316053170876998e-01
7.364261486247203337e-01
-1.148267708979907376e+00
1.261782283603835708e+00
4.004308536338783142e-01
2.034502967605789081e-02
6.940677206738365967e-01
-4.093148097023746601e-02
9.924062087946072808e-02
1.225734721399808436e+00
7.352429475926980373e-01
1.140012457662883172e+00
5.165418255387068669e-01
3.453391705028039382e-01
1.384186732399044217e-01
1.218638582696264017e+00
1.917481726471583769e-01
-1.062018606573897017e+00
1.443779773491558061e-01
-8.632671168987400279e-01
-1.227421465787417176e-01
1.156513486414593395e+00
-1.985486130652285297e-01
4.518025758988963858e-01
9.455448032872642017e-01
3.634635671333983353e-01
-4.878659244572176590e-01
2.924267847174704116e-01
4.997876506459197898e-01
2.351108157753873940e-01
-3.512514417235887976e-01
-6.497180892083154191e-02
2.697485535431551895e-01
1.010398483676836712e+00
1.347435980114810583e+00
-1.201447955362046294e+00
-5.038893140879876498e-01
-2.581123521751909067e-01
2.131947377582354974e-01
-3.608291635094849070e-01
7.913013797940244842e-01
8.726149883829688036e-01
-7.084782040114134816e-01
-1.412500085230137259e-01
-4.622017232589730185e-01
8.852775506010441831e-01
-8.540674003042427742e-01
1.484415254482618352e-01
-8.198734797739959390e-01
8.662198195482195828e-01
1.043878552024652961e+00
-2.049102228719599239e-01
-4.281992226775681587e-01
-2.714712324249060060e-01
-8.798965533114193605e-01
-5.418344281536642271e-01
-3.128547487621462508e-01
-9.789788252732032348e-01
-7.787671289405864172e-01
6.113552654219400750e-01
-6.821721182414837159e-01
-7.292283606401408491e-01
1.489600508918540456e-01
-1.369896545472634841e+00
6.778931840683943832e-01
-6.927795018403148930e-02
6.070925339812136556e-01
5.516551287529649628e-01
1.149010170560426758e+00
-5.084274716624035406e-01
-1.261911596639722966e+00
-2.461681946085469974e-02
3.501184010455897777e-01
9.703869232345336826e-01
8.764616223865218103e-02
-6.156831022679494225e-01
5.493091474344264924e-01
9.537183178013854956e-01
-1.082502208557440504e+00
1.378977922537814038e-01
5.845273176280390004e-01
-1.300072732324052183e+00
1.210371887023837800e+00
-6.080680743355690865e-01
4.057502475087879645e-01
1.084500517424498156e-01
-4.402664170158869794e-01
-2.891264751437798708e-01
-5.704650331347753678e-01
7.980482434016273885e-01
4.184629892642366400e-02
1.283830681250302419e+00
5.606044620718009242e-02
-1.173725720981636300e+00
-9.034240026964255321e-01
-2.393423856745036105e-01
-3.269562435621606866e-01
9.223614074826516074e-01
-6.516925187829309962e-01
-6.566100543851494109e-02
4.679419347550881625e-01
1.036726478733509538e-01
-3.444538326557839980e-01
9.468221770696771955e-02
6.497723926538165884e-01
-6.187624393596857786e-01
3.330692105413612936e-01
-1.835317597194201511e-01
-1.069247103195740678e+00
-9.735740160991994685e-01
-1.052969119905403872e+00
-1.267694484399839006e+00
2.274073868783768049e-01
8.464042133423177461e-02
9.568580397022046213e-01
-3.252070522671912656e-01
8.485768324063522883e-01
4.824051192662892618e-01
-1.228852097307604918e+00
-9.178203388690313602e-01
1.052916262966102856e+00
-5.524590220462597401e-01
-6.706910299264920994e-01
-9.558111669462947546e-01
9.548341794460419862e-01
-6.415120016173938566e-01
-2.606460021510343950e-01
8.308768162841948524e-01
1.800121471630644621e-01
3.381674549569080312e-02
-1.014844568626438459e+00
1.807155066006336241e-01
-2.425544857390367071e-01
-2.662182194740205787e-01
8.769806647093822960e-01
8.990729677844147005e-01
-7.949640034834128954e-01
9.783865850778949991e-01
4.400163611792873297e-01
7.314050221847514521e-01
-3.700239585085105531e-01
-1.013411448413243932e+00
2.192197028650602064e-01
3.562264289149572605e-01
9.492458613592447136e-02
-7.760758031236321131e-01
-2.298505368117362835e-01
1.044639193305244795e+00
1.065199479362597401e-01
-7.448632240127368576e-01
-8.293276274400396275e-01
9.190366492696799838e-01
-3.286400944344709529e-01
3.774576931718591766e-01
-4.619294089303664919e-01
-2.076584641848420176e-01
1.867864397703202783e-01
1.257097177922452680e+00
9.607726487893009093e-01
8.834561691621054536e-01
-4.140559745370726574e-01
-9.157926910758558137e-01
5.489961453872247432e-01
9.823092432117075390e-01
-9.997939716990575931e-01
1.027043682019147752e+00
-3.181783148148902285e-01
7.547261933004278944e-02
2.525562060245629681e-01
2.817122489079082470e-02
-1.249387013431660254e+00
2.313925568065711147e-01
-6.420208346062556970e-01
-1.948847312529693454e-01
1.015645943068243184e+00
-8.859553788615492920e-02
1.141700593660185170e+00
-6.995313009909729374e-01
9.667053382413755003e-01
-2.855752505399564711e-01
1.030502360983394539e+00
4.315404025637725738e-02
-8.775082088217338594e-01
3.793769506765354294e-01
-2.123299799301250346e-01
1.318512935805529196e-01
-7.480515649160501823e-02
5.346165388664303464e-02
2.065845349365531547e-01
5.657651207172769148e-01
-3.957630090947139578e-01
-8.475326189562908397e-01
6.773660160360384097e-01
1.001204613035890034e+00
1.033394958600690750e+00
-5.303959601514609545e-01
5.288666745644823308e-01
-5.392753982380291689e-01
1.034706221818394667e+00
-1.025158409752599642e+00
-9.339990082792626325e-01
6.900324155104486934e-01
6.638349623991075532e-01
-5.819304071200797068e-01
-9.745653095882857997e-01
2.640636938631146791e-04
3.568536806905378000e-01
4.987424730803518003e-01
-9.498452253594633632e-01
-6.663043237468491142e-01
7.231949694168733345e-01
-4.352840135319784309e-01
5.278427930030202830e-01
-4.394190939177819999e-01
8.305044980353226691e-01
-1.000785601443834327e+00
-4.593372561248365571e-02
2.777644834450088140e-01
6.432231683569265002e-01
4.127464799392219774e-01
-5.216492596006672144e-01
6.831322927396987765e-01
8.112248062944349414e-01
-3.643202407495191864e-01
-4.964970586788419737e-01
-2.321994721136091400e-01
4.277657156169567543e-01
-5.745112506855285517e-01
-1.812005601342914218e-01
-7.520777040041135564e-01
-1.010147398244018113e+00
7.710535060923637829e-01
3.430472208757500141e-01
-2.401767476592375772e-01
2.306361387435913457e-01
2.300521981870007338e-01
-6.134798434761457031e-02
-9.052379370327816588e-01
-1.061148900617990165e+00
1.129258512333013442e-01
-2.737968133509429691e-01
7.731130828973276081e-01
-9.356472683231640275e-01
6.275477069233463823e-01
-6.016445821940434868e-01
4.083299081229077032e-01
2.687700677228210822e-02
2.655106296660374454e-01
-3.107805239635235139e-01
-2.101305877840022873e-01
5.270892162333931097e-01
-1.142594733005306118e+00
6.477358000634207968e-01
1.070416589267519925e-01
5.638282261670202189e-01
2.456727188387466398e-01
9.018909156179972797e-01
-8.809098305767850690e-01
2.308667654471872055e-01
-1.946441254583444191e-01
1.219360505451993149e+00
-1.044916993603556943e+00
-6.918533271079851943e-02
-4.703051997972025333e-01
3.121328408086103678e-01
7.954772826420564158e-01
-5.108623876325912860e-01
6.844922741944934330e-01
-6.280995400643218929e-01
9.665393023486155144e-01
-4.180735515159401672e-01
9.626263406578070558e-01
4.044364908970781158e-01
3.453500302955969659e-01
8.842833309603435055e-01
-5.065351921041774119e-01
1.216911334715069515e+00
-3.335609284669196484e-01
-2.229222974434765803e-01
4.716118162094247168e-01
-4.905887885402080428e-01
-8.685261717054792996e-01
3.945459678746301435e-01
6.358977326460779622e-01
1.118398881224235808e+00
-1.697817903927045791e-02
-4.732868107510457278e-01
1.119056852780441424e+00
4.939516418930889330e-01
-6.042404292196978943e-01
-6.601979935785742271e-01
-3.815368286956157817e-01
2.803976231763440907e-01
1.753904402814487895e-01
9.143580989549349169e-01
1.068939833641380233e-02
3.163532875559491586e-01
-6.585288888972780086e-01
-1.167563168068039392e+00
3.834667253318286839e-01
-5.159710396124461695e-01
-1.089672753513302172e+00
-1.366829250529115747e+00
-4.112997560176632206e-01
8.520144231659294576e-01
9.827249745993995589e-01
2.660750752967508959e-01
-1.237780999959711359e+00
2.141337648677055228e-01
-7.479550926989197990e-02
-1.221206129041681354e+00
8.717344942197531310e-01
4.176779314615197691e-01
-8.683109827411694681e-02
8.911790716799936618e-01
1.021007987412975382e+00
9.350542739525629088e-01
-2.622495056471390029e-01
2.711769353738535671e-02
4.851307465334269153e-01
-3.905470004517974658e-01
-4.801991919284187560e-01
5.327828230552364985e-01
-1.024841045550595631e+00
8.902658599721835486e-02
1.764522486811976876e-01
-8.934076234656291859e-01
4.688049863355283620e-01
-2.788531999809231721e-01
8.130442179085317633e-01
7.478414458944113719e-01
-9.710966424781624085e-01
-6.831066658688573767e-01
4.977825194871350334e-01
-1.065852451618011010e+00
6.376672025573784097e-01
3.234954422590385903e-01
6.745497478607092035e-01
2.751461341516794334e-01
-1.636211460327743339e-01
-8.070344434880638573e-01
7.837854775345487468e-02
9.253301050752682499e-01
-6.472076938505537669e-01
-8.761379883240616451e-01
-2.054404768865047970e-01
-7.799298122969515745e-01
-8.144211081072958436e-01
4.749692540454582002e-01
-6.505096937672494306e-01
8.141889352872286878e-01
-4.842109030917995938e-02
-4.019983838556377975e-01
-5.933279334133603200e-01
-1.177681526986033234e+00
-8.306653087900519594e-01
2.849185379581209432e-01
-3.218653131103685894e-01
8.944163297131542123e-01
2.251072755895631161e-01
-1.477061816082105850e-01
-4.348335052164955528e-01
-2.955186106833442850e-01
-2.935589101055962047e-01
-8.768886347095001810e-01
-4.503146877539236925e-01
3.306001726084861758e-01
4.273105415241849059e-01
1.275743470474380636e+00
-6.301811866402324824e-01
1.025289668411798694e+00
2.518179591624551961e-01
9.594807647838301534e-01
4.073950012226204009e-01
8.241574799618032188e-01
1.177391562435623484e-01
1.061700935676537227e-01
-3.033824598996055499e-01
4.508439406000066541e-01
8.095908970784897463e-01
1.368466529186528113e+00
1.271533670273496952e+00
-5.659281219097964666e-01
-1.021358713233695426e+00
-1.287178798145713454e+00
-1.502955481188230635e-01
-8.235518893419078168e-01
7.002889705376391660e-01
1.096280698838885570e+00
3.629270519514626869e-02
5.728716594430842690e-01
1.709139273697379835e-01
1.051203027599791007e+00
-1.129346160307318936e+00
4.535960972083774578e-01
-4.659843412676725194e-01
-5.081249278831787564e-01
-4.243772592181764836e-01
-1.562006721773139262e-01
1.116818133271322289e+00
6.533041324411117401e-01
-9.992401703301245774e-01
-5.637092443168381095e-01
7.005358241443557787e-01
-1.466401710376850076e-01
-3.301736370442629465e-01
5.939743228437421863e-01
8.723725634155430342e-01
-6.098937851241537089e-02
7.476640660330247101e-01
-2.591175459379231327e-01
-3.146756234158276655e-01
2.135381444427020270e-01
5.873136930456945848e-01
-1.118950189361736403e+00
5.940532204676571837e-01
-1.953074554546905262e-01
6.352037940493469037e-01
-6.054456875070624022e-02
1.241601135399637457e+00
6.424754899459284019e-01
-9.424681189647898805e-02
7.308643927873257340e-01
3.441312155202869150e-01
-7.049815471596687644e-02
-9.200476429700099601e-02
3.183276106533305949e-01
8.637303323802356658e-01
-1.039985114355514995e+00
-7.825076497084904048e-02
1.753387827588142045e-01
2.902553394820497346e-01
3.297392268447607577e-01
-6.425424644475876690e-01
5.293212542779635044e-01
-1.650983446293441403e-01
2.025435544806866162e-01
4.622367795033586191e-01
5.945489809563273553e-01
9.151890845287358189e-02
-5.647413234159861517e-01
-2.593910930247007585e-01
1.541402022834601482e-01
3.255793459818328017e-01
-4.575981876533141701e-02
-5.578415161688754509e-01
-9.222110205810514216e-01
-1.174968955452166064e+00
-5.451106908631704329e-01
7.749332710275691483e-01
1.320023310464394584e+00
-3.547408899227244561e-01
-3.337569050747362098e-01
-7.060272571908399186e-02
1.898434647605906633e-01
-2.655567861870986590e-01
-8.155474026507292251e-02
1.308688782490020408e+00
9.790654544568671014e-01
7.636184374385983631e-01
-1.827133206461226678e-01
-9.111406685893417290e-01
-5.626338481642605416e-01
-9.385709260828631884e-01
-5.048011158902765416e-01
-4.762257267131619898e-02
6.334057259769814152e-01
1.052038097460278543e+00
-8.832133692339896314e-01
-1.205282715750994882e-01
-1.808405151056735605e-02
6.726326530143120763e-01
1.987167693007059199e-01
2.384207948940231248e-01
-7.121831289059237236e-01
-3.110360224279107300e-01
-3.807200979420564124e-01
5.169422387732689472e-01
-1.773953121136138122e-01
-1.032028886205615947e+00
5.544467427795822800e-01
3.429379338645768271e-01
4.153994621939860465e-01
1.093607262015936499e+00
4.070876084577044196e-01
9.439530914394547167e-01
4.898707250846676686e-01
5.669814626555975678e-01
-5.352427817682308131e-01
-3.752206126166983680e-01
-6.542418489270112048e-01
4.149804890954067460e-01
5.176301201344060132e-01
1.184687028848792067e-01
1.778762032055087872e-01
1.044615572690869243e+00
6.027140744508630021e-01
5.705758315037794404e-01
4.422888466882488601e-01
1.164531706204181560e+00
-4.182088130252639147e-01
9.437010387570978764e-01
-5.704801792296354535e-02
-1.096581903009722581e+00
9.166963505856351446e-02
9.858055631656341689e-01
3.490434485835809397e-01
6.000743953915721463e-01
8.819493945411336355e-01
-2.295954032145877122e-01
-1.174787469748359570e-01
4.852342545318322209e-01
-3.589847376381962718e-01
-5.259689697114922069e-02
-5.279217415673551628e-01
-1.084858892060887037e+00
7.931529199046449818e-01
9.323520858349354512e-01
-5.015343279388737585e-01
-6.775156189037980781e-01
4.912389049194265667e-01
9.630512427528898911e-01
-6.444595558543753100e-02
-3.301833072768749489e-01
8.346213766451704430e-02
1.174648885521806463e+00
-1.594099023248398694e-01
5.360194354309575360e-01
-2.985020523765413714e-01
1.333279849293564467e+00
-5.808896137111343450e-01
6.739948452310171589e-01
1.959269269389007917e-01
-3.713410354998973872e-01
1.043586591186596024e-02
-1.196826715086324988e+00
6.410143198810382970e-01
-5.958009414667984061e-01
3.843655609038680865e-01
-2.982417192526476413e-02
-1.123893771796998564e+00
2.424025897722739131e-01
1.084330557362384262e+00
-1.197673410501871594e+00
1.367469966925835223e+00
-3.669983416696185330e-01
6.051502598050175763e-01
-9.469791616498328679e-01
1.056779472351543347e-01
5.601998215628327671e-01
-1.258106482746127242e+00
-7.756253906725421032e-01
-9.029128817287332964e-01
-2.617998472948199762e-01
-7.702906255142698555e-01
3.202936757794887512e-01
1.258873028982412379e-01
-3.166784304281478057e-02
9.933155046795807408e-01
-8.326539002155293190e-01
-1.073849164362520980e+00
1.190171782793170152e+00
-7.680574040936569702e-01
6.922793237743629646e-01
-1.734133294028614714e-01
-2.425310715056774313e-01
-8.671258685313851799e-01
-1.617680394071285832e-03
1.701294755181237406e-02
5.041688613769137461e-01
-5.237718628447289859e-01
-5.678647517813359968e-01
-7.839944036502712876e-01
1.187719232250498358e+00
7.709066571019764780e-01
9.560953802496019449e-02
9.825463565086032247e-01
6.979812380101737546e-01
8.112303015894699598e-01
3.835786692075267013e-01
-3.599607876433239539e-01
5.224827039900628023e-01
2.695664219367088776e-01
-4.760190576527847384e-01
-5.517751042323135735e-01
-6.431788160100690988e-01
3.324140061623959141e-01
-7.844999714439504501e-01
6.991120718846062232e-01
8.150990191986249300e-01
-9.922690531096298727e-01
-5.297827697091284094e-01
-1.331338777054380529e-02
7.285601989815857493e-01
-1.635930884647907035e-01
3.380597684711572626e-01
1.682905791999669276e-01
-1.785524386474612868e-02
5.694293569716695202e-01
1.148099722579819293e+00
-1.214194560038328152e+00
-1.301403747645744069e+00
7.446429956629474489e-01
-1.234418791226278067e+00
6.212238969023040625e-01
-6.562084098873723903e-01
8.287948475182540520e-01
-1.599674057470137356e-01
1.143714584199963191e+00
3.499340414870344418e-01
-1.888529685896616073e-01
1.721158121802677243e-01
-1.069296381732580681e+00
9.225181225071290569e-01
-9.473881630077425342e-01
1.205241771991179434e+00
6.912597540077580760e-01
-2.748818714913987549e-01
-7.717490651443634775e-01
-8.740638433621779058e-01
7.074479581675552353e-01
-1.817169324613931991e-02
2.315922292508574287e-01
8.607131743667224555e-01
2.081974421191477020e-01
-1.340488654367202770e+00
-6.888517428764444617e-01
-7.214857361174695782e-01
3.651072953606355753e-01
-8.955025420552695792e-01
9.056036211123501545e-01
4.882479104984920326e-01
-6.555607462698658239e-01
1.190526270232404649e+00
7.580934686269991118e-02
-9.646102376040932569e-02
3.965056621777804935e-01
-4.368235338109212051e-01
-8.625946004726285921e-01
-6.826414301523904271e-01
6.360009237365780166e-01
1.042315952117291999e-01
1.323705703909840992e-01
1.038634354228181955e+00
-7.532844552523725312e-01
-6.604704586372616149e-01
-3.480089509572694695e-01
4.087884241289208020e-01
-5.400677042937811478e-01
-4.625917402748349616e-01
5.580876299968533516e-01
5.170675224628853428e-01
7.235683746458949628e-01
-1.227071635840559782e+00
-6.180550666661002168e-01
-5.257845627371722230e-01
-7.389158067350383163e-01
5.572190819003042250e-01
5.531789305094960696e-01
5.440720710503557100e-01
1.125841557128678616e+00
-1.052108386588001654e+00
5.546136727239447950e-01
-5.950508911723586536e-01
1.225289259332940084e+00
2.589616174062925325e-02
3.992500620885000018e-01
-1.054048371298627718e+00
8.913881576537292517e-01
4.865141217096535797e-02
2.035648127082891889e-01
-9.036270775054031645e-01
-1.165547330178356766e+00
7.116209859751441158e-01
-1.239403902032626625e+00
-5.486694568505257052e-02
-6.151795704312092994e-01
-7.778909343356854578e-02
2.674881962037831684e-01
1.496196176400621525e-01
-7.358030756683024975e-01
-3.733919121573991973e-01
4.512079933915718044e-01
9.039455202072579354e-01
-5.648196647510257407e-01
2.264592856876088689e-01
-6.504924774229818851e-01
3.483604327820124524e-01
-8.752645436576322879e-02
2.547295785087300146e-02
5.382219501787872673e-01
1.102267570423638432e+00
-2.692832556647255515e-01
-7.124918208610724335e-01
-5.447109752343060052e-02
-6.945123942789805938e-01
-6.427927697126403217e-01
-7.893281417254884857e-01
-6.501675094598722282e-01
-1.019819243858515190e+00
1.217422349485772770e+00
-4.464931549052764126e-02
6.757788378099460758e-01
5.995778790235295475e-01
9.007349687832100216e-02
-6.370448092617220226e-02
7.525131160109914674e-01
-8.812508827708676051e-01
5.692311069207365293e-01
1.016929442488256896e-01
5.807202292538509170e-01
-4.321130702403888080e-01
-1.458947503685683600e-01
6.952533853872857605e-01
-1.823415740140017505e-01
-9.598989212862747422e-01
3.592662897618206230e-01
8.744184955268750059e-01
3.266456799334660488e-01
3.386813269051991426e-01
1.727008390040474239e-02
1.794423383165533181e-01
5.752555901329072796e-01
9.197744415628292813e-01
4.692086552863976578e-01
-1.294110506123801407e+00
-5.209525825123284548e-01
7.748226781750302550e-01
-7.690377532829586471e-01
-3.862880350530595308e-01
-1.234892202539885631e-01
1.027758153877055491e+00
7.531219368592623198e-01
-7.019941910855074241e-01
3.230281325998083375e-01
-2.961303456281738633e-01
-3.011749758847690472e-01
-5.399164882771820828e-01
1.159184415905878396e-01
3.376131391591430386e-01
-1.902739320796440481e-01
7.490138877290020147e-01
7.642398488214574570e-02
-6.788810256637045626e-01
3.117675307531664330e-01
9.612173412784486004e-02
1.503913685027864489e-01
-8.105664049827314699e-01
-5.060898980246673062e-01
-9.726074304377725355e-01
9.735061386424748164e-01
-6.269627760049871767e-01
-4.346816412706342447e-01
-5.721143436084723533e-01
-3.578114701288255262e-01
2.233635685194501619e-01
2.906656803039586734e-01
6.396763902271276336e-01
2.504487827312598114e-01
5.405481349012557502e-01
9.727936543653790125e-01
6.159616238580607472e-01
3.661995699111724178e-01
1.221052349643794166e+00
-1.336158314441876271e+00
4.143144421370266173e-01
-1.650122150512585151e-01
1.744139982364565356e-01
-1.362298822930059217e-01
-1.197859566927403918e-01
-1.144392907912061386e+00
6.214296262493466116e-01
-6.230612954109231438e-01
-9.221681068976206319e-02
1.064480557964742502e+00
6.625815527469214317e-02
-8.279753967333567388e-01
-3.151437891172435002e-01
1.050677894664984180e-01
-9.511748530710146809e-01
-1.172348097192062788e+00
2.330482848569737087e-02
-1.009045006168140191e+00
-7.826774821285145123e-01
2.096545663076057053e-01
1.008120313564288217e+00
6.085619366871544145e-01
-9.545241941492728088e-01
-6.285545400459167098e-01
2.360332031410949938e-01
-7.825050449334929326e-01
-5.082824558927203640e-01
-4.561980576605151327e-02
-9.056314881147953244e-01
-1.177284596943705797e+00
-1.243450941506551999e+00
4.574596640061221464e-01
9.191654010366683281e-01
6.492068791842147135e-01
3.986850657560978561e-01
-2.754251712627526771e-01
-7.258516350706178955e-01
-2.368149737003735211e-01
1.270535111423914287e+00
-1.129364298076366069e+00
-3.869125097843202354e-01
-1.037894009760123470e+00
6.917517214797852532e-01
-3.823352687105927572e-01
-1.521538019990584800e-01
-7.555585874639527688e-01
7.186805771190583059e-01
4.815936844367492142e-01
1.053672309630469428e+00
4.969308098226665749e-01
4.919861460238417195e-01
-1.010937276014873376e+00
1.316547473080266428e+00
-1.057399547315123201e+00
-8.348935796706005164e-01
-1.307892217453186845e+00
6.246737955136900666e-01
9.438917308450314181e-01
-1.005796725834843031e+00
-5.291567551977642836e-01
-6.177461368448335932e-01
-3.050344857788056530e-01
8.880032465791343199e-01
-1.008103378522018811e+00
-1.371607598850470566e-01
6.670223041945710918e-02
2.414374654007520604e-01
-2.455782238989918653e-01
1.013635951832761783e+00
1.258859882444472333e+00
4.795832574511118551e-01
-1.082429514007482219e+00
-5.430558155058573533e-02
3.203347189651752913e-01
3.323670618371483698e-01
-7.477286479833376021e-01
-1.074087876765274174e+00
-9.429133809754661755e-01
6.506753957990696335e-01
-3.659953522089338662e-01
1.188699758447077315e+00
1.093403673948420973e+00
-2.396939572773666427e-01
4.015415383279652417e-03
4.444657934426690105e-01
-7.028346979615660572e-01
7.124979699171447578e-01
4.968256951216565298e-01
-1.057580192052798740e+00
-8.816527954773247799e-01
6.150295004251447040e-01
3.967665853366106887e-01
6.231654115874949440e-01
9.278929003003666409e-01
-1.311432292715470904e+00
4.398176457476257184e-01
-3.459341698489462047e-01
-2.930712076543375844e-01
4.521150953731165600e-01
7.143032281414587459e-01
-5.381903007729871291e-01
5.267935126387275346e-01
-2.307823230053918095e-01
3.148131564333471744e-01
7.387122839644364447e-01
-3.231082551806796488e-02
9.174197710046723131e-01
-9.496714576525127072e-01
3.447468815586498536e-01
1.355078084608108746e+00
-2.111153967170693591e-01
-1.045307204835821402e+00
8.435879205569207784e-02
-1.431620934097264097e-01
4.680981686135048392e-01
-7.095299772235277302e-01
2.859766794962546044e-01
9.566748577093164840e-02
-7.815970661236715245e-02
2.775344567277358010e-01
4.545579025636383719e-01
-4.499082443399782250e-02
-3.458123913950235107e-01
-9.955402055226141300e-01
-1.038026523301722293e+00
-1.617099522997555994e-01
9.893272386181015676e-01
1.046254972689592222e+00
-7.219896941715573391e-01
6.044652756756558887e-01
6.946094931212698498e-01
-9.868410809649592608e-01
-4.523743553285530794e-01
8.786234433639892316e-01
2.224116812640941632e-01
-5.583922071897839956e-01
2.298619272813748893e-01
-8.599978515728734507e-01
1.243450749122470000e-01
-8.544088515853722754e-01
-1.243894654212309714e+00
-8.295026414658002167e-01
-8.740821258136568517e-01
-4.460291662822903902e-01
-1.259049340180933285e-01
8.347258099890915162e-01
2.130514372970528925e-01
-1.126092943004204372e-01
8.356904664152793316e-01
1.034878409771625485e+00
1.237142896277179105e+00
-3.876215951873698273e-01
-3.684850789717630803e-01
3.161754432919616775e-01
-6.992109588698358635e-02
-1.030161807115844930e+00
-3.704744386546172663e-01
-4.843641594436318698e-01
8.059535556541286283e-01
3.177819423623748918e-01
3.263004716793238558e-01
-1.493012331808785120e-02
8.220881839302842664e-01
-1.207351058359617646e+00
-4.989310902304087136e-01
6.988841739557036803e-01
7.273093446377911775e-01
-4.159261257647051124e-01
-1.280170960915418821e+00
-2.182328022894086672e-02
-7.328423131968051507e-01
4.951350545365329481e-01
-2.165582349392094486e-01
6.821771069395765608e-01
-8.020536749481612659e-01
4.242151524677071350e-01
1.189434728283300657e-01
-2.374919967828157397e-01
1.264928047217891205e+00
-8.200155655710918978e-01
-9.071130885980336345e-01
-6.289722217925621806e-01
1.862831413730798857e-01
-4.634857201044484398e-01
-1.060936308657093985e+00
6.952350861529694726e-01
-3.404614025920134068e-01
-1.047945774287621479e+00
6.893699238249322292e-01
-4.215160962737716233e-01
-3.203369759668408534e-01
-7.560642042484859715e-01
2.646937372510631548e-01
1.068997136108830404e+00
4.747156029605292815e-04
-1.034827049358637119e+00
-1.539981350778942826e-01
-7.580463436883970729e-01
6.856878531141585853e-02
4.388065367944555817e-01
2.113408631276652017e-01
-1.084797875401959377e+00
5.959527057855957821e-01
-2.725793856856464359e-01
2.367151947465249151e-01
-3.669787202106817858e-01
-8.962683158418904839e-02
-1.046455420608545239e-01
7.815138797791174596e-01
-5.841125102700974736e-01
-1.032774200588122859e+00
-1.092048330036544890e+00
-2.477536742913208911e-01
8.130072796146201597e-01
1.205031921226456859e+00
-4.369453814794566071e-01
9.201104630807934726e-01
-6.855838931577453721e-01
5.876804949834246727e-01
-5.748197177478306941e-01
1.896270943029696454e-01
3.177107987336489359e-01
-1.200217482826181126e+00
1.841738373236880832e-01
8.445476392429149826e-01
-1.126626102178238664e+00
-4.060266059784458648e-01
4.051970942409610643e-02
5.358108436824320364e-01
5.217477148478639748e-01
-5.419436166995499349e-01
-1.959270357291318376e-01
-1.239808023979191987e-01
8.720463314499902197e-01
1.270127925169846073e+00
-9.553233491146420064e-01
-1.100209470744331952e+00
-2.370908554474473462e-01
-4.255341377880226261e-01
4.890945261318861981e-01
-9.246965934361686124e-01
1.028623409736630023e+00
1.229751120873334713e-01
-6.257836322866534573e-01
-4.876633200937341428e-03
1.081349693208304430e+00
-2.896800550992768564e-01
-7.214756470246506126e-01
3.796418775574874616e-01
9.032744962388417065e-01
1.180361002164990403e+00
-1.163660777186729334e+00
7.989828143388235659e-01
8.291537248815714634e-01
2.102794900933799838e-01
1.091745245906254880e+00
-4.374174485724715566e-01
-5.440502340771047329e-01
-7.357215579897511404e-01
-7.370046928204683212e-01
-9.980854311830009706e-01
7.363317893091387845e-01
-2.660072983004990732e-01
2.538376980411154449e-01
-2.837549342416512133e-01
1.922287632678205682e-01
4.668299784881613235e-01
8.347481485430279236e-01
1.082289783527556892e-01
2.227239884382283819e-01
2.352040397767707347e-01
-8.182507984704319171e-01
-1.195751916682517013e+00
2.154805824429253391e-01
8.005877123339564250e-01
-5.179755183274199482e-01
4.629649225464689266e-01
-1.759496770752004835e-01
7.554459206343189237e-01
-2.259081060613858938e-01
-5.418698227060367856e-01
1.276602754288512998e+00
2.254130208416462722e-01
9.889061955445157537e-01
-6.256140526252540468e-01
-5.427467479695549102e-01
5.264013251932722071e-01
1.245388787201948233e+00
-5.032494602158568142e-01
-2.399548343905957282e-01
-5.227739886321902674e-02
-6.558119594426772281e-01
-2.425927409236763310e-01
-8.945874678913954270e-01
-2.938996683377528285e-01
-1.155049627808058865e+00
1.170151320813721085e+00
2.414230492743261181e-01
4.539858289413167824e-02
-3.878139019766582152e-01
3.557260559761132868e-04
-6.288746847304222953e-01
7.036186553179257785e-01
4.091407594327218789e-01
-1.016605094700429479e+00
7.691409972903056058e-01
1.026430493933418120e+00
-1.309664938848922322e+00
-1.296832074527560330e+00
-4.678774834610788247e-01
-4.354844944426252695e-01
2.550056083303697818e-01
-9.707820519935852488e-01
-3.167087309587355293e-01
7.210235333572443395e-01
2.298196586555487642e-01
-1.190448534354615173e+00
5.308983314186548341e-01
-3.230025865386014772e-01
-5.055857281872597753e-01
1.119635877288523318e+00
-1.549834528190707772e-02
-4.337469070678725558e-01
-4.668680325039442636e-02
1.251001027149266420e+00
4.543365574472959523e-01
-2.712813215883649320e-01
-3.291110422385017387e-01
-2.432400707318693733e-01
-8.741530067075746757e-01
1.107339542276499778e+00
-5.322885006311475209e-01
2.442366800455548770e-01
3.114813509721177098e-01
-9.501762412765293320e-01
7.390132957661244006e-01
-3.933409132441596512e-01
1.120707331816005237e+00
1.193820684403872789e+00
2.927577296282910524e-01
-7.721709233910099002e-01
-7.920174650895059898e-01
