3.410620744407566463e-03
-9.347850220047950742e-01
-2.301500064774053556e-01
1.200718967601874354e+00
-5.618205935716567012e-01
1.161448799655309116e-01
1.889874146368519803e-01
2.914149878890288647e-01
-1.269655294463913897e+00
-1.254724953641023877e+00
-2.300700131612405386e-01
5.242515793275419611e-01
1.584966009553230748e+00
-4.389014129673176612e-01
1.071207602316261998e+00
-4.079748157477585124e-01
4.228531256438508024e-01
-2.921581997484743454e-01
1.012630950795001539e-01
-2.494346603395385387e-01
8.876698640487212799e-02
-4.801238783388956932e-01
-5.248992389130950897e-01
9.165316071298343914e-01
-7.359353724664785545e-02
-9.566103776025682848e-01
-4.848982524369223057e-01
-1.137753981898592670e+00
-1.148791157039241728e+00
-4.217775128252956307e-01
-5.833196180046389401e-01
-6.233101139863919116e-01
4.249908638140489359e-01
-1.571263970472580596e-01
6.605193552556105629e-01
1.719233512261283181e+00
-1.000956858569789887e+00
2.130069790486661674e-01
6.707479245199063911e-01
-4.245714761458705411e-01
-3.000817479709230184e-01
1.768437101038765391e+00
9.895322264159647219e-01
1.010500383692264137e+00
-3.236628657119400287e-01
4.064352370442527729e-01
1.948140578911754517e-01
-8.178103507359892888e-01
-7.962840134199389297e-02
-2.729516023913598488e-01
9.450783358611971607e-01
2.263654383534952075e-01
-1.586556031860379079e+00
-5.109086083996734473e-01
-3.212869632808352804e-01
-6.754574928548269241e-01
-1.146489999922254199e+00
-3.547748754050443765e-01
4.405101009257652578e-01
-3.115326852247441991e-01
5.002957453813925426e-01
-6.823691523150374749e-01
2.842790696303785225e-01
3.389837986559491867e-01
-1.271081376894188431e+00
-2.517599556164551444e-01
-1.371023955613857481e+00
1.126681198281575647e+00
1.678181159960336899e-01
-9.581301922543756788e-01
8.476172624263416111e-01
1.570076840976178723e+00
-6.639531244346921213e-01
-9.785455468241996968e-01
1.159639962203518060e+00
6.431433292322683570e-01
-4.235675709948951706e-01
4.192387546081777217e-01
8.101970614007472093e-01
-6.910438247640033893e-01
-6.557799139119246945e-02
-8.387853935735618549e-01
2.170893649053784458e-01
-4.234714221971289660e-01
-6.452485364085802644e-01
-2.997471511054907722e-01
-8.290708565275357600e-01
-9.103602844696103702e-01
2.784024621137941580e-01
-7.094618003092776348e-01
2.469043910559687305e-01
-1.048379579801741457e-01
6.401327618794017127e-01
-7.652157442365732365e-01
-9.173133442525749359e-02
3.264014774566614818e-02
-1.144501093371514955e+00
8.530890469446337221e-01
-5.048476184587258331e-03
-2.858531391477292516e-01
1.091696245870954485e-01
7.505891416027719032e-01
7.546236020731544869e-02
9.021715819829223548e-01
-3.156491785460460164e-01
-3.272361237331722350e-02
4.081205025494849536e-01
-1.205413915441085670e+00
-2.706055998665837237e-01
3.235647435934572158e-01
-5.803008016212132247e-01
-4.877388027050972852e-01
-6.169149260038544469e-01
-3.050705657308219187e-01
-1.044984185500265284e+00
-1.460176500423688850e-01
-6.000638775500082289e-01
1.429174241911210785e-01
3.979512509804230547e-01
-2.448390465405125838e-03
-1.962613242476658471e-01
-9.997704363811878991e-01
-1.081183915717064181e+00
6.490379154276215701e-02
-8.609196897903625967e-01
-7.533090155807897759e-01
-1.774494485871649374e-01
-1.136294456600637215e+00
4.184149484862604851e-01
5.958963366774563397e-01
-3.579193340336868090e-01
-6.860480679146103711e-01
-4.073472574038152771e-01
9.388442072915648140e-01
-6.147908613197179406e-01
-1.345417821015209014e-01
3.384869491803410568e-02
1.361026689990355365e+00
-7.434206324139518429e-01
4.214354210458441941e-01
6.615627478060304156e-02
6.624362273336821261e-01
-5.530501149379860593e-01
-9.724460728272248389e-01
1.187986343886292318e+00
1.697341142363075761e-01
-3.481888164627209292e-01
-1.613684192731899003e-01
6.030279346794751305e-01
-1.084131409181377848e+00
2.353933411709796530e-02
-6.017044133619720014e-01
1.203346989175626547e-01
-1.409944758189491054e+00
4.757614455847409829e-01
-2.521036523442683475e-01
2.403409502059785652e-01
-5.500578254357479935e-01
1.234479407186475086e-01
-1.695560767561730131e-01
-2.789045310979130221e-01
-2.176250547031859384e-01
-1.268970270518487098e+00
4.159826966153401528e-01
4.149999588379849058e-01
-3.577876075796462274e-01
-2.620746368526818415e-01
-1.017416663679877598e+00
-7.080171530940404523e-02
-8.737289911300374357e-01
1.558263757983802122e-01
1.680132387430859353e-01
3.531906211146047525e-01
-9.993037036093985748e-01
2.095447836541000086e-01
1.143090631157431147e+00
-5.643501869597598031e-01
-4.857755005738493281e-01
5.905049138875124726e-01
8.837195888723181625e-01
-8.919134541526938520e-01
-1.255200957794571082e-01
7.276178669852324532e-01
6.206026696279467458e-01
1.294003677002475428e-01
-2.990319074355394235e-01
1.732018877801255741e+00
-1.126004669515663359e+00
-8.238513056537337675e-01
6.790790307300689221e-01
-2.730893059026060499e-01
-2.843962422406471902e-01
-5.893237391635759437e-01
-4.362640262408490344e-02
8.439358058013368691e-02
1.244212456596446081e+00
6.829822181826550320e-02
-1.694026512941295692e-01
-7.841241282582158689e-01
-2.473969987221913414e-02
1.333991997497920856e+00
-2.387429184854870101e-01
5.720923469815355489e-01
2.489181654357643936e-01
-6.645635432955687705e-01
9.258302121886616831e-01
-7.536910488059680446e-01
6.462540776702603296e-01
-1.565113011950467037e+00
-8.612543689924549994e-01
2.181987036762853549e-01
-6.253866974235826603e-01
9.323481585128456928e-01
5.350711471779812101e-01
6.066557238897818394e-01
-8.264961730951903007e-02
-3.984138855302763460e-01
-3.374956693844879396e-01
3.504076479267226318e-01
4.161767299609895332e-01
-3.515207692581592269e-01
1.496641364181289902e+00
-1.214554546283353353e+00
4.560445402634361045e-01
1.765474251512668680e+00
8.375692478133327512e-01
-1.292639299449920731e+00
9.266744153366781589e-01
-4.366534196959648284e-02
-1.173458119640740982e+00
-3.804285085764611551e-01
-7.801392986666835228e-01
-4.751747454866448450e-01
7.693539848281343296e-01
-1.007454013756723388e+00
2.462924968304953666e-01
5.678172277053121775e-01
1.087731209756989337e+00
4.025623546515788576e-02
1.905594190480961458e-01
-4.040899162746756090e-01
-4.024651318658190036e-01
5.665362428275324547e-01
5.887820261990306392e-03
-8.496653719666884541e-01
-1.043587280149607111e+00
5.521277023870982958e-01
1.633343063417491692e-01
-6.044272677642776870e-01
-1.022258035837789070e+00
8.766620237241760094e-01
-5.307915764926383062e-01
-3.744389784549717604e-03
6.723482050981495206e-01
9.721443277905610358e-01
8.638455423993205429e-01
-1.766551312006008345e-01
7.840149575794814751e-01
9.908864627373024092e-01
-5.505975591609848507e-01
6.595804685259221145e-01
-1.540532070459772473e+00
-6.682018317980906730e-01
3.832090864633999061e-01
8.473956225089729344e-02
-5.515033468183352383e-01
3.504450402807606224e-01
-1.950013918201314311e-01
1.114977936903836842e+00
-1.787651245671160183e-01
1.133046605403571050e+00
4.831397854824519555e-01
1.073064534599446063e-01
2.347918932451360519e-01
-2.332074290465619981e-01
-4.331164662524020770e-01
1.054670898369876042e+00
4.621886241260533268e-01
3.899111648607345160e-03
3.914186869695903681e-01
-9.459370515522458334e-01
5.131861152132275450e-01
-3.539256805706978426e-01
-6.533100081078284660e-01
-9.945720972323437437e-01
-1.277778846651010269e+00
-9.602374479776010219e-02
9.901404678429948092e-02
-7.026668699000957474e-01
7.371625547064963868e-01
7.638675460584964938e-01
-6.904036685531345086e-02
-9.682843526116613475e-01
-1.532062682140133969e+00
1.619265676700045731e+00
1.117640793376986075e+00
6.679757195940219106e-01
5.774453196593123394e-01
6.054134289478509956e-01
-5.359931675584297395e-01
-1.299158554632958484e+00
-1.623992776014943740e+00
-5.259305127621018983e-01
-4.199516160188565550e-02
6.274828742537463810e-01
2.660019506911606157e-01
9.818980957749623428e-01
-6.695579245846117189e-01
-1.199712470652980478e+00
8.931333726218468883e-01
1.869147883467539017e-01
1.839347391471424231e-01
-5.704857015252979835e-01
7.257242384563600268e-02
3.561436061042453360e-01
1.438454735032454579e+00
2.062722550599991322e-01
-9.209148908037469994e-01
-1.259379993046167989e+00
-9.927434063034210610e-01
-7.045428566111091584e-01
3.253129124643283632e-01
-1.219525248512822291e+00
1.028444512788456500e+00
2.116717226926700945e-01
9.033632816047498792e-01
-5.671176610193242595e-01
8.078868902283620201e-02
8.590339072050756641e-01
-3.828136041181622318e-01
-1.114462612969835398e+00
1.269765989183735400e-01
3.174787042259241687e-01
1.380753495423503452e+00
-3.652761177416952165e-02
6.039991181285220279e-01
-2.377384060894423001e-01
1.726390156093273731e-01
6.328439939246122137e-01
6.362271554858995870e-01
1.620509170765260798e+00
6.446651229599353883e-01
3.716699281763657936e-01
-1.313972926345538639e+00
-1.112413128174167820e+00
9.722651117670650933e-01
-2.603075155217311476e-01
4.139177149436701342e-01
-5.837853654378033497e-02
1.539552890648030470e-01
-1.350775805719572897e+00
4.742530045877231260e-01
5.821543506132282886e-01
-3.795797353854357681e-02
2.642961465933257870e-01
1.360187268424351004e-02
1.374951832838017474e+00
4.840251311887850960e-01
9.130995243909385550e-01
3.301698684391505267e-01
-9.018103226535334471e-01
1.296209028684973674e+00
7.891442210170831473e-01
1.158772337986738066e+00
-4.331047383314725607e-01
-1.042732552504939125e+00
-5.789715629272764730e-01
6.945747888268787307e-01
-1.106242544418820639e+00
5.406105112869532547e-01
-7.405129119161557583e-02
9.803399335877145404e-01
-5.515642848596389314e-01
2.824841677787173211e-01
-3.201817314235544387e-02
-9.813628902482749439e-01
-2.162901276089526093e-01
-1.061586998934461512e+00
1.031786260842268099e+00
5.397507707355009288e-01
6.538004582173488899e-01
1.772160543315371761e+00
-3.151967232006267494e-01
-2.108108447923555673e-01
5.066211753130245299e-01
1.493176598046299652e+00
1.846890029701615532e-01
-6.765447140802187675e-01
1.697086662404565516e-01
2.740628486354008686e-01
-1.132577135251702671e+00
-3.369943658407583698e-01
-1.560228789655821124e+00
3.885358229465252222e-01
-5.186129539160244661e-01
1.480915060665187966e+00
-3.889279414014295000e-01
-2.465131544818142117e-01
-2.874648327294337946e-01
-5.326669847015805814e-01
-5.930126093643526275e-01
1.777689207113475334e-01
-1.444021945102207383e+00
1.320016572765894125e-01
-7.598831539476407215e-01
-1.884673531715659323e-01
1.029578812263117982e+00
-1.083044870790439429e+00
3.009681548566334186e-02
-8.787756111656790381e-01
-1.445876372078001015e+00
-3.650781461206911160e-01
5.885598648888104023e-01
-3.928191946492143316e-01
-8.141347012984141429e-01
1.144992751665955488e+00
-1.219307344539154236e+00
-1.292154024737385498e+00
9.230223015732619274e-04
6.878171076292645125e-01
7.309432702500568979e-01
-3.252722307789204237e-01
3.180850937022485780e-01
5.653197708197925664e-01
9.549291933881134398e-01
5.145331205535264019e-01
-1.212795855606331408e+00
-6.201710795268091658e-01
1.393122479253188217e+00
1.421353799328572975e-01
3.256718283588311280e-01
-6.583293384078583443e-01
9.589231837929146351e-01
-5.444494316443950765e-01
-1.205903869987206445e+00
-3.882593147456230298e-01
2.524211070694537540e-01
8.666183064398644831e-01
5.615342075234490693e-01
-4.275604399364762997e-01
7.852234395533308486e-01
7.173853530327267691e-01
-9.514609145825625447e-01
9.717219966079371218e-01
8.567486274480105024e-01
6.732995932813850004e-01
6.288347872901933755e-01
9.714907695326306936e-01
-8.816802275981938664e-02
8.093172076524268732e-04
1.840579033324187819e-01
2.530878927439701442e-01
-4.601175830377108866e-01
4.647087693243623363e-01
-7.335932266986384676e-01
-3.962766650623903431e-01
2.817195704479402707e-01
3.766443132824184303e-01
1.268550316121288546e-01
-6.571665456363842139e-01
5.221075573619691212e-01
-1.098887597374529790e+00
-5.460394455966710581e-02
5.007066332970202538e-01
-4.497272338764535249e-02
1.820930838226351156e-01
-6.810980241809119207e-01
-4.067168321720702195e-01
-8.810975031150514170e-01
-8.618567920651134528e-01
-1.294260441672250739e+00
-1.385270869484425127e+00
-2.090496968120900689e-01
-3.440772196104386893e-01
5.476558928674490900e-01
-6.361748258051633798e-01
-1.256222740938124360e-01
6.261109066351311370e-01
-1.801923576723885034e-01
1.888776927341995204e-01
-8.294136865801791103e-01
-6.069127703632339887e-01
-1.282719138060497421e+00
6.807716674118839961e-01
2.716000231755444361e-01
1.631905096238792652e-01
4.408591466730360509e-02
5.385787029689090843e-01
-3.712930273557768501e-01
2.466348269856641906e-01
-1.190423662217492407e-01
-5.310972026937079704e-01
7.498715488264195983e-01
9.331127635627112227e-01
-9.031770297837926620e-02
6.888283883096333327e-01
-7.301815359266328187e-04
-6.261746436161308438e-01
1.594913525747996275e+00
-1.289977170601135814e+00
