-3.392643803835921901e-01
1.025378442384949906e-01
2.109679349562973982e-01
6.046059689588592079e-01
5.316457021387304138e-01
1.962600948914321464e-01
1.555162123970532662e-01
1.189228671130049264e-02
-8.345303594725095309e-02
-5.840475111487997140e-03
-3.807828650276467997e-01
-5.137957282406810933e-01
-3.756181737505208673e-01
-5.328593960335172852e-01
-3.670556715696262629e-01
3.149086439043271568e-01
2.326205767847655537e-01
-9.133549917570071841e-02
-4.270102259438415260e-01
3.994497169182658070e-01
-3.301873253237186390e-02
1.096819445994832165e-01
6.031459343757097358e-01
2.003156585686785007e-01
-1.600570806292154202e-01
1.899142717568880201e-01
2.174418300049065778e-01
1.176006040462596047e-01
-2.767569297617056279e-01
2.341683541166972304e-01
4.552755666970176307e-01
6.422719707620672125e-02
-6.167476445739392688e-01
-6.652896050276702056e-02
-1.967657201633503661e-01
-4.839487003727391823e-01
-8.302740102722871995e-02
3.569870586515726529e-01
6.595839913545376021e-02
-1.270376395062484676e-01
-3.609686500255699926e-01
2.075975229246838083e-01
8.042838229053383969e-02
-1.888731904308116327e-02
4.976545661095173045e-01
-3.585283225047675160e-02
-4.283645387891352740e-01
8.475702163581999571e-02
-3.179045614407902676e-01
3.279354468305406556e-01
1.896881053102719150e-01
-1.119764730988830337e-01
7.795172449639942158e-02
5.695691939248881397e-02
1.893390456793175858e-01
4.257252316068491638e-01
2.014867621040750123e-02
-1.173902552494752172e-01
2.701422580309493782e-01
-4.180436234943130103e-01
3.153705980426400046e-01
1.609937457844710096e-01
-6.880563861381805424e-02
1.751236329476011377e-01
1.325987478036889655e-01
-2.971698664654809363e-01
3.390383828299858848e-01
-1.393635063741482938e-01
1.339036185678352808e-01
-3.482088680944492864e-01
6.526752797424517638e-02
-4.634914797838796119e-02
-1.601835798739150718e-01
2.574918919611945967e-02
-7.924283205246851480e-03
6.716341326543950885e-02
-4.996686018878184754e-01
6.207233862912886480e-02
-4.186519464094935472e-01
1.226175818324453104e-01
2.442476420535122372e-02
-4.315439658249280441e-01
4.217633285621458228e-01
5.375444061976830668e-01
-1.893278526766337677e-01
-8.970449759494592001e-02
-1.002316495444866007e-02
-5.174248425663448003e-01
1.938814903653716115e-01
-1.755091845649392468e-02
-8.494124775216960188e-02
-3.004865963247898009e-01
-6.015488403747779600e-01
9.101079291811586813e-03
-4.198529842262228584e-01
-3.726126717983193615e-01
2.484410955437592605e-01
1.720892616495808269e-01
-9.451381715910134318e-02
2.223255740852838613e-01
-4.675050453190978672e-01
2.830990027287318966e-01
2.038592242784300623e-01
-1.686504544162943375e-01
3.960835807859908186e-01
3.090124959522881909e-01
-5.069316255169846741e-01
-1.200820345510651421e-01
5.182446652638796891e-01
-3.164238754694750355e-01
-5.250986637438055382e-01
-5.527302886518636882e-02
-5.661145936294778025e-01
2.557472054664922112e-01
4.795385138381336176e-01
5.359259395400917114e-01
4.589238424146238060e-01
3.494265123262074724e-02
2.911041415958255385e-01
-6.360936141895043860e-01
1.677399371243559756e-02
-1.925064881274494155e-01
2.225040165344456256e-01
-1.654377764442056531e-01
1.060391044647159831e-01
3.771262978941871680e-01
-1.232600455311327892e-02
-1.278626271185867580e-02
8.900518677349733565e-02
-1.431109969256993963e-01
-4.796759437798101544e-01
5.032115742969800465e-01
1.777410908260934619e-01
6.936232083499582757e-02
6.332696654264635683e-01
2.365236782444144481e-01
-4.055176047279696050e-01
-7.657270301953555958e-02
4.931955574570654477e-01
3.382629147379372370e-01
1.671452676300431150e-01
-2.216351736916202242e-01
9.646247901944349223e-04
-1.687742444120363672e-01
3.971281571214309025e-01
4.709289852454423553e-01
-2.808939923338069633e-01
-1.420649583674187255e-01
4.944978689420054252e-02
-3.829074040401279078e-01
-1.887582946578962861e-01
2.766893784045176830e-01
-8.406589642204220780e-02
-1.920606363931547378e-01
-3.084344531780853771e-01
-2.097864995462375148e-01
5.760523519760250011e-01
4.783713437989334238e-01
-5.048142488241307291e-01
4.440162707209456272e-01
-1.644365215054692797e-01
-3.832298871838535348e-02
5.769170035673791830e-01
-9.286041317011051177e-02
-3.380299733068898860e-01
3.890435378295826752e-01
-2.642562225582985036e-01
-2.486251889429000883e-01
3.326248617576830213e-01
3.692551760988873610e-01
5.936212228004977831e-01
-3.493057874441269917e-01
-1.554854394219695735e-01
1.932146641398606590e-01
-2.430144753523890699e-01
3.113686429657036570e-03
4.617763839600304010e-01
4.235200200836359841e-01
4.632569401135002707e-01
-4.914778483115664898e-01
-4.631991523567968727e-02
-2.590595997129794270e-01
-3.530700842200538148e-01
-3.194917139772464054e-01
3.330949931054725255e-01
-1.429651310394639552e-01
-3.435032403082214358e-01
-2.948718795537903503e-01
-1.726998624528031101e-01
4.190313771682721011e-01
8.123341511052739605e-02
4.174564800420563770e-01
2.559908629503908628e-01
-4.925046856843904308e-01
4.669832518022420942e-02
-3.802130375319805466e-01
1.950119894075577065e-01
-5.178758143180228757e-02
-2.517309130599603151e-01
-5.851828998780668201e-01
2.048546060114384559e-01
5.085172138991111979e-01
-3.228735658156534072e-02
-5.427024804794076118e-01
3.900871719171306040e-04
2.905007754348609694e-01
-8.576628450320811226e-04
-2.199488308798436265e-02
4.942694679724084494e-01
-2.347855926490218792e-01
-1.800878228750582011e-01
6.169112075447529264e-01
-1.873364834152244640e-01
-4.072295209703291619e-02
3.941545797311007959e-01
3.720851805448734950e-01
5.147900952733124313e-01
-4.177535085662293923e-01
-5.775615334006394264e-01
5.260942091592450964e-01
-1.148909438240988123e-01
1.265347723022891557e-02
-1.185604058473979094e-01
1.482264246967703869e-01
1.486252175878464143e-01
-1.242189546039886849e-01
-1.373453716768651134e-01
-1.534006753627199515e-01
-6.237332580205290355e-02
-1.113527576607662439e-01
-1.574046036351379740e-01
5.043531408604238209e-01
-6.394337818504407522e-01
3.339264371940959819e-01
2.239417712412343775e-01
1.219424939596436275e-02
3.502127986696601525e-01
7.610202132501964201e-02
6.113398739324962250e-01
-1.017318875734769534e-01
1.613734744567363322e-01
-3.468406685595564198e-01
1.967013286799179639e-02
-4.664714817952049231e-01
1.851140156394954772e-01
4.702407450736316719e-01
1.279226023056443395e-01
-1.412424678661707844e-01
-3.552999051385095086e-01
1.103673854221298711e-02
-2.602109034245394525e-01
6.187816017892995291e-01
2.066907384935827707e-01
-2.715869625574871549e-01
-3.394626254880082072e-01
1.243793220109683517e-01
-4.609188880347652173e-01
-9.449980463666118879e-02
4.966786265439484538e-01
-5.244842878506510431e-01
-5.441455530026395593e-02
4.649855845220880468e-01
4.488789282189404872e-01
-2.287392296174868278e-01
-3.407063139679671337e-01
-4.605174918095764625e-01
-7.098830617523077535e-02
2.943496982213016366e-01
-5.650972043597715100e-01
-7.368177797378905325e-02
-3.441979537988180127e-01
2.987779216174644148e-01
-5.334595716990468972e-01
-3.785693976265260829e-01
4.887828724749185838e-01
-4.013538367707250032e-01
4.731227882874398105e-01
4.948026809610706067e-02
5.700388753720027069e-01
5.542910811112298219e-01
2.458284985501713038e-01
4.409199164099320001e-03
2.175561637309897378e-01
4.266175823374496190e-01
7.254722407471714263e-02
-1.753404838402428112e-02
5.495155383924110737e-01
-1.745802789924333354e-02
5.696732148332195322e-02
-5.415537746332468316e-01
4.853395484833686879e-01
-2.095706130217500629e-02
-1.458973990162979462e-01
-9.577059378710561788e-02
2.349016939181964858e-01
1.751730851710870951e-01
5.743640452228842008e-01
-3.337325078327797456e-01
-3.823561318147943311e-01
1.119675048030082110e-01
2.825755787770400929e-01
-2.018142351051004368e-01
-4.969603847583474732e-01
2.197214605022326239e-01
-1.298309256557059754e-01
3.060205331025036557e-01
-1.548634789813814194e-01
-1.580143388742447641e-01
2.636623337827721514e-01
2.295434654313108780e-01
-5.669815463253886634e-01
4.571891827726126678e-01
1.472551409047593296e-01
-5.984947991599423034e-01
5.034470206513397272e-02
-3.834936798516705991e-01
-7.001881076449301133e-02
3.648468326412599438e-01
-2.253744204972880638e-01
4.776393737987838506e-02
4.136060543267792156e-01
3.274183382127855424e-01
4.251488662358857695e-01
-2.353048712377079354e-01
5.580344734273854357e-01
3.228034997747286639e-02
3.974911353657564206e-01
2.020484662900656758e-02
-6.112554742096261151e-01
7.298959648712965986e-02
-2.452151969623095340e-02
7.184000391274558694e-02
3.452881341235594093e-01
-4.663512074366913396e-01
-3.833241368155606565e-01
-4.958119917661552023e-02
-3.378712994824448757e-01
-5.912503732570399961e-01
-5.048436894280499132e-01
4.126722975554732997e-01
3.415057655462216957e-01
-5.594745752815422080e-01
3.691497995404962040e-01
-1.874202967273141951e-02
-3.334645447282813535e-02
-6.492683357072221995e-01
4.613226866079802591e-01
2.441933703881913331e-01
3.309319674174782122e-01
1.750843300687083826e-01
2.201618128924351936e-01
2.930456523056337304e-01
2.070642896758956297e-01
4.127961756677942518e-01
4.427000937266720726e-01
3.614086502810813784e-01
-3.958344021396165147e-02
7.520937670903560246e-02
-2.741688447405170592e-01
-5.707124697240280042e-01
-4.884058913339686114e-01
-3.429665406724717869e-01
-2.402916997802284627e-01
-1.071748122232891731e-01
-4.739093721602625209e-01
4.285247288049784942e-01
-2.497350619230012114e-01
1.310518637123401220e-01
2.576361844830277192e-01
2.585175869942757387e-01
3.294170706851984320e-01
-4.941920444848388883e-01
3.023717356180526394e-01
-2.560720164847545277e-01
3.341236217924334895e-01
4.153621801758253795e-01
-1.649941960842937760e-02
2.039710277628365986e-01
1.612930565672865413e-01
2.816103007528862889e-01
-6.306365502946622570e-01
-7.335828301226232639e-02
-1.970095685861972257e-01
3.734497305259365518e-01
-3.606751468568845098e-01
-1.184568273940911354e-02
-6.558672472163351586e-03
5.279957274393716204e-01
-1.176070919558238614e-01
-1.833775394242644907e-01
-3.782867908328277906e-01
3.127757600666578597e-01
4.433103006343799279e-01
-7.879066104530618730e-02
-2.699325745015501710e-01
-2.767269928686655334e-02
4.806322447142150622e-01
-3.252504356416743292e-01
5.072324602483826439e-01
-2.503151073066174348e-01
3.324817991502939662e-01
-5.246395589272836446e-01
3.401031546889257129e-01
-3.669939231277954406e-01
1.201155521209242849e-01
6.108469310302044875e-01
3.589233297006622081e-01
4.255198655913181582e-01
-3.197609528196245776e-01
2.757787545330412371e-01
-2.227074561273658659e-01
5.483563625522354101e-01
4.101563869155526731e-01
2.383744131076088735e-01
-6.104291005654189917e-01
-3.079290866060624410e-03
3.486431275992751821e-01
-2.585461459829296871e-02
-6.287773536623921800e-01
-2.452326276087521961e-01
-3.735337802597014090e-01
6.273685069366461420e-01
-3.951036060048966903e-01
-2.598811604107620354e-02
8.093492254689493848e-02
1.234228435459439055e-01
-2.112881588800021859e-01
2.939194824273592133e-01
2.448975901616936568e-01
-3.580286716350240539e-01
3.006181796110567461e-01
-3.577680732302157551e-01
-1.510220268826110157e-01
4.276204087689725597e-01
-1.590988876318597534e-01
-2.916168889578631962e-01
1.382320094547262457e-01
-2.186109016404502725e-01
7.885036800037159566e-02
2.927247175376912480e-02
-1.599634473176276828e-01
-1.115248682071996456e-01
2.096939871161129787e-02
-2.127021698884679068e-01
5.107069315113843544e-01
4.672509208490165378e-01
-1.011444992166348200e-01
1.444395499808770467e-02
-2.291655394975986582e-01
6.324110568134733157e-01
5.592308720404481903e-01
9.586258159578608939e-02
4.390460250572312262e-01
3.488136996236459453e-01
2.480908291513728159e-01
4.209728719327978652e-01
-6.419934852478359488e-02
-1.562864301001267719e-01
3.523191482659360219e-02
4.010760484105446722e-01
3.192713841030414557e-01
3.304241707033224174e-01
5.913909597298676601e-01
2.020683734447992208e-02
6.021373712417323887e-01
-4.710388904540465660e-01
3.442757431549843261e-01
1.038390662788026830e-01
4.455906881729898572e-01
-2.049221392034556999e-01
-1.425222460089177190e-01
4.117525459621145245e-01
4.666174230528605804e-01
3.678298652457856477e-01
1.654512583116449775e-01
5.695933467936065142e-02
3.239398038562759652e-01
-3.115610730477875734e-01
-2.967386567097465289e-01
-1.613433897125817751e-01
3.012460366066616047e-01
-1.457897623333082038e-02
-2.304400794666356944e-01
-2.326448263564095953e-03
-3.348391328290807323e-01
6.453498763089129397e-01
-4.217634265384520020e-01
-1.879622163250793676e-01
4.902564112610736657e-01
-1.237007606071856003e-01
-2.110617152804685759e-01
-4.133226689523006314e-02
-2.488012594898840746e-01
-2.180329949391683897e-01
1.811795152802639919e-01
-2.907837566849984512e-01
-1.383447169622327166e-01
2.992499423888128618e-01
1.432278995491174101e-01
2.870394484478735464e-01
2.688386252757357653e-01
1.782000667875713873e-01
1.571857693826839153e-02
2.179900478419307674e-01
-3.004267805573102024e-01
3.980949154230497555e-01
2.408726888661334442e-01
1.450450056464980264e-01
8.900379340547459606e-02
2.070778745893040451e-01
2.161422492322024880e-01
-3.600164354028034808e-02
5.883341750201145359e-01
-6.936347926663444241e-02
1.483832669359541612e-01
3.613372724354579901e-01
-2.180884229318262868e-01
-3.696367783433274212e-02
3.773406774350345216e-01
-6.139587722141506276e-01
3.986276876712055994e-01
-5.792008527185945610e-01
-1.892813417499805695e-02
-2.005616812794199788e-01
-4.591536367104964711e-03
4.832241116396795988e-01
-3.439060847602375404e-01
-3.102732427221495115e-01
1.418381241717963093e-01
3.954095015587260065e-01
3.507648401866445553e-01
4.184335418188780409e-01
4.227659831689098979e-01
-4.274165263064908515e-01
6.520341942354370701e-01
5.189993432253476868e-01
-5.497458507443200304e-01
5.093424531966315172e-01
-5.628926072128948022e-02
4.321778936533586801e-01
5.477476302036441425e-01
-5.559610194106356929e-01
-9.854303557827481796e-02
4.103622256705721227e-01
-2.700123328167567394e-01
-5.340681452638769144e-01
-2.126408335202096822e-01
-2.029852358052490757e-01
2.277043601801498340e-01
-2.226107597019755246e-01
4.978656429159649122e-01
4.943134657149164113e-01
-1.099984487385281540e-01
4.699949129726395114e-01
-2.822601860108617799e-01
8.242070452669025826e-02
1.648477460190189703e-01
3.322469775129563985e-01
2.124565061388139497e-03
2.974968703308729090e-01
-3.812498777526016625e-01
-3.858993629559579475e-01
2.525956961111939236e-01
2.135884631480973184e-01
3.483355599163084904e-01
2.216499768459279096e-01
-4.008937984441010016e-01
3.678209869386606101e-03
2.462241835712033478e-01
-5.981166776544384334e-01
4.387796936999706077e-01
1.006236426991957700e-01
-3.791620407332016995e-01
-6.112929814172929355e-02
2.256685216592035914e-01
8.485549282389737158e-02
-4.733544497146420227e-01
2.260704803509909766e-01
2.426465586355242010e-02
-3.550858700617309793e-01
1.930459938071038550e-01
-1.619657609852680480e-01
1.476975475399902038e-01
4.239281020932175181e-01
3.362601437209136179e-01
5.222307053892008000e-01
-1.430619573039679793e-01
-8.273495569720878962e-02
3.433734557554561917e-01
-2.872142255854983617e-01
-3.179002977536740104e-01
-4.232512554424454621e-01
-3.253599853966990807e-01
-1.628287364007832139e-01
-3.929985747409459051e-01
5.888368288950598384e-01
-2.085961405729417351e-01
5.937089278359408695e-02
-2.150231181433595040e-01
-1.488023996498988311e-01
-3.936558215916399206e-01
1.617095206028498211e-01
-6.158803577355360659e-01
-2.675041788245327012e-01
-5.425839832459331546e-01
2.649257465908938514e-01
5.880671279584408495e-01
6.785326705127658897e-03
-2.264642417394124863e-02
-3.416876500313410503e-01
-4.644811907287422770e-01
2.348422873775639630e-01
1.917588896308402013e-01
1.889065225839132722e-01
-7.677521469005110788e-02
-2.063854317026114771e-01
9.355136486244219896e-02
4.807469634616250431e-01
2.635914952709494941e-01
-1.281408991496064687e-01
1.238364051071725314e-01
5.271324710986204920e-01
2.787006912293179539e-01
-3.286683264301428764e-01
-3.236549341840948557e-01
-6.289364809232491638e-01
-1.373709738686867965e-01
1.999179675450761806e-01
2.496039414604647177e-01
4.784381928936038975e-01
3.344421727829605118e-01
1.115967621265676613e-01
1.022751508651715824e-01
-1.820359203659549507e-02
-2.183407993475547926e-01
-4.943386996270415779e-02
4.082847673400857857e-01
9.162916724213321373e-02
-3.822002611808308359e-01
5.962182428194555683e-01
-1.785175383621764311e-01
2.406153461007987104e-01
3.188793694765079678e-01
-3.689946988954559970e-01
-5.722383693142596428e-03
7.099079469952673804e-02
-2.948350006321263095e-01
1.157862520137573625e-01
-2.446306332837435704e-01
1.857377438710816620e-01
-4.001759205394064267e-01
-2.578383440614082645e-01
-8.027124312660660621e-02
3.962805895125605105e-01
5.420606367599223319e-02
-3.591166398237355395e-02
5.766832842146971672e-01
1.719491594481290520e-01
3.764185809766296131e-01
-2.642421126020639832e-01
2.217604705982090252e-02
5.319181034966300459e-01
2.400995207523717312e-01
3.203957728867745658e-01
1.030715393418208947e-01
-4.384365155409852832e-04
1.451411058433844659e-01
-3.547394952273199564e-01
3.087018033355004576e-02
-5.187261236547637822e-01
-2.550956370243717686e-02
4.238745252714082312e-01
-4.277342767218232922e-01
-4.095742594377735912e-01
-3.888647565417278074e-01
-1.141364767244592571e-01
-5.495216280611865400e-01
3.343956455541254869e-01
1.676030670889847585e-01
-2.495080374991376360e-01
2.031691548608005604e-01
-4.845763796406217239e-01
4.312021479741279251e-01
-4.124887143112454524e-01
-4.163633252675484897e-01
1.375609201490668454e-02
2.042927673762555685e-01
1.458080944196886719e-01
-5.197673179222039863e-02
5.556415261080491774e-01
-1.491971084999628161e-01
-2.341478844516409197e-01
2.408319571235386647e-01
-6.284231077926527576e-01
2.944788579730364120e-01
6.410129047810091407e-01
-7.908647548412250927e-02
5.635208031383065475e-01
-2.919359234394658387e-01
1.702313439177283172e-01
-9.040721868103052117e-02
-3.446144856549624436e-01
1.319662361289939412e-01
2.763651863062595027e-01
1.871878885501860879e-01
4.412056710567178186e-01
2.949357851765554983e-01
-1.713971959798730182e-01
1.538675493025998264e-02
-4.855740763509128755e-01
-2.453263723439116362e-01
-1.159802312827231674e-01
-1.538404785101281647e-01
-1.754569726934116503e-01
3.270188790935968370e-01
2.288699687702111518e-01
1.041735043806042427e-01
-5.241517876196493120e-01
8.436443179532915337e-02
4.191218122824125203e-02
-2.510106352827721210e-01
2.515201025693380998e-01
-2.717988242474271843e-01
6.106483845804753230e-01
-5.498715943743537338e-02
1.592109220266095804e-01
-3.226145090069572063e-01
-3.325665118471743398e-01
2.962254256994265589e-01
7.801358964865912071e-02
5.932299422712521419e-01
-4.642013278893477590e-01
-3.235732869326213290e-01
-4.634238234401877321e-01
-1.230351579794231043e-01
4.142501543498511296e-01
5.198690760625135354e-01
4.839514079423725690e-01
4.696317145593926767e-01
-4.948274979739579749e-01
-3.118157926253939394e-02
-1.444534125558751825e-01
-4.817179027820079895e-01
6.397742873364542504e-02
6.264563926462907162e-01
-5.709816935270417559e-01
-3.377321981440770671e-01
-3.724332280474760282e-01
-1.288812980271121233e-01
2.775677631952886415e-01
-1.851505207539769771e-01
2.603593051168084926e-01
3.983764650581900213e-02
-1.491903899497089014e-01
4.976432262152457042e-01
1.768053570672991626e-01
-1.648915276554365761e-01
9.966604596950645600e-03
3.907257345323102982e-01
2.683919167935675532e-01
4.511366345070584316e-01
-2.073974617900269379e-01
-5.281758545017201101e-02
3.614843856362721652e-01
-2.760298042576643240e-01
-1.385348351587012417e-02
5.974157871351160054e-02
-6.127628817006138817e-01
4.254475448398942206e-01
1.044160150908490792e-01
3.252834305412104499e-01
4.701060706878816831e-01
5.963373898821044961e-01
3.370481689203677078e-01
-7.460415665923036954e-03
5.805271946647554415e-01
-2.344166535519898176e-01
-3.389739299383762727e-01
2.054865733796740201e-01
1.723345911423566079e-01
7.711156228999183071e-02
3.738457826015029184e-02
2.522821123298708557e-01
3.965396574653290429e-02
2.743848479325725620e-01
5.245902792554417715e-01
-3.383550339905916360e-02
2.710506459801775847e-01
-3.490157827382516231e-01
6.128776171706107334e-02
2.385905056666404178e-01
6.523443742196919359e-01
-9.336954533476671259e-02
1.394174144372293256e-01
2.807641090092829472e-01
-3.841644347401205195e-01
6.085229581348139405e-01
-4.007283170275952600e-01
-2.978093119393268040e-01
-4.432305995368341911e-01
-4.786534314195742823e-01
1.295999783156673857e-01
3.959444987859352949e-01
-6.231974051469970632e-01
-2.124027809160891067e-01
-4.106756735839294237e-01
3.387297281561982842e-01
3.126379978535007709e-01
4.007024117385551421e-01
2.239648653650014865e-01
4.805396795589054193e-01
-4.896034791512002826e-01
-1.928603391156302749e-01
2.357390383148860735e-01
-1.906084770616356394e-02
-4.703925003988906894e-02
2.655850343112566847e-01
3.224994556794182898e-01
6.456334427446144275e-01
-5.255209572979069321e-02
-4.427867955854205562e-01
-5.051068624988195310e-01
-7.879916473610837357e-02
1.366793140820687924e-01
8.721446600019788775e-02
5.479174329673197619e-01
1.433180568022791590e-01
4.244715954797957380e-01
-4.831893213105411533e-01
3.099107100420797067e-01
-3.371681887605575412e-01
6.021947332741923731e-01
-5.779305563577112892e-01
2.121959737058602968e-01
1.282778386858005604e-01
6.457433508888996698e-01
-4.621045070163170010e-01
-2.260367116018100475e-01
-5.580929676637982340e-01
-2.509916818513069359e-02
4.880889545272886210e-01
2.204603809224403577e-01
5.817526915904513984e-01
-2.809354867858884219e-01
-9.377079318266368091e-03
-4.377640388498358348e-01
2.738342523924597316e-02
3.775896356832584289e-01
2.973666502547622770e-01
-5.472099839778241659e-01
2.947168692096564513e-01
1.957664061912565145e-01
-2.470983241337947334e-01
2.565347937340032303e-01
-2.231508743666150707e-01
4.271223971969870803e-01
1.422935787189452128e-01
-1.815218234026927391e-01
1.196117627626414048e-02
6.192265522505389086e-01
7.225513034313291172e-02
-2.665577554234292990e-01
-2.065644818535883331e-02
3.978101752854374951e-01
-2.477594436475145656e-01
7.915345638701865028e-02
9.170164133674063578e-02
3.847232216310727537e-01
3.281347422825664495e-01
-2.064062014244267829e-01
-5.476522472663170049e-03
4.322056877958546650e-01
-8.644398485598081550e-02
-4.189510836785883541e-01
-5.628203321903777478e-01
5.860074343068415459e-01
-1.790088192887244745e-01
4.686953171408934082e-01
2.206710251926091715e-01
-3.738471344857261514e-01
1.002884616879642365e-01
-5.892174069512998713e-01
-4.904427222346630089e-02
1.873181381092674513e-01
-2.551854680484657578e-01
-1.131450285588577742e-01
5.612265453981688523e-01
-5.608825581534429006e-01
1.669000225202932342e-01
1.495391126785348135e-01
3.113865680779914769e-01
-2.895211716105974276e-01
-2.438037540900381828e-01
5.169505193983958691e-02
2.628472587153929396e-03
2.788482328618062667e-01
-2.271747176149387926e-01
-2.048792427739609678e-01
-6.525802233410171738e-02
-4.097170826623832696e-01
-8.583024310914311172e-02
1.932982814612707045e-01
1.908431232403993150e-01
-5.322425535022743404e-01
-3.673000359292233341e-01
2.774085737682465691e-01
2.583399088448619096e-01
1.727314990676722672e-01
-2.748815801705282169e-01
4.535041891335183095e-01
3.860693230599192560e-01
-5.198909696778164502e-01
-4.512452457906483971e-01
3.377061686102367233e-01
-3.137951035721648907e-01
-2.978627839219782913e-02
-3.245998534517244849e-01
1.531574996976479142e-01
-4.877542095818885315e-01
-5.603009717722144956e-01
-3.770309356550995972e-01
-7.924604333260631961e-02
-2.671566025222755769e-01
-2.088280211333444214e-01
-2.910164490858786479e-01
-2.858472615118161642e-01
-1.646869966734882951e-01
3.041786805881319111e-02
1.779809077253693417e-01
-3.403619776433233213e-01
-1.734621033535228563e-01
2.273124638313586132e-01
5.463197717159271605e-01
2.031837062494590285e-01
-8.801229377965658074e-02
-1.325625941197463575e-01
-1.919203577541139794e-02
3.696951112273225704e-01
-4.899946694240897571e-01
2.013737096029615259e-01
-6.168426313082866486e-01
-4.097659762322551913e-01
1.948257909251971398e-01
-1.217361093941784489e-01
7.093214853367690864e-02
1.084939210638697915e-01
4.381660397635931403e-01
2.806828125518503469e-01
-4.783930006863226225e-01
4.374684232961101316e-02
4.707954949363806207e-01
8.327944030232714567e-02
-1.376394379565883952e-01
2.976118222226400434e-01
1.214983652004386627e-01
4.791081066837588054e-02
8.968672061621596470e-02
3.134041300848515732e-01
-2.480995294505587978e-01
1.282937282227312181e-01
-2.547647276892650581e-02
1.853273134414301637e-01
-2.467401424700970125e-01
-6.631746756985190672e-02
-2.977982154432758932e-01
-5.860473296709507451e-01
-1.667691500806727234e-01
3.588720449803686208e-01
1.823025357524166168e-02
3.229072002252317830e-01
-1.568787920734635577e-01
4.049840155149739829e-01
2.001708858893591625e-01
-4.400133404619896993e-01
9.529456420038417974e-02
1.913636628631163461e-01
-4.240765663634196159e-01
5.696456687585929046e-01
-5.539193181553319079e-01
4.878466553081945989e-01
1.606729610936197261e-01
-2.091803606789959247e-01
-2.228346492871420281e-01
6.332291624428085797e-01
-4.262911841751382269e-02
8.521090305645095953e-02
9.015676413355322438e-04
3.745314720430492628e-02
4.047283772896701493e-01
-4.125789659831626821e-01
2.049880327945299285e-01
-8.801581291444371402e-03
-2.953974138896811041e-01
-4.434913553637560568e-01
-5.811632701694797731e-01
1.153082633152280323e-02
-1.332519973773944599e-01
7.462112226725103881e-03
-2.820429958792534109e-01
-6.479416382362002125e-01
2.089215078089026179e-01
1.683918783276414644e-01
5.014133049627478300e-01
1.969702314325108006e-01
2.538550716153391562e-01
-4.183211124466170716e-01
-3.699134404102091267e-01
2.098596423822485235e-01
5.034630789368943482e-02
4.316661516940643040e-01
4.862660890773113920e-01
1.722262412019741618e-01
2.980288116817764177e-01
7.444393362762546928e-02
-1.820910606158685496e-01
-4.881547083306578827e-01
4.554375243980572918e-01
-4.375507099287592183e-01
-4.308048844716489967e-01
4.402048218102594390e-01
-5.322042074800146239e-01
-4.128040111366972909e-01
6.191155400160113231e-01
4.387895784586692827e-01
-4.032392698482185622e-01
1.767760257017769732e-02
8.356485903916421876e-02
-5.398089932854963635e-01
-4.002318560542130754e-01
1.109488223763133163e-01
2.776181028754365343e-02
4.518606925266261953e-01
-1.349147657508309450e-01
-6.401538638757831023e-02
-1.796765583463084681e-01
6.190512400074288379e-01
-2.640750037631427460e-01
-1.655334449042324962e-01
1.330470172806199614e-01
-1.077196657749919240e-01
-2.658047726809087408e-02
-1.591861223563721950e-01
1.409540729221099298e-01
1.703005072806051956e-01
-1.072693967980082874e-01
2.020331704293454322e-02
-3.776112446032779957e-01
3.103362887176208673e-01
3.171754646879296757e-01
-3.216434154756147024e-01
-2.299469380509329142e-01
-4.795731949695616336e-01
1.092079310439419970e-02
5.795441565699732678e-02
-1.275599253092973839e-02
1.284768395835396149e-01
-4.494807091645540709e-01
2.628936196737940989e-01
-2.831138704240991899e-01
5.582344589893324383e-01
3.238055981071408240e-01
7.796271422393985517e-02
-5.948116734593593691e-01
-1.627196670577939486e-01
4.493547776006243666e-01
-2.973382357204226167e-01
5.122036305868853390e-01
-7.491620556503697514e-02
3.966641347321449018e-01
-3.228254474438854160e-01
-4.322687341323359078e-01
-4.149233990513598869e-01
2.523824136903414228e-01
3.285622710003046620e-01
-4.419348190101377583e-01
1.088017110613552774e-01
-4.099218689831900519e-01
-5.218571961114921720e-01
-2.705513944726085640e-01
1.302417241851063778e-01
-5.198071818996119475e-03
-4.068716568056514049e-01
1.115069276891631489e-01
-3.235354308417566216e-01
2.783699209659236118e-01
-6.777665609055993912e-02
-4.759332671697968919e-02
7.198651394423105643e-02
-4.303479217190808725e-02
-3.930382792161166705e-01
-9.806866709382866532e-02
-3.703105010381957385e-02
2.676911964025876500e-01
-1.709575811359247410e-01
1.776747597112793287e-01
-2.610687892512988384e-01
6.189940353103651205e-01
5.038967078411404898e-01
-2.712708888041248656e-02
5.254184646774184841e-01
-2.656864036615305125e-01
3.278030128985385261e-01
1.690137867364764901e-01
4.289011915900271532e-01
2.201549925807899655e-02
-1.573776952075283120e-01
2.469489593438130015e-01
-2.886730208011130117e-01
-3.065892353919927871e-01
1.038537682118683136e-01
-1.171043333006291931e-01
-1.408647887287273193e-01
-6.418541128434611664e-01
-4.618123915273466551e-01
-8.892444075758820787e-02
-2.073535231939844792e-01
6.201258802577491736e-03
-4.666231898699972902e-01
4.421966726032069417e-01
7.262025836326824191e-02
-2.570582791473974282e-01
-4.960097191912851144e-01
4.553698837260409249e-01
3.543050123385969030e-01
-5.783944618824943262e-02
3.299014154434605217e-01
1.844801653783409989e-01
-5.516897631306889593e-01
-5.864761551979924548e-02
-5.469158123397868110e-01
-3.227552818048176064e-01
-2.781325504918257252e-01
-5.523050244546778842e-01
5.321179663745851940e-01
3.248159308057889660e-01
-3.005242691258516174e-01
5.111316764703275339e-01
-3.357779944144940742e-01
3.520627835265699446e-01
-2.587462236743913735e-01
-3.546263771662188091e-01
1.577937227408323650e-01
5.767644385892891634e-01
5.339773441611050941e-01
1.443975199921334607e-01
4.182634897914017102e-01
8.798772359206274984e-02
-1.071617738701196032e-01
5.717627370292888145e-01
3.871265421263601070e-01
1.440817337517223962e-01
-1.180124124064176883e-01
7.878065571546422063e-02
-3.297340344454022798e-01
-1.222939111883487584e-01
3.732943659543765946e-01
-4.273607285639346998e-01
-4.724914387269905092e-01
2.463598941077300708e-01
-5.733014766773267823e-01
-5.803741949422285273e-01
2.233975980571827336e-01
-3.532790403170711357e-01
-2.402169726328295951e-02
3.793488128062261211e-02
5.936166813832137734e-01
-5.158820148934832872e-01
8.016354123478652838e-02
2.081551448266827364e-01
7.867868913385756002e-03
4.318146544774847939e-01
8.104996161452682202e-02
-6.164369669309257560e-01
-4.092630981596911965e-02
3.422165621846673389e-02
-5.856852072354996608e-01
-3.535295203065711434e-01
-2.708096695430421974e-01
-1.731412150204558742e-02
-3.281445000249227917e-01
-1.600149738742899785e-01
-5.529090546915051974e-01
-2.057043253183623577e-01
3.332266550387483761e-01
3.963017690358476841e-01
-8.970996911979689514e-02
-3.423470851446852592e-01
-2.700650950673200157e-02
-1.979976810696095768e-01
5.686492489460004407e-01
-5.021700310288679248e-01
3.662711468538919490e-01
-2.327358393383907043e-01
1.261089120283074294e-01
3.114042073494172058e-01
8.837129568239898703e-02
1.562710958168347375e-01
3.070861570052212386e-01
-4.108724217290511405e-01
-2.148732900058689665e-01
1.325915254443712499e-01
-3.267736926768503025e-01
-5.196286030013581581e-01
1.222724718943162259e-01
-2.736455223905567280e-01
-4.986104911016768781e-01
4.963302582903157401e-01
-1.522253826047208491e-01
-3.612397934558213564e-01
-1.512053375195856475e-01
-1.829546418773730920e-02
-2.210245534354893238e-01
2.917959815016555325e-01
-3.104269301566358052e-01
-2.732416716226087061e-01
-1.084036769144720580e-01
4.739315114250599592e-01
3.448244262286515038e-01
5.384036433929262344e-01
1.993287599395507925e-01
-5.412821359835566781e-01
5.871593405321560155e-01
4.370454319789178754e-01
5.824956027196392938e-02
2.691479601098913932e-01
-3.142116013167024491e-01
1.344389251522439821e-01
3.340848666482294504e-01
4.812074653023534765e-01
-2.529560829378585396e-01
1.364626358388854044e-03
2.829214755971278805e-01
7.613246820373653634e-02
-1.102761914645089547e-01
-2.774404086006612147e-01
-3.525076490980101340e-01
-4.287628174524025226e-01
-5.593949646002016607e-03
3.554926785072254347e-02
5.357813566966838081e-01
3.854248581929828887e-01
-5.030072504832032720e-01
5.271901689930293955e-01
-6.747463635017947325e-02
-4.515458026960104121e-01
4.327425015983576984e-01
3.272792841931604357e-01
5.158508995264732278e-02
-1.207410859927229296e-01
5.318470684681173566e-01
1.071903206177058365e-01
4.088398362717526879e-02
3.870587482666323353e-01
3.997673108548092102e-01
5.615862528836341738e-01
-1.430404945651053694e-01
9.926969309945832265e-02
-2.175322765977263373e-01
3.931415279719292499e-01
3.348330701355548555e-01
-6.500943631946753953e-02
-9.225634338438126747e-02
4.181646101923144343e-01
-4.397838981555048932e-01
2.980453400867757452e-01
1.313900674515977585e-01
5.855387628395725130e-02
-1.591955744649728999e-01
-4.033754556522879398e-01
2.661583719144990923e-01
1.887867009691701625e-01
5.926909446724692998e-02
-5.915859973806014693e-02
-1.290266787811660265e-01
-1.145601336804951131e-01
1.757004012960639017e-02
3.371694888289153980e-01
-1.109596780524189086e-01
2.308604189227070336e-01
8.802563049627654124e-02
-2.112352415544123119e-01
-1.792722126644736846e-01
-6.116715463711406287e-01
-4.412646548015857206e-01
-1.092009850537882798e-01
1.018426214582373035e-01
4.214442947990502120e-01
-2.966424735855479611e-01
2.363330103102274649e-01
5.929263619220437320e-01
-1.691817844314220665e-01
-3.999321317850590418e-01
2.985783955322158789e-01
4.516836500602003923e-01
4.397210419624091315e-01
-2.517271955945350470e-01
3.059430130997071728e-01
-4.695428324616024440e-01
5.668307198090172250e-02
-3.792027662033534696e-01
-3.518914838625919472e-01
4.600908450058760479e-01
-2.375080000111307044e-02
-2.563818280134233518e-01
4.830141439139099546e-01
4.608184922909073222e-01
1.235867622739377225e-01
3.729848064674001762e-01
9.461823556691228987e-02
1.724855136708995929e-01
-1.562077219915725124e-02
2.716638891868017325e-01
-1.407491750155260846e-01
-2.176645237352037299e-01
4.610158726934994178e-01
-8.202322805167128195e-02
1.819460073688636825e-01
2.710497295344795887e-01
-2.617433349213111882e-01
-1.281162736065377672e-01
-3.826870214504918266e-01
-2.645095913676058785e-01
-3.490292060863184886e-01
1.544650790548010022e-01
4.880824548244708794e-01
1.242580936508339562e-01
3.916988135192234211e-01
-2.056869971366195315e-01
1.285477737337519244e-01
5.455626065352792153e-02
5.865921569066756547e-02
5.269849198014338043e-01
-5.106827570313647868e-01
-2.693991199559961913e-01
1.205798920482923364e-01
4.478023786689107055e-01
-1.811756180497701152e-01
-1.759207289456252710e-01
-3.418555925925153005e-01
-4.798273063169045116e-02
3.851779039116536296e-01
-3.334362048165981918e-01
-2.311005219747643835e-01
4.496235137932380610e-02
-5.413620192926362762e-01
6.410449637819812807e-01
2.370238521661836018e-01
-2.724262084211916957e-01
3.740812702632929643e-01
8.459907859370474625e-02
-2.513526125121181565e-01
1.166487585726816434e-01
8.713639380696314163e-02
-1.055335720234733543e-01
1.999408431311984202e-01
2.937607774174839648e-01
4.187010471538830103e-01
-8.063720993432887951e-03
-3.627550316322345481e-01
-2.944870029287205426e-01
-2.025591292319708359e-01
4.718686928216424548e-01
-9.923388171698555027e-02
4.751165316259955418e-01
-2.123324597738456276e-01
-4.082210515003144025e-01
-3.149807329164575620e-01
2.732623505462496993e-01
4.213611647967940854e-01
3.515495815604774421e-01
-9.395755390897164716e-02
-4.432450440911752665e-01
-2.495842097332197085e-01
3.250404710214604975e-01
-5.113151413456078487e-01
-2.671591189471413941e-01
9.435652523930748714e-02
-3.700371461443685561e-01
3.999133423481193716e-01
-2.922229741275108594e-01
-3.445745534643975816e-01
5.749803805609321472e-01
5.883836187536415352e-01
-2.651438777132213431e-01
-3.134844715197839804e-01
4.357004232703456381e-01
-3.052393818712584306e-02
-6.542351696060721977e-01
3.314196403906795041e-01
-1.558690171848056139e-01
-1.320823272389706204e-01
1.117919397526794256e-01
-2.823117249136117834e-01
-4.230307644101332087e-01
-3.977072306092885867e-01
-4.279156904146805829e-01
-1.937283224615313770e-01
-2.231333676959907919e-01
-4.109968462303212888e-01
2.496097763873503794e-01
4.204391744764279792e-01
3.049211204208823744e-01
4.217305329512557321e-01
-1.130445339738370691e-01
-5.327845328722400353e-01
-2.002091827055840767e-01
1.844307797954272132e-01
-4.405290688471978910e-01
4.483278630593918734e-01
-4.836899596635406695e-01
3.596505657602815376e-01
-3.003601986595594298e-01
5.206957702515593311e-01
-1.599150154200446039e-01
-3.178690440074296575e-01
-5.665389616806084661e-01
6.258833988630971845e-01
2.991501749634641882e-01
-3.333017207125585912e-01
-2.012708809948300370e-01
-4.168885115962464027e-01
4.517511666999389774e-01
-3.359177302766891415e-02
3.099193718381325624e-01
2.420421435148476519e-01
-1.025288142343585562e-01
-1.222104987372079066e-01
-1.529042295234264159e-01
-2.001456132934231746e-01
5.149627845652986480e-01
-3.846834251713469044e-01
-1.368189729051829673e-01
3.231687057915069161e-01
1.036439762385157337e-01
4.125095497271269451e-01
-6.374677666797001763e-02
1.969107475677676078e-01
-1.298473599476785978e-01
-1.274617521564893607e-01
-3.506432220866440019e-02
3.400781887614900967e-01
5.811536290841532448e-01
-2.140906512298554887e-01
-1.310129145828327069e-01
2.695572730153106278e-02
3.269881116352273409e-01
-3.135124010532672756e-01
1.971793687858465205e-01
1.337751582635346992e-01
3.540711385888162255e-02
-4.222184929473007386e-01
2.527926222196308359e-01
-2.649579466134195371e-01
-2.784729687590647984e-02
1.025802681089906798e-01
-6.908383661496753092e-02
3.564644826934237898e-01
-6.198053175443529739e-01
-5.959587446748324524e-01
4.731238753086461912e-01
6.192870781517534340e-02
2.733847835272555926e-01
4.364579352079545060e-01
-7.509351585448786892e-02
-5.200920273624296541e-01
-1.522512455076672211e-01
-7.993529447828962020e-02
-3.368133660386902761e-01
-4.219721209710289855e-01
2.898542347718144896e-01
-1.320262651569485968e-01
-6.907878861901117773e-02
-5.508005617714903934e-01
4.467824409346476955e-02
3.434539135661127673e-01
-6.507785630478100103e-01
-4.711754797148337559e-02
1.876579627534802341e-02
3.943739024245900282e-01
5.648462310706978684e-01
2.759298521715844998e-01
2.755626440127993959e-01
-2.516526225853876753e-01
3.706005251077240104e-01
-5.139450243202929869e-01
-4.766412882519439620e-01
-5.758474781687716870e-02
-3.325066339870312859e-01
-4.665159833458698557e-02
-3.887524044425463288e-01
4.617081382904109077e-01
-5.360845120969370825e-01
2.260418109564739098e-01
8.292182747787180119e-02
2.710517888030157252e-01
3.190350067947553825e-01
-1.251154782767027740e-01
2.506498756731563304e-01
-1.715455400599701363e-01
-3.644659634169675755e-01
-4.303614752808844202e-01
-1.421057650745893852e-01
1.814159175871266072e-01
-2.236236793392265554e-01
1.617897740146956309e-01
2.174090087355153855e-01
7.970983779313201012e-02
-3.215785539832731743e-01
9.822164896679197454e-03
5.157783510571425367e-01
2.977566230045924911e-01
-2.888771192179975245e-01
4.670273367675958909e-01
-1.001952460399451184e-01
5.463424804316785455e-01
-2.567892118600951790e-01
1.718007091568427569e-01
-3.298858574809848676e-02
-1.165870157629989023e-02
4.870081577607265899e-01
-3.161262280614849374e-01
-1.211926295571830181e-01
-3.273118801593204452e-01
-3.371254146090763015e-01
4.472606477643870093e-01
-4.851994038427669409e-01
-5.216964099801302268e-02
2.255527926362477231e-01
-2.294280494539124859e-01
3.467120505652676599e-01
4.390198671615692660e-01
2.546061122017171385e-01
-4.880413970436690008e-01
-6.018022463430394708e-02
2.274332468588937672e-01
4.985679074420881207e-01
-3.714592346030611836e-01
-3.640188460000697290e-01
-3.026492759061589766e-01
-1.769200044315848430e-01
5.611413649163399242e-01
-3.945708702777013244e-01
6.664608677980510265e-02
-6.090936873153198761e-01
-4.415893385914575475e-01
-4.942615029402439575e-01
-1.559907991519526860e-02
3.198782559001722703e-01
3.166654799261801045e-01
1.422183717969396355e-01
-4.165450467501043974e-01
3.215881353369134388e-01
-3.201980319918646956e-01
-2.184694104285815897e-01
4.188302002024304471e-01
5.081825858646187299e-01
-4.760417364269535767e-01
1.786404028709895897e-01
1.781002885917715162e-01
3.513270986253758110e-01
4.632029771154302367e-01
-2.724996269691262185e-01
6.364753546450243604e-01
-3.921671114843920947e-01
-7.635735877827620754e-03
3.173457700552937411e-01
-4.000446927772758343e-01
-1.339213096795894842e-01
-1.129198034564851127e-01
2.346553834540117123e-01
-4.127350008928551972e-01
3.867312782456036047e-01
3.261934235826027262e-01
-3.105094656723856872e-01
3.567438151270252433e-03
1.220885724307976261e-01
2.884398177685190134e-01
-2.007240421160911836e-01
5.556719851403908450e-01
-4.214088079568512057e-02
-2.549876297585749185e-01
-4.641710242361352101e-02
-4.671665879200084248e-01
3.799932875775535734e-01
-3.118930512109514552e-01
-4.037781741210224595e-01
2.092284463749427559e-01
6.221841291145402408e-01
3.853737561367580611e-01
3.947243028752591698e-01
-2.025912774905762603e-01
-3.647530224683448452e-01
-2.586914650215277334e-01
6.979441871693836674e-02
-2.911186709563100550e-01
-5.599574056954637058e-02
-3.017523380096509555e-01
4.833024709655786566e-01
-5.551791552300482380e-01
-5.644433709725413806e-01
3.041971509199754564e-01
-4.013661875262739542e-01
-3.290934812230652540e-01
-3.669863267980524313e-01
-1.817671913864060684e-02
-5.723638533293220476e-01
-3.937212025611094290e-01
-4.707265692181632488e-01
2.925498512194533163e-01
-2.401587071242321514e-01
4.025262164626450812e-01
5.669304876669034599e-01
2.301550594015271400e-01
4.750560549447691017e-01
5.331907068251462434e-01
3.444941064825455257e-01
-2.777513348076272592e-01
-6.188271316831404079e-01
1.559152788762858677e-01
6.003695026612021479e-03
-4.007446156906562251e-01
-3.957049585776806211e-01
3.363578615610132161e-01
-4.030453985557160834e-01
-2.370201987511135755e-01
-1.571039886564236099e-01
-1.090995418915499116e-01
-3.418470781263778235e-01
-4.612022635848225249e-01
3.901767547090333466e-01
2.290103030724282007e-01
3.227685075872885889e-01
-4.666801836182568053e-01
4.399351820251062861e-02
-3.748240136419376256e-01
7.527037659516366830e-02
-3.902656269128801370e-02
-4.141152411353772322e-01
3.313588005739465103e-02
5.576630014525028045e-01
-6.767931334263099785e-02
2.028646134586606919e-01
-3.366584844609379346e-01
-1.133987204212614230e-01
4.413455313829093285e-01
4.967668680783212665e-01
-3.959301518654445573e-02
-1.508341394039467431e-01
2.175648456613421544e-01
3.293080745190115621e-01
4.229198204322450749e-01
-6.228055919689312603e-01
-2.924870247600157569e-01
2.097097336582276483e-01
3.023186778751743020e-01
2.398306654485349299e-01
-1.291157184415361314e-01
1.034618503269069123e-01
4.165701834732082887e-03
5.740116780452853007e-01
-3.578529265533001436e-01
-3.318311257722958985e-01
6.188975911821366083e-01
-2.773427467130220592e-01
-9.793495321150214039e-02
4.440075752544618837e-01
7.918573940778994569e-02
-2.400188446454540880e-01
-4.050521100776887096e-01
-1.379391635981104258e-01
4.238934622320655876e-02
-6.033377649841060730e-01
2.321348950441040060e-01
-4.709399288030091668e-02
5.556321129984800322e-01
4.847859668927778642e-02
-4.249890794074948630e-01
8.907884190791381940e-02
-4.347367760751872368e-01
3.129485129683642342e-01
3.633867394015570795e-01
8.400178709363181895e-02
9.240041449150027120e-02
-6.094203114616281169e-02
-2.101619123658924337e-01
-4.460320512587099273e-01
4.305178748704454605e-01
3.617163992924909977e-01
2.747348186255704761e-01
-3.355446730496289831e-01
1.271789864982650897e-01
1.987904345303270759e-03
-2.410019756705441552e-01
-2.586751194376013530e-03
2.501126382649569990e-01
-6.089057508688622278e-02
-2.418174757987934242e-01
-2.026976913995088836e-01
5.768220008841744573e-01
-3.467539402506067958e-01
-1.690746821195556748e-01
2.333534861955532946e-01
-3.646460399593047796e-01
4.406758171332390006e-01
-3.947863598861571788e-01
-4.450081296150996124e-01
1.239484299564974634e-02
-5.533937571308156222e-01
1.944523232663586398e-01
-7.263617624653129212e-02
-3.836720486580613709e-02
1.732252782029526372e-01
9.154549392461142077e-02
-3.885170863502551697e-02
5.272514882395995528e-03
1.182157323631862766e-01
-3.522200863743742971e-01
3.292821087504194111e-01
4.043872043562268814e-01
-5.426680504240604108e-01
-3.842009553229930319e-01
-1.292990268186873237e-01
1.220174905674369370e-01
-8.035247217708185730e-02
3.985103159049838695e-01
6.485588644195239283e-01
-1.112409850039064452e-02
-2.458523782307766581e-01
4.480530051183482243e-01
1.268258464664455687e-01
-5.802759777749555425e-01
1.541763110048854912e-01
-6.096604711092634687e-01
3.347482462797390923e-02
2.713137100541533897e-01
6.942623215501342315e-02
3.968620280476065076e-01
2.040396462331459659e-01
1.567522152898348509e-01
4.593798679277227848e-03
-1.235432993907723542e-01
-4.830065088477084601e-01
3.566669769459487327e-01
2.240989662219607936e-01
-5.033056047170969549e-01
7.562923915323160884e-02
-5.191113505663569327e-02
-2.523175901773893059e-01
-3.501884548541989162e-01
2.800539606300134210e-02
5.329343483770987433e-02
-3.022119614155913681e-01
1.525823231636280752e-01
3.701238799806869650e-01
6.896087833585884397e-02
-5.988384198950775783e-01
-5.841166507911879080e-01
-2.211940401742502615e-01
3.189127708721128940e-01
3.430958496987095430e-01
3.306701411706569615e-02
-5.766245404971250821e-01
3.669992147692111573e-01
-5.453574910834220191e-01
3.736898248548117252e-01
-1.094862876567663790e-01
-3.837296880109688502e-01
-1.611144733402634088e-01
1.907848727870593564e-01
-1.357854785999732528e-01
1.470109304639732883e-01
-4.166405403210760028e-02
-3.852908573289646199e-01
-9.324797364697801072e-02
3.974099789805212168e-01
1.222792590627790332e-01
5.418811358394259869e-01
-4.046332107738770389e-02
1.253878941663622015e-03
2.953844575829114305e-01
4.509357802668167992e-01
-1.143751113952582443e-01
6.844370844604696913e-02
6.382122229200026808e-01
-3.844511566154267257e-01
-1.993535301569071549e-02
2.378382518333852502e-01
-4.247237397745706744e-01
-1.208569930017260319e-01
-1.612618158625735987e-01
5.219159143558380620e-01
2.243452162463430710e-01
-6.471625747708600329e-01
4.834808132532515401e-01
2.720239135638973238e-01
-3.827002584791312501e-01
4.628106638331486167e-01
1.890940092841653097e-01
-1.862137137158441647e-01
4.027314758284239460e-01
1.827950068853354537e-01
9.555317906535698569e-02
3.088665555696756826e-01
-3.670106046041512471e-01
6.007370154150208919e-01
5.003122799444845725e-01
7.383898130966670692e-02
2.953212329605179320e-01
1.768066563335981556e-01
3.959282061472535474e-01
-5.529028917128915310e-01
4.992541036292923451e-01
5.273511030168638314e-01
-1.101866121446439806e-01
-5.698232317855413953e-01
-5.666958610453232126e-02
4.385110382946830754e-01
4.364379512567184705e-01
4.908414010492663238e-01
-2.864519311290871784e-01
-4.743520904416840267e-01
-2.146448576499269123e-01
-1.760325325256619777e-01
1.722978238143824115e-03
-5.354861963252428581e-01
1.284004041223019144e-01
2.645023876795509210e-01
7.741540065473095922e-02
-3.587162442894928915e-01
4.204261612350315147e-01
-2.788348121217429920e-01
4.331525164108560588e-01
5.275569278543636997e-01
5.629317267690847615e-01
2.072767270071107504e-02
-2.302020714034718196e-01
9.250853004684067571e-02
-1.963734820124329872e-02
2.955799518884738575e-02
-2.735638429323570264e-01
-3.650814859677220525e-01
1.552091202461181041e-01
4.093963502357169659e-01
-4.622394115698638117e-01
-4.408588610466175339e-01
-2.429470745938635545e-01
1.511583478464952890e-01
-3.271984903648093024e-01
-2.385916781958865585e-01
-2.432499834038113207e-01
1.094704910541386411e-01
-8.193393004379068145e-02
1.171868077557016719e-01
-1.990876811353796683e-01
-1.628258713463432983e-01
-4.203806660277464857e-02
4.478007512975299420e-01
3.841921772576517569e-01
3.398480124623759480e-02
6.941248681876288629e-03
6.230797878647109656e-02
-3.006093676672136894e-01
1.247667856599052882e-01
-4.275247453201593828e-01
5.923009927020927989e-02
3.518966203027336093e-01
-3.998374276832086238e-01
3.795013115019862937e-01
-1.697072099797276579e-01
3.579234035913820833e-01
-3.941365318130971573e-01
-2.651496953810603685e-01
-3.364653412025493395e-01
-4.072207326784260673e-01
-4.997758762133299726e-01
-2.910381222602431706e-02
-4.260708193738462768e-01
2.682418889828062092e-01
-1.300415202291205219e-01
6.074618965133282700e-01
-1.105424467220430529e-01
4.194863611073742504e-01
-4.989918616128168338e-01
1.274792020747543830e-01
5.515661871890822354e-01
-6.238722401118952376e-01
4.939034178943204623e-01
-9.871911132327682026e-02
1.179064488057521842e-01
-5.006882400360526120e-01
2.946615893029189692e-01
-4.097397914129512486e-01
-1.190282971799927481e-02
1.174452189449803896e-01
2.521037546822535447e-01
4.993624983094342440e-01
3.727610486065602302e-01
3.957316749604462558e-01
-2.079138797764272795e-01
3.394847262066322813e-01
-6.534217246442084459e-01
-9.787178893206771590e-02
5.327433373035681541e-01
-3.727000280060766002e-01
-2.083782953895338963e-01
3.588861587342790926e-01
1.171050075835040616e-01
-1.340367052043154317e-01
2.514505917344047603e-01
6.353087869458384773e-02
4.455206956092405690e-01
-3.603833535933764765e-01
-6.008652405403793750e-01
-6.786485095252459132e-02
-2.651634376020703954e-01
1.794212819712459606e-02
-9.240656534394453558e-02
2.340029494842905677e-01
-2.061761389758842711e-02
-2.508096131246224658e-01
1.311734796070904707e-01
2.735177470191407778e-01
7.010131133888819477e-04
-6.279673788493207454e-01
5.575233709959235284e-01
-4.891566740562307558e-01
-6.212296668954042644e-02
-4.709671019874663855e-01
5.900768502832320905e-02
-8.955349196397488498e-02
1.250833533291633159e-01
4.412028860021246501e-01
2.179614523209210120e-01
-5.623606346467866501e-01
-5.644458697191954144e-01
-5.531838549572691832e-01
4.662669577168863100e-01
-3.334130049822832120e-01
5.200177773964300698e-01
-2.128461206463097000e-01
-5.035160237672728911e-01
2.985964441081172538e-01
6.095369934031449333e-01
-3.748165274688997073e-01
3.210401246351937132e-01
-8.419617753023356244e-02
-5.530827236608413244e-01
-2.435230748874186446e-01
-6.805963025619377049e-02
5.620126215450778062e-01
1.491895617345946334e-01
-1.828461255155025000e-01
5.882115391069664412e-01
2.806014632828706112e-01
2.105570547880315502e-01
2.018400347816085016e-01
-4.858336269120204776e-01
7.240121838189761405e-02
4.826751978559933320e-01
1.187069703889900296e-01
-5.561921319469220748e-01
3.017432169612668247e-01
4.012029916412007680e-01
1.597127816050791793e-01
1.072806114828415147e-01
1.847062004727986206e-01
1.398939462333288475e-01
-6.632923725175743357e-02
1.546155510128954802e-02
-3.219855170611598538e-01
-2.067517307231359069e-01
-4.178110531734979816e-01
1.456201534431862399e-01
-2.167813347156002379e-01
-1.120858161252016316e-01
1.284507155561529501e-01
-5.871648482332290087e-01
1.030118629788994156e-01
-8.057233239714989281e-02
2.860831524320142094e-01
8.874655558885180540e-02
6.080053749335689872e-01
-2.871423336970657658e-01
-2.704520982383522565e-01
-2.080368710809814559e-01
-1.871705691306555508e-01
-6.018586276233328647e-02
1.208487891575593665e-01
2.246399559060847650e-01
-4.730801226766487844e-01
-5.568909021170469487e-01
4.971767344963602397e-01
1.695019817289988850e-02
-4.103804925359035849e-01
4.978427026962206625e-01
1.568407091923873509e-02
2.376964010949444983e-01
-4.387154253184881725e-01
2.173485611885954683e-01
-1.700565336014054907e-01
