6.789000000000000000e+03
4.881000000000000000e+03
5.430000000000000000e+02
5.180000000000000000e+03
2.524000000000000000e+03
1.779000000000000000e+03
9.131000000000000000e+03
9.170000000000000000e+02
6.017000000000000000e+03
1.668000000000000000e+03
1.468000000000000000e+03
3.295000000000000000e+03
1.694000000000000000e+03
3.412000000000000000e+03
1.358000000000000000e+03
1.701000000000000000e+03
2.454000000000000000e+03
3.545000000000000000e+03
1.877000000000000000e+03
9.638000000000000000e+03
2.191000000000000000e+03
3.801000000000000000e+03
1.197000000000000000e+03
2.589000000000000000e+03
1.786000000000000000e+03
9.918000000000000000e+03
9.502000000000000000e+03
2.640000000000000000e+02
9.981000000000000000e+03
1.402000000000000000e+03
3.477000000000000000e+03
1.013600000000000000e+04
6.531000000000000000e+03
9.520000000000000000e+03
5.245000000000000000e+03
9.537000000000000000e+03
9.650000000000000000e+03
9.481000000000000000e+03
5.780000000000000000e+02
3.301000000000000000e+03
9.677000000000000000e+03
4.023000000000000000e+03
9.654000000000000000e+03
1.656000000000000000e+03
1.809000000000000000e+03
3.370000000000000000e+03
6.249000000000000000e+03
9.675000000000000000e+03
3.991000000000000000e+03
2.992000000000000000e+03
9.198000000000000000e+03
1.785000000000000000e+03
9.850000000000000000e+03
3.133000000000000000e+03
4.070000000000000000e+02
1.683000000000000000e+03
3.688000000000000000e+03
4.225000000000000000e+03
4.349000000000000000e+03
2.290000000000000000e+03
8.505000000000000000e+03
5.530000000000000000e+02
2.755000000000000000e+03
1.320000000000000000e+02
6.776000000000000000e+03
2.548000000000000000e+03
5.370000000000000000e+02
