1.800936402689927718e-01
5.173639629249979777e-01
8.552555664565293370e-01
8.749357656808811612e-01
-4.210007807846256611e-01
-8.245072510071862482e-01
4.763118588406376475e-01
-4.336827273086907297e-02
-9.243297559048571088e-01
5.107875823182510544e-01
-2.025629747651365165e-01
2.027261839423051271e-01
2.697233795759519381e-01
7.540994849782247655e-01
-7.888825267246613038e-02
-5.056550154030556854e-01
-4.087216175554777564e-01
6.476854147837034503e-01
-8.224827424170584322e-01
1.278167475439138556e+00
-6.374127163084457592e-01
-7.314587588961201092e-01
9.766783705959136697e-01
-5.796352141518577028e-01
5.397291344548857950e-01
5.071140159249161172e-01
-1.793607739063487472e-01
7.352728637160419467e-01
4.093349987422891800e-01
6.061479865514485255e-01
9.686594063711488900e-01
1.940262483273524907e-01
6.973831677481365787e-01
1.551268452872234249e-01
-4.996903777295358395e-01
2.035526425443059395e-01
-5.749006849976545652e-01
-7.976784367347011795e-02
5.196874564540321373e-01
1.334308713869889473e-01
1.531988190485078505e-01
-2.319284472378821960e-01
1.355418885233188320e-01
8.718838802015058675e-01
-5.514734457587291416e-01
-1.171035494574921287e-01
1.366175703657868112e-01
3.276777667762118540e-01
-1.057030080444105735e+00
-3.905784782265060429e-01
-4.223685821828055964e-01
-7.313016863604655526e-01
3.654659307308394389e-01
1.331141801518187506e+00
8.988587627871336139e-02
-1.976825488008504550e-02
-8.922034831783260955e-01
-1.425902272034722529e-01
9.228466842523666003e-01
2.666046696340309552e-01
1.468003415426402114e-01
7.727672406614907175e-01
-2.358131489635120204e-01
-1.328255393532629114e+00
-3.040543332075973382e-02
-6.425460703116945282e-01
1.157422363705405743e+00
-4.346274521134212421e-01
8.024639351967586265e-01
1.031442164652796478e+00
8.997766070005486228e-01
-2.207964501737711416e-01
-5.460527551700620208e-01
-7.867038909719070716e-04
-1.035372183599876816e+00
4.486618568211913072e-01
3.661162972125451276e-01
2.722929546903696263e-01
8.019545364651827768e-01
2.122452784517125934e-01
8.439460974420942563e-02
5.204769936064925773e-01
-4.722874627508248935e-01
-1.630623161003565968e-01
-3.553209330641129426e-01
6.678552067895946465e-01
6.461547047599802696e-01
-9.868249852114416854e-01
4.875284901681320449e-01
-3.371597174232832117e-01
-6.583138948781650512e-01
1.662346091237463241e-01
4.198397149516193139e-01
8.667559494448893176e-01
-7.623974438738656545e-02
-6.632698331524231605e-01
-1.441955298503999394e+00
-8.390488479000692834e-01
1.799947532519308169e-01
-2.173898320414915375e-01
2.876943996375294077e-01
7.926555745814880538e-01
6.539152538919417168e-01
-5.968185336964966226e-01
-3.865237056223236323e-01
-5.514136676247041180e-01
-2.750404917480260281e-01
2.375722533257125235e-01
4.368656005841122791e-01
8.750356530087488593e-01
-6.535981795636836011e-02
3.399880676596094276e-01
1.379416456982925254e+00
-2.515970981597472900e-01
5.348896709807107186e-01
9.559033613730774093e-01
2.848247876502920661e-01
2.867269150694049529e-01
2.973275740926588639e-01
-5.949055452154752288e-01
1.176075134300980096e-01
-4.221547847607602932e-01
-3.080920054897013927e-01
7.172099695544620346e-01
-4.215103456641893231e-01
1.160225401890193631e+00
1.609630903701884108e-01
-3.297019018000764135e-01
-1.546329532190524603e-01
-4.475021162279082532e-01
4.693533846700024270e-01
2.812175472518241293e-01
-8.662619622354554849e-01
1.043399594436094979e+00
1.223984451217710934e+00
-1.888770562331609781e-01
-3.112574109554326895e-01
1.318267056660014092e-01
-6.933504410281807750e-01
-4.073116788766082408e-01
-3.850866224931142057e-01
5.967577223777906781e-01
6.399782744818294233e-01
-4.050509344525732303e-02
6.544782253001413252e-01
-9.317172428377427096e-01
6.312979135518572704e-01
-1.531892259672256174e-01
1.813478106503172427e+00
7.876310941790665154e-01
6.909879159517018365e-01
-3.743372995996550046e-01
7.007750262245906470e-01
1.123076191204244623e+00
1.324159624214624742e-01
4.525608343337061967e-02
2.258638971271267337e-01
9.441917673182178561e-01
-1.146017852453921293e+00
-2.255171288893675907e-01
-5.325448440194371358e-01
3.521646000733014148e-02
7.620983007006731924e-01
5.282603537945913530e-01
-8.332821528404803502e-01
7.408409958948558582e-01
-4.866843561021392262e-01
7.381388559595194465e-01
1.222440761214654614e+00
-1.502515476276304884e+00
4.317589015363214600e-01
-1.156229238297266981e+00
1.559707942683507653e+00
-9.477988250172977303e-01
-1.239387147003334633e-02
8.546282575668984194e-01
-8.615398623186729665e-01
-4.052919901563178939e-02
-5.608159640681478209e-01
-5.079734034948568677e-01
1.580903697407487485e-01
-1.258905366585967744e+00
-7.007858975073739671e-01
2.898464036770667107e-01
1.944476419658869304e-02
9.348077527930831465e-01
-1.393495226604403392e+00
-5.547636059666150032e-01
-5.346675191996030918e-02
-4.283705399681370096e-02
8.307389113402408043e-01
5.920782987172001910e-01
-7.949595079723188462e-01
-3.662877267834030448e-02
-1.530366948753627554e-01
7.277197120634557592e-01
-5.823913779017182435e-01
-3.149716129250856866e-01
-5.362523383413835276e-01
4.853409423980448167e-01
3.734308612436816333e-01
8.902791795265052599e-02
2.646145346842327939e-01
-1.052207381864631586e-01
-4.302039057142934553e-01
1.360187721669459116e+00
1.024056551529320735e+00
-7.415344072258189811e-02
-2.713655558624639141e-01
-9.973760567516887221e-02
7.106570315340547950e-01
9.617372186170118908e-01
8.995691538791206199e-02
-4.724267070690508774e-01
-7.974379965550255633e-01
3.326268731636439213e-01
7.464344750999583056e-01
-4.941360998757007295e-01
-1.044591636038170179e-01
8.014733064456898148e-01
6.293988483748513829e-01
-3.433693684405358937e-02
8.575138635142431909e-01
7.718817389974921284e-01
3.539830391922738073e-01
1.809718742897858945e-01
4.196160811082894071e-01
3.859566480680731715e-01
1.653651930356172528e-01
-8.075545551626106544e-02
-1.120707482831768687e+00
2.685270911918680170e-01
-8.027350144721907554e-01
1.306236327375770223e+00
-6.975099181224075906e-01
1.077211449823023415e-01
-6.418696199587454743e-01
4.451983194497568519e-01
8.619010791075032429e-01
2.855375184790931442e-01
3.254091871511333167e-01
-8.679284436403849057e-01
8.643953919918505591e-01
8.622975822556933068e-01
5.789641375128145029e-01
-1.181812638390784986e+00
4.007986460523715877e-01
1.413506055009570161e-01
-4.593084242150817786e-01
-5.606548059263882777e-02
-6.122484241619821077e-01
1.723649730961845705e+00
-4.686090757381178307e-01
-1.531342516583737989e-01
1.385384672758150693e+00
-3.060868952564526069e-01
6.881190815359357060e-01
-1.941554234456441819e-01
7.192609837930046268e-01
-3.622926160531427797e-01
-1.306239240124700274e-01
-8.667316244198017827e-01
5.559732997293940215e-01
1.134456576932150185e-01
-9.170663905963571949e-02
-4.730639923920429979e-01
-3.024152051527106977e-02
7.247784314353102886e-01
-4.107366792170585867e-01
-2.853303487386771309e-02
7.714639718166393934e-01
-3.183236217330964735e-01
-9.711948329001813818e-01
8.968247610825974547e-01
-1.186614114010342558e+00
4.513098573233600419e-01
-5.204727368483226257e-01
-7.641035555430359949e-01
5.175997993271668207e-01
-8.361976112279547735e-01
1.503102273206469164e-01
4.393062825119100623e-01
1.634990953634753552e+00
5.448422840848863302e-01
5.650833180350520735e-01
-6.548777015531976886e-01
-6.876963935952424833e-01
-4.148059977226612460e-01
8.745351599750801341e-01
-2.883738773431838709e-01
2.299491355024505523e-01
4.078100757436429191e-01
1.135928597709877863e+00
9.184823530517860490e-02
-3.055700367519564864e-01
6.519125843279738319e-03
-1.381484650204853004e+00
9.100867807916106500e-01
5.415506582781448586e-01
-5.410598675570117422e-01
5.944471219788489691e-01
6.588001607265372428e-01
-3.086510093242029740e-01
-5.951734480313000120e-01
-9.653566381304825583e-01
-1.501090947962813615e+00
2.578274518442649210e-01
5.162967909508031639e-01
1.460874785597978232e+00
1.007238930550071743e-01
6.548615653158531558e-01
7.086941648062339283e-01
-1.092593468079030572e-01
9.321889055099266130e-01
-1.065725026740511616e+00
6.510147378252959527e-01
-4.391503074431222231e-01
2.665534707203676135e-01
-3.655109913320586656e-02
1.023022509454882822e-01
-2.242236409793871843e-01
-3.955617290935489194e-01
1.665112778399016058e+00
-8.386219931959884022e-01
1.880460756820054868e-01
-5.530485663646746985e-01
1.005686796430129704e-01
1.779718925022653053e-01
-8.759960815733967010e-01
-7.135651162895122468e-01
1.329263063326617811e-01
9.925506164624131600e-02
-2.841228321081379349e-01
4.837140674203421753e-01
9.573957464660214356e-01
1.222745310929553852e+00
-8.167986972431844350e-01
4.324063904280004422e-01
-5.336559910521367911e-01
-7.240331526709677945e-01
-4.720273230225089378e-01
6.772290520570951600e-01
-6.829656688911871498e-01
-7.851126469978710887e-01
3.877551113381594305e-01
-6.068900497355667056e-01
1.178817128131175451e+00
-1.689091187182967246e-02
4.891844136011114230e-01
1.066186404076994165e-01
5.455501438334326991e-01
-1.902436416909765171e-01
3.102438712220925154e-01
-1.694713764450357374e-01
1.236539957345213381e+00
1.480655313763932668e+00
-6.073168466928642317e-01
-6.791556368500373253e-03
-9.438638352448069924e-02
5.871959206368480011e-01
1.142184138663102644e-01
2.068087152219320046e-01
-3.030692611828964544e-01
3.476492154084054320e-01
-1.340360783768161923e-01
9.180526026645878801e-01
1.029922081731413641e-01
1.123964760930856954e+00
-8.669804908172524804e-01
-7.480110670892772262e-01
7.925891918951588622e-01
4.436212410840933984e-01
3.204734084163343155e-01
6.989075028499671660e-01
-6.936836681258995441e-01
-6.520566110757437528e-01
2.430520176402009014e-01
4.019470363231043564e-01
-4.455350101319357492e-01
9.070407539637059813e-01
-3.641327113089989354e-01
-2.398400597127006151e-01
8.653653551522912935e-01
7.616319573749263938e-01
3.596488509253319421e-01
-1.679105876884545712e+00
-4.730215560083737003e-01
9.969159857411327152e-01
-4.316649154461771332e-02
-1.004951921048991004e+00
4.822243380816821912e-01
-4.678665171877378626e-01
-1.238254109321710317e-01
9.180876713845131931e-01
3.009385057800626484e-01
9.702751131963269771e-01
3.675841695562063194e-01
-6.241620262330460633e-01
1.312858018337509591e+00
-7.431725983353736353e-01
1.519408606206158474e+00
6.600494221950050644e-01
3.144502137399962649e-01
-8.592884839839500799e-01
5.472612884388610155e-01
-2.795588449378048068e-01
4.516225961752686757e-01
-8.460646380558696222e-01
3.397400071882987760e-01
-5.031455727628477703e-01
-7.955359068687553048e-01
1.143429286996795469e-01
5.879520213663615991e-01
-7.024335819374449841e-02
-2.602976247453625547e-02
-1.376920124056791650e+00
1.132019552536180917e+00
1.804192705666611829e-01
9.196772735093325934e-01
9.048009890181951675e-02
-1.881067591008687145e-01
2.268348490963081332e-01
-7.989100615451327769e-02
-6.193726979266243049e-01
-1.301041884329832143e-01
-2.376472376613616433e-01
-1.366290680616817355e-01
4.020746998333759592e-01
7.533311255252703731e-01
-2.552294363193299276e-01
-1.151609827665393659e+00
-3.795285651354305401e-01
1.627759873772571808e-01
-3.017048535649822227e-01
-5.169262663081433118e-01
3.085226437317887260e-01
-1.872799391733854790e-01
4.668603043685495280e-01
8.046569888120123082e-01
-5.974485063706413968e-02
7.647044527159696514e-02
1.549719698018165559e+00
-2.009579289052725315e-01
3.273542419677148985e-01
7.258295931971225912e-01
2.896575181441587432e-01
4.437531776858003596e-01
3.779622631035897129e-01
4.993431862965458379e-02
-8.992686154747442373e-02
-1.098832003235461485e+00
-1.422868894197533152e-01
-1.106512779808213054e+00
7.637333014117597685e-01
-7.369468369764389237e-01
2.061206248218381276e-01
2.466277424014133857e-01
-1.336131107715844202e+00
1.023330382869254152e+00
4.675351727137888602e-01
2.417183295499869544e-01
-3.302691670740873775e-01
-5.223905413106635365e-01
-3.500448878238140438e-01
-5.459905547504559920e-01
4.326738293069709584e-01
8.655462250222463183e-01
-1.806084770965141306e+00
1.231852108403490575e-01
1.368356680962596883e+00
-2.786177469598722922e-01
5.457304510578007140e-01
1.033049626899352091e+00
-2.932911411924541412e-01
6.816441405413389276e-01
-6.716939145601230621e-05
-9.442498018813161309e-02
1.355935239542133353e+00
-2.080833026563926325e-01
-7.499744197378790389e-01
-9.548977616307752214e-02
8.113310111182219231e-01
7.650793613612076882e-01
-7.418644748938785227e-02
-4.372366324572372065e-01
5.678733769775661244e-01
3.630246964998429249e-01
1.222791808703601824e+00
-4.795569880056493872e-02
-1.246478581268659624e-01
8.979127350655327078e-01
5.569347361646013184e-01
-7.351399741228439311e-01
-6.709459280607221743e-01
1.734418446828305704e+00
1.507259376001908180e-01
8.165825113243529998e-01
5.816703734991337527e-01
9.702443506605842316e-01
-7.137652104094787120e-01
6.800715309721283575e-01
-3.035591083797664069e-01
7.407343672405763968e-01
-4.564634515624668154e-01
-1.964661673353083060e-01
-1.025149174104217131e+00
-7.498109146345877107e-01
-1.004712386056127116e+00
5.456604588659095256e-01
-1.365336837946077075e+00
-3.030564800621444732e-01
-2.045134837322777344e-01
1.271096927084958139e+00
7.767894304160858354e-01
-2.853374184794770230e-01
1.174274728367170617e+00
-5.186959780643887186e-01
-7.431063541725091426e-01
3.979292424615366031e-02
2.197778012093767330e-01
1.126802592436951578e+00
6.800931256689235482e-01
4.562010510620115866e-01
5.963138296836314467e-01
-4.479973316261407490e-01
-1.439444715411378972e+00
6.406961523609258080e-01
8.234922629174121766e-01
6.046916875769845490e-01
1.041724028916622302e+00
-4.257220962008148035e-01
-7.944186467643170602e-01
2.538539416948584204e-01
-8.744825671483003049e-02
-1.150471300482381221e+00
-3.126988373926522513e-01
-7.804359102077276233e-01
8.851557150532496365e-01
-5.379794829056532279e-01
1.053539663860915354e+00
-1.748220427463369475e-01
4.514782844880294022e-01
1.576267654824183850e-01
-1.040970566728835145e+00
5.287706992170013720e-01
3.417029522556171983e-01
-5.387303845976765260e-01
8.691339564551352481e-01
-2.336777356178236786e-01
1.335394228114274995e-01
1.358053981585261027e-02
4.337838535630726966e-01
1.305785114212336673e+00
6.210545432135807786e-01
-1.738949996044611979e-01
3.943401205045464764e-01
-2.353151903108470222e-01
-6.579150603399108732e-01
-3.170826565775719530e-01
-1.128556729248387569e+00
4.363757178078140342e-01
-7.603626183909648617e-01
3.232003343185398947e-01
-6.837540376061532754e-01
2.216756719220104088e+00
-3.892014917538855201e-02
5.772519850883366388e-01
-1.482456410101569144e+00
-1.149964096564533911e+00
2.792988447372621863e-01
-7.245926840435625849e-01
7.071616103718545432e-01
-2.928635505394385774e-01
-9.056988360970397167e-02
8.083574882124455740e-01
3.906946677471809792e-01
-9.190474059870901158e-02
-2.056494265870059124e-01
7.577093011954394441e-01
-6.787762078843826430e-01
9.168620219970318175e-01
-1.166829283480631752e+00
7.081397247863492339e-01
1.952169128686145783e+00
-4.315818598642620074e-01
-7.606955703337217045e-01
5.988156625476337425e-01
9.897833469993377875e-01
3.797457840108720006e-01
-2.855468243083034707e-01
-3.191813048781257933e-01
5.556298556665106858e-01
-5.481628114710357380e-02
5.277280311181540284e-01
1.282493396654630580e+00
-4.754912992747479805e-01
5.075845747180451895e-02
-6.824576159224333693e-01
-4.549850596287354776e-01
7.529714777305684947e-01
-3.636448397960707624e-01
-9.403918102123398626e-02
-5.664496957563009971e-01
-7.022053415011608735e-01
-3.357438453575349868e-01
2.225951206755727441e-01
-3.998121839921449094e-01
-8.709747212196541355e-01
6.839114462632611691e-02
3.809889543541462587e-01
1.251535390021130567e+00
-1.107331209303037411e-01
1.404241288195819948e-01
2.993704072233445146e-01
4.126512291319990311e-01
3.759733059253775878e-01
6.340089987549824002e-01
-7.408648926246907962e-02
-1.297336227635108585e+00
4.037340213760387542e-02
8.030199211846440477e-01
6.137972385965788646e-01
1.682930867796486041e-01
1.327784013932882701e+00
-1.377830904574232740e+00
1.079836410476318953e+00
-6.106775216438293796e-01
-2.878462789827782586e-01
6.945930437113236877e-01
1.939196704926525960e+00
-7.926058153171293696e-01
-9.037954916421178098e-01
-2.714390570407232417e-02
-7.797446046002161069e-01
6.227271056612639910e-01
-5.590946463751915729e-01
-1.255980236040610265e-01
-2.742093947201738047e-01
7.764857301614913609e-02
-1.736474971267574219e-01
5.211229485609569778e-01
-1.326361443089147940e+00
-7.253153130029232898e-02
4.769189520060663767e-01
-5.178280333920124434e-01
8.753242352820143068e-01
9.082618969893623273e-01
1.518917064911526893e-01
3.058049993411380285e-01
7.441625815115857634e-01
7.609377875133613855e-01
-8.293422172723339258e-01
2.711480156871504121e-01
-1.163964156178530107e+00
-4.276048177490592295e-01
-1.253363580521155818e+00
-1.080046836268009791e+00
1.327816601767706217e-01
-6.423736648608366906e-01
1.901546361731663026e-01
-7.709905573280204649e-01
3.498848773282858815e-01
-8.365143190580859311e-02
9.128597767348232139e-01
-7.845853880391082669e-01
-4.733445629210653038e-02
5.139076097430619328e-01
1.585232379699341720e-02
-3.503403311628394690e-01
1.944472537535588685e-01
-2.019486266252998874e-01
8.884055012394824757e-01
9.616342227859728808e-01
3.994041502649867681e-01
3.316174683203856333e-01
4.319483004519728553e-01
-1.714239047036416608e-01
-5.147058910794042319e-01
1.171717120613600116e-01
-9.378298701516261104e-01
-4.940614440889490311e-01
-7.823033410046598135e-01
2.864670699100493323e-01
-3.386865436432344723e-01
5.385523503312601434e-01
-6.959703992398011962e-01
6.630502715448471918e-02
-7.075418349496054304e-02
2.303135481109013227e-01
1.220104955773858357e+00
4.015888984522417715e-01
-3.778266276077379970e-01
-3.881609118205275877e-02
3.171310022970281750e-01
-1.364062989081348931e+00
1.002270240967691350e+00
5.890990018482860080e-01
3.773308324129800440e-01
-5.571272672017268945e-01
-7.075647186878182282e-01
2.441718191073967148e-01
-2.884583234892552639e-01
-7.178388546956604443e-02
5.987596876145122593e-01
4.778857069983768469e-01
-1.534204320344310091e-01
-6.074069792472123197e-01
-3.369154301313779243e-01
-3.015081041323224298e-01
-1.370803931682766041e+00
1.798416565657721122e-01
-1.066774726726962275e+00
4.423825417368298929e-02
8.353383329124390855e-01
1.787361660526851637e-01
-8.677377272054975776e-02
3.143786982528942175e-01
1.199047295389643608e-02
7.132981070769028875e-01
-9.029473424453300368e-01
-5.090526301419995292e-01
5.974985610914220757e-01
-3.849670568660172876e-01
-3.549899064678623262e-01
-4.382830033266218450e-01
4.957030545555971557e-01
-3.255855626074124487e-01
-2.659786503803989177e-01
-3.652935309679730125e-01
-1.896013815851631534e-01
-5.120172479751703420e-01
3.244900293506436384e-02
-1.213226849152029274e-01
-5.237279557953931075e-01
9.256902977360201845e-01
-5.067281730640083026e-01
7.357427374843608092e-01
-6.820948167506557525e-01
7.080481587555533807e-01
-3.759768879819542775e-01
5.536352409747600234e-01
-2.448064545052544005e-01
-9.581865683203227846e-01
-5.684592681716553741e-01
1.358582829292542371e+00
-1.262109195406937889e+00
3.241604767392880504e-01
3.742511575973450633e-01
8.127067139321564326e-02
2.708202440212348350e-01
-1.285195928700764156e+00
-2.541837673471523118e-01
4.209921130927041233e-01
9.328074753141510911e-01
-3.127926578072237618e-01
2.428572267605400015e-01
1.969983488932189886e-01
-7.631222316686470108e-01
7.792956086683933137e-01
-8.391138214866877831e-02
-9.284636959680634405e-01
-5.423864029213305571e-01
-1.635119670762383848e-01
-1.116137291532751874e+00
-1.065469124282715008e+00
2.392781179710059547e-01
-2.182837892688738179e-02
-2.167145577713593951e-01
3.086865801419147459e-01
-7.526378036664862492e-01
-1.040682115855483758e+00
-6.623861034056170993e-01
6.257939571741397700e-01
8.202895404823351555e-02
2.557477964687357996e-01
8.006328854029023390e-01
6.105193910369086652e-01
-9.770987156525734463e-02
-7.243479684977103261e-01
8.307685449732993277e-02
2.638654547819534457e-01
-2.636221703966850072e-01
9.681972577338076036e-01
-1.484560145493643013e+00
9.840799723693010037e-01
-1.533591087995516133e-01
-2.457303695287746947e-01
1.487644987721790102e-01
-1.483671557176148958e+00
1.831306075914884701e-02
1.289172776932927533e+00
6.388265650559166176e-02
1.094469268285784835e-01
3.788409512298507309e-02
-3.024571628351857555e-02
2.204859187358341188e-01
-1.960913085508426690e-01
-7.104570608334448423e-01
1.051301082446666868e+00
1.542066722533616208e+00
-2.674564680001179084e-02
5.111962232339521961e-01
-5.883595280317193144e-01
5.237330067217609297e-01
3.940789231796060221e-02
2.251725562087045773e-01
7.438152247765206226e-01
-1.572507407652097289e+00
3.988289196326686437e-01
1.007031638122390049e+00
1.547729448690624565e-01
3.525279134449554874e-01
1.674780182903568004e-01
7.880372998022426856e-01
-3.233835132721978312e-01
2.953489318303716971e-01
-3.460315180118342937e-01
-3.247670491823066996e-01
-4.388660201316874065e-01
-1.335099475914605094e-01
-5.561360870381832910e-01
7.296169654292761209e-01
1.247944308818738079e-02
-8.982818161069516805e-02
5.316218977860742712e-01
5.588298921803049879e-01
-3.644883343504172757e-01
5.245742315251860077e-01
-2.934881791033552290e-01
-8.368220609591858761e-02
-1.613738194238969470e-01
-1.684847962709352220e+00
-5.484544672437250412e-01
5.705392079049822485e-01
1.851368611435884048e-01
7.471347901657203749e-01
4.393700096560841928e-01
2.098908650835431544e-01
-2.989275263294386420e-01
1.234168999123194332e+00
1.559970114573738798e-01
8.985807785925556956e-01
5.437410046786066431e-01
-1.237671329491698557e-01
4.509081957578429112e-01
2.634142625327289267e-01
7.778851834377773500e-01
-7.898503194565806851e-01
8.658714674196454908e-01
1.407674993720762657e+00
-2.701118043960679671e-01
-3.256185473558614873e-01
-7.928676776345495725e-01
-8.985915179555705734e-01
1.226273200360669335e+00
3.957155971962231789e-01
-1.140222115685549653e-01
4.480630316110909561e-01
9.682749860502983807e-01
-1.221493384225631473e-01
1.031006740458052739e+00
2.780341971634499032e-01
5.441572571200881114e-01
-7.805135285834330361e-01
-3.699593941827092891e-01
-1.046692195801590675e+00
-4.623769420771104421e-01
9.434444847590750527e-01
-2.884743953280342055e-01
1.227192472631464248e+00
3.012419608833933893e-01
2.290650278162109643e-01
-3.063908158138879401e-01
1.425860475020092721e+00
9.153868469623951398e-01
5.912374795069172961e-01
-7.411320195940991340e-01
1.479896745786102308e+00
-1.532474359316537971e-02
-1.043820341210920155e+00
-5.846833364342760575e-01
-4.874708548760260385e-01
8.562129442553239045e-01
5.511598932024233122e-01
2.183351906676715970e-01
1.301695863805345965e+00
-4.166379671767952431e-01
7.461497329405144541e-01
-2.900760482152051623e-01
-1.232907658862911759e-01
5.627236352047537693e-01
5.702675726576424964e-01
-2.623270022656285505e-01
-2.359334424478829462e-01
5.514969301416448033e-01
9.415357160168724704e-02
-3.298518403488062134e-01
-1.967311976613999036e-01
1.399507787458541763e+00
-1.141912717747128880e-02
1.203420019199593405e+00
8.897044827729150285e-02
6.464034300509515774e-01
-7.364328245437965492e-01
2.476012219366428013e-01
1.406028639996392826e-03
4.650340662206344788e-01
-6.048442301273651012e-01
7.036542193255046485e-01
-7.443509365365139629e-01
-6.012810967219106573e-01
7.305988710315434176e-01
6.905925231040388468e-02
6.954360080501142960e-01
-9.331203179168250372e-01
-7.488719051684098460e-01
-8.658096107513868489e-01
-1.475386290874523887e+00
1.289041793097672972e+00
9.457409858332965769e-02
6.212092328157492460e-01
-4.725969207907283476e-01
-6.077255332164819279e-01
-3.890939030390807574e-01
-4.662628007756106641e-01
5.116676062279532644e-01
-9.555789862089190123e-01
2.346408150242842439e-01
5.437529636331337457e-01
-2.734485618148108088e-01
1.141442184285994088e+00
-7.953893899248605237e-01
-1.120041403081986076e-01
1.498882749023286998e+00
-1.413697392483991067e+00
-4.086972921269937942e-01
-3.208075632557951806e-01
-2.992589926682054369e-02
3.086679360161967978e-01
-5.096586936652247601e-01
-2.733173618155486650e-01
-7.090709533138372933e-02
-1.529358049198004110e-01
6.009047163180678552e-01
-1.617100431456188758e-01
-2.058121976332962788e-01
6.031405884417839758e-02
6.105882066038752498e-01
5.533010576584143081e-01
1.987728635838763580e-01
-4.332368922324185689e-01
1.067773519288532924e-01
5.760311615246003214e-01
-7.378547121686152011e-01
-7.483804994543330480e-02
-7.465919206683082621e-01
2.701388838616622934e-01
6.025811123327748930e-01
5.336653244190987522e-01
-3.866915340767658193e-01
-6.254915903848381475e-01
-3.008887900597745357e-02
6.194666965833048877e-01
-3.647885798298347027e-01
-1.727458319863908187e-01
-1.376395077171139736e+00
-4.112003549986678053e-01
3.282869129804035779e-01
-1.552359985807445497e-01
1.464353339506782703e+00
-6.833956144232180563e-01
1.472232163971129992e-01
-1.865004443047419969e-01
-1.997557389043143061e-01
-1.837241415707584480e-01
6.312733814309732239e-01
9.728519919303373342e-01
-1.012037149446933793e+00
-5.723057490675884651e-01
-1.092098726500184469e+00
2.734642085501004516e-01
-1.002585792750634308e+00
-4.106811394367362311e-01
4.076269028710104436e-01
1.365655319906398546e+00
-2.181445033605378114e-01
2.664260231232562504e-01
-1.465781198440110344e-01
-1.199741678373085207e-01
1.232222144153616306e+00
-3.660300391413606746e-01
-1.008002132257085570e+00
1.295427895644889915e+00
-1.703458286052086379e-01
4.258136661383638000e-01
-9.956136269030304575e-01
-1.821688203588154309e-01
2.589147052890918843e-01
1.466830003068661625e+00
1.065829791173058538e+00
-1.063875123393218658e-01
-8.710022947275062322e-01
-1.383121075283387569e+00
2.656840049261699477e-01
5.076882381432037405e-01
-2.936199504670788940e-02
-1.193490509824878032e+00
1.205260087273485325e+00
6.056098134685754530e-01
5.726088950495533680e-01
-1.525058619757286849e-01
1.829584056980015916e-01
-1.602714466846523855e+00
1.219707957999114356e-01
-3.120177464262869904e-01
4.117741650545392318e-01
-4.161153467630507308e-01
-4.947560169284690446e-01
1.159850508043271944e-01
-8.469806179342729280e-01
1.094124023326159545e-02
-3.565547455957371881e-01
8.742293361655608663e-01
-9.768421138917258162e-01
-1.110074731637176182e+00
-4.529087813389134354e-01
1.133963037740040036e+00
-5.706857769956252824e-01
5.005741138851957928e-01
-3.231219035691932362e-01
-1.005299728947003146e+00
3.917340527262691552e-01
-8.775115497383110252e-01
2.191935994783982267e-01
-1.427163493914305192e-01
1.215651104925155934e+00
-1.075312027423916739e+00
1.234546377318368471e-01
-4.067907751922312798e-01
-6.763057756403778598e-01
-6.970786287424246552e-02
6.853910038839847729e-01
6.455687410525996484e-01
-5.292602996389579317e-01
3.116483001226590943e-01
5.899076767326913995e-01
-2.919789048907652784e-01
3.692676367870877385e-01
1.775412348159965958e-01
1.445128514196186487e+00
4.613141587631464091e-02
2.761753947287362010e-01
-8.986990620284007747e-02
3.270307703946500055e-01
-1.074276877853950207e+00
-1.744422410607100460e-01
7.072817041852852427e-01
7.337889032930995370e-01
1.401769248252708877e-01
-6.783243368535636364e-01
-2.596486836154001665e-01
-6.298733245087744237e-01
6.240829847931950169e-01
-6.852539407151931883e-01
-5.998197889797287630e-01
3.391554856558700592e-01
6.408275491617594355e-01
7.151369822590689651e-01
1.046108017065701112e+00
-1.015522914169320501e+00
-1.011477715065538519e-01
-1.075333034419767575e+00
-6.821378670317628234e-01
2.550594298156276807e-01
-3.872402786452688872e-02
-1.218202086824616170e+00
5.513895355487132832e-01
7.763788373229907336e-02
9.746589110981354054e-01
1.236866061936181538e-01
1.811142528583058464e-01
7.690343099642156233e-01
1.173736555017752536e+00
8.676706951249926192e-01
-2.390740456320763485e-01
-1.083265424482140471e+00
1.746872667856454342e+00
-5.812626045562980792e-01
-9.583048156458016109e-01
-1.422458427472708120e+00
-3.448537466278693842e-01
1.141059265341972662e+00
4.962749021575572073e-01
-8.678253040424923626e-01
1.071950742859887562e+00
7.085485168057212846e-01
-2.922933508089373689e-01
-9.576818577771142316e-01
-8.991919766746656606e-01
7.139216906535130747e-01
-9.145619119493648697e-01
-4.119149154184871264e-01
3.925708495675355181e-01
-1.193557386528532049e-02
5.888105727227213038e-01
6.848660307019844851e-01
4.533258527599670629e-03
-3.612057898504597020e-01
1.101964716462697780e-01
9.841658670634965134e-01
4.635403277508149955e-01
-3.743204081819069273e-01
-4.554046947067522666e-01
-6.000863710488069103e-02
4.268032669615031693e-01
-2.748921994671302826e-01
1.249834714802152469e+00
8.154141400171361909e-01
4.454774808522081742e-01
9.016886397532584141e-01
7.200329309920299181e-01
3.219798387643457716e-02
6.859961436444717009e-01
-8.285452934113912704e-02
2.360396999206795243e-01
-2.344576127173922941e-01
8.118092589487257982e-01
8.341985166736058943e-01
1.151314266331475267e+00
8.524877847403100617e-01
-5.954229038215919090e-01
6.329226081827377115e-01
-2.001155915510404171e-01
-7.429884722059103552e-01
1.523400051732267002e+00
-1.270782260934097518e+00
-2.703282731416205564e-01
9.831544181293416784e-02
4.889208477749011905e-01
6.736590976983958257e-01
1.092020139613718577e+00
3.383250294218154153e-01
4.983554454853962312e-01
2.940495168435877105e-01
-4.207216228458854346e-01
-5.788632957614314734e-02
-8.787576119333087021e-01
2.280850602329937971e-01
-4.030508927894693727e-01
1.161507914122156038e+00
-8.839076165571579935e-01
6.056333174675643249e-02
-4.754976084801922909e-01
8.814384203094594028e-01
-2.865388042461320950e-01
6.647108036021371902e-01
2.168275151431151571e-01
7.400230521083717150e-02
7.790290753591921913e-02
-7.152669429504214804e-01
1.434260801704958510e-01
1.152981242622949765e+00
2.771263327891659856e-01
-4.394891700307796967e-01
-8.330904252353379391e-01
-7.683365296563886560e-01
3.597931810140444497e-01
-1.978231996713866181e-01
1.027578170243740097e+00
-3.585299036939169071e-01
-4.574280430358390603e-01
8.476631746353735508e-01
2.773040009145084639e-01
1.016191719471057908e-01
2.863362627262731053e-01
1.679130651204721048e+00
6.243612971778267351e-01
1.042105369465556208e+00
4.931837582040898837e-01
-8.532207582657314049e-02
-3.031724312862973392e-01
9.246327589363110278e-01
-7.317298179460154373e-01
-4.724392774913237503e-01
2.457705872130571123e-01
-3.285884381038233215e-01
4.142444076429381283e-01
-5.343626227843980558e-01
1.136078569065590571e-01
4.831740069169345730e-01
2.025058684520963936e-01
6.647679480780634975e-01
-7.665703201469895589e-01
-5.051051026743502703e-01
-4.769185558629045474e-01
3.100227704134885798e-01
2.311637435243962813e-01
9.382479083972494749e-02
1.055904293885715717e+00
-8.628429857814055026e-01
1.008991647619675192e+00
-6.078257936049977772e-01
1.540674219450153259e-01
1.406178928831956831e+00
-1.141247675323215915e+00
-4.198610564080951235e-02
4.950087857084497500e-01
-5.250139988343027753e-01
4.069353132839559350e-02
3.388170513153543340e-02
-1.626623307475449920e-01
-3.037176754115487043e-01
1.455159334257553283e+00
-6.757753703940112544e-01
-7.383463042684814681e-01
1.147051041710323460e+00
5.225980700149364111e-01
-9.212019302342486782e-01
4.260932160946779845e-01
-1.716276963529272948e-01
5.479682021933518499e-01
-8.096679562180142398e-02
8.572047243658857951e-01
-7.386809027972898178e-01
3.317219547341920816e-02
-1.661186954254382897e+00
8.476992305276196404e-01
-5.443670960537536629e-01
4.131058469373574127e-01
-3.670308392037195944e-01
3.654240181833756651e-02
-1.221295825384467904e+00
-1.053474551088562361e+00
-7.748879242858803806e-01
6.164709108873385190e-01
-4.914660587904879918e-01
1.117298273072728776e-01
-8.579552728460466682e-01
-7.118429997277786470e-02
6.300925096907690204e-01
-2.290447670694666371e-01
2.279790523909399624e-01
-1.266781060493435973e-01
-4.166241523499945032e-01
5.878171406802756849e-01
-1.001072472787445378e-02
-7.808863632633951113e-01
5.938031759071185078e-01
7.647157189307254299e-01
-1.316107718562858686e+00
-3.050110194984725354e-01
-3.992896235463598842e-01
-6.363038478797919950e-01
5.346637775754556898e-01
6.753426996477074340e-02
9.996848727893956621e-01
1.167895551945408172e-01
-4.281436975358570152e-01
8.786823551739324500e-01
1.286503102752590166e+00
7.433716136579491263e-01
-9.839971445131467931e-02
9.239149186771378197e-01
2.336316586268072371e-02
7.564649812872019652e-01
2.937681968780294639e-01
6.363573836174474252e-02
1.011523078645860885e+00
-1.189291516947576177e+00
-2.637978946891870180e-01
-4.835287322758112794e-01
-4.347554478961992430e-01
-5.998789640359705189e-01
1.444448330815602866e+00
-2.645319861428685471e-01
-6.814793179189368999e-01
8.697447984107720131e-01
1.261808840116533936e+00
-9.596933687426911774e-02
1.029049905168688994e+00
6.732562650477795785e-01
6.352985858725723745e-02
7.874367523477099340e-01
5.258579146094923829e-01
1.239898477668552879e+00
-3.273705779614815015e-01
-6.249812396634801814e-02
-1.278580247856710983e-01
-3.133432275032825842e-01
-6.518690457653164572e-01
2.560706679318958123e-01
9.633761208037157076e-01
-5.151482474230011377e-01
1.997223948253887826e-01
1.367713687075352347e+00
3.345392793912180807e-01
3.220002643568600220e-01
-1.256990275857963191e+00
-2.608893794870557059e-01
-4.662660119992940722e-01
3.456706461965985966e-02
3.570641164153487424e-01
9.511890783984284781e-01
-1.530069219824702564e+00
9.067311411660261555e-01
7.308042591007861688e-01
8.294675613600261954e-01
-1.627540583978914768e-01
-3.361519923867071213e-01
-8.375579712233705010e-02
-2.821490888708826361e-01
9.746555593227643755e-01
2.993267222447677511e-01
-8.498483473500524354e-01
9.594977355753915305e-01
-1.450325266117609146e-01
-2.005545380150399737e-01
-7.570170504295408165e-01
-1.006535572966501313e+00
2.320485629932909077e-01
-4.093787970539146670e-01
-5.672137761686801838e-02
6.984212772606221975e-01
-3.416677817293622965e-01
1.152251176240826958e+00
1.227592884485311231e-01
-2.528264769333787854e-01
-4.635871219178255842e-01
-3.127779676731936576e-01
2.908187974966693901e-01
4.198456747839731662e-01
-9.634377442538246683e-01
1.954422083324933723e-01
6.226022712760128641e-01
8.777651463955038480e-03
-1.150097252966352457e+00
-2.480678495606625233e-04
-4.328784510856689138e-01
-9.973005787179065607e-01
2.044511534272714925e-01
1.220258503444794584e+00
-6.504091451114586420e-01
6.922159504701284050e-01
-9.773506404734177977e-01
-8.753119667759090561e-01
8.932452190521011914e-02
-2.330185284862782424e-01
-4.086169358484124103e-01
-1.291286272319651651e+00
-1.623731500865002175e-01
-4.117664175247872649e-01
1.010065320010306245e+00
-9.421762806605302742e-01
-1.729962979109203047e-01
5.873576636496125047e-01
2.662387823290881528e-01
1.031644992850859310e+00
-7.040645545990020793e-02
-7.612396523340478893e-01
-1.943285861102204137e-01
-8.005748194732529299e-01
-3.278360284901467026e-01
-1.302372787163339485e+00
6.596692720819321565e-01
1.101734897246746669e-01
2.027813472276083218e-01
1.022328126210576116e+00
-7.463960860972846945e-01
6.316655580220427169e-01
-1.040052856176980622e+00
3.830843158934271742e-02
-6.285825878947726153e-02
1.382670829054079675e+00
9.537995260310729861e-01
-7.586647290189976189e-01
-2.145937773081474376e-02
3.825895687322891092e-01
-4.179767567261656325e-01
1.876032750240863578e-01
2.736109484569304584e-02
6.516401999056045113e-01
-1.388685597245505221e+00
-8.345956213590248751e-01
5.487066973336371944e-01
9.100031433795807700e-01
-7.118054794821073727e-01
1.103751223581941332e-01
6.873255485458056313e-01
7.139664278173736278e-01
9.368576220422664136e-02
-1.082490366698879214e+00
-6.496347733861700391e-01
-6.430249530106646461e-02
4.534340390225279904e-01
1.037190418620676624e+00
-3.270588639977063394e-01
-3.122754148373427796e-01
7.109023341929034956e-01
-1.055815465246033646e+00
-2.527650236042884302e-01
-3.409430290686996656e-01
5.972364528991924715e-01
8.380201408213050485e-02
-2.357400597717128399e+00
6.118592733183803034e-01
1.443549444798337689e+00
-3.157579339108220751e-01
8.353757152530771890e-01
5.656782338191383985e-01
4.695357755068938488e-01
1.232236943614575253e-01
1.917488221293117689e-01
6.523858575795058456e-01
2.264756338438562722e-01
-8.262935794382615384e-01
9.445876728459987604e-01
-2.280488438683763164e-01
1.900757526901211136e-01
-6.543615310593526857e-01
-1.060904251297710044e+00
-1.978078218437531177e-01
-1.099202495287252557e+00
-2.055018464784499344e-01
-4.287248677495494320e-01
-4.551965999170795030e-01
3.090981201082279028e-01
8.745836377450535437e-01
7.170976926209773339e-01
-4.416647283302586047e-01
-7.510952945706623751e-01
3.997137233662195754e-01
3.795998483272118307e-01
-2.075676403478157184e-01
-6.217449359553715027e-01
-5.118293683138910311e-01
-2.207026726454515142e-01
6.055012002400257387e-01
1.269759852454388493e-01
-1.377716339803516377e-01
-1.493645837565917844e-01
-5.675083614502796081e-01
-7.243851613638616627e-01
1.443471726056186455e+00
-1.282504821756951241e+00
-3.664530004963442167e-01
-1.761819293936094155e+00
-9.579848669775712366e-01
-9.433389439372543706e-01
7.348187191376531757e-02
-9.840458657933135456e-01
1.709995477638930339e-01
-3.081302684608884235e-01
-3.858116914067135639e-01
3.223006501349257036e-01
-6.173236425820896045e-01
-4.054620484810618208e-01
-5.814431711305401151e-01
6.780208933435858398e-01
-5.933704029559931925e-01
6.073085089238903223e-01
9.966864855125425748e-01
-2.734268385907707710e-01
-9.503844971076098602e-01
3.421973519810901365e-01
-1.053083748976579859e+00
-4.756375895063804649e-01
3.129832414805457930e-01
1.424792074269545239e+00
-1.243136054929625978e+00
6.072464886786219651e-01
-3.283477939033705439e-01
1.167566674999092058e+00
3.782196963464006245e-01
3.895980539817145427e-02
6.729960980834173156e-01
-6.780361034719408764e-01
-9.352517930149835124e-01
1.577123870683108109e-01
1.786978948103318032e+00
-5.920444234956168117e-02
4.422101961951430127e-01
1.472844518041293682e+00
1.069256597122958397e+00
-8.113028540055067239e-01
1.466953789269355823e+00
1.049060385976401832e+00
4.365843215698710367e-01
-4.469902866140991193e-01
8.808894926309021045e-01
-9.382395295887402398e-02
4.786799987271361800e-02
-8.462550412503944131e-01
1.953215580522762451e-01
1.485836702597068459e+00
-1.265663624449068436e+00
-6.977068697085089255e-01
6.629618439130453567e-01
2.501542316832559010e-01
4.548319467396346738e-01
1.356143573436527916e-01
5.088563424365410981e-02
7.583239821132412573e-01
-6.408737074041868098e-01
6.537594048550161574e-01
-1.949536421536448572e-01
1.827737940205231837e-02
-1.405143454496275979e-01
8.376103026033767662e-01
2.953767777916951331e-01
6.715906638356479164e-01
-4.052416462105892236e-01
-1.969934378254221130e-01
4.030143776926564669e-03
8.497095860218006891e-01
1.166620431841209893e-01
-1.228500671527690713e+00
-6.424264733674478478e-01
-2.128886682883255332e-01
-1.645062930793921296e-01
-8.280239591230014184e-01
-3.943285718859428357e-01
-5.131018537039295779e-01
8.128010445469335821e-02
-1.215406092713724462e-01
2.016195753385083833e-01
4.188506913527483277e-01
1.156974814293985077e-01
-7.638806059675991023e-01
-9.152809209623056219e-01
1.927977026255609516e-01
-1.293974325389655622e+00
7.194793902257803353e-01
1.274160341270117236e+00
-1.211287690219018387e-01
-6.491191664063382660e-01
1.387586551014994285e-01
1.349641643515649747e+00
3.887440208452366264e-01
1.865648533153851929e-03
5.755218386309834955e-02
7.123673122889258025e-01
-7.098586171332694761e-01
-1.644965725733650075e+00
8.029572742987998168e-01
-6.063741013084351650e-01
-9.841081285328137085e-01
1.514013123545032258e+00
-1.520806217063057630e-01
9.776221503350956965e-01
-1.997662513293123610e-01
3.724935690351340867e-01
-7.721141195494531928e-01
4.741294369237358808e-01
6.078119227019307402e-01
1.441672194874310975e+00
-3.316675791791006134e-01
-2.534802727528626676e-01
-7.705044897871209386e-01
6.816672734851660920e-01
2.967711928182268366e-01
8.973427927475521315e-01
-8.713256499142758571e-01
3.142311276170648426e-01
-8.455153253935545621e-01
-2.252880344459375905e-01
-1.422894480425727082e-01
4.704769442319012285e-02
8.069418474185656720e-01
1.654357689503562767e-01
9.498731278190089000e-01
7.352214536512136078e-02
3.024731039483601336e-01
-2.399956006137404785e-02
8.365928298031910515e-02
1.291994780741790194e+00
-2.815770537221897740e-01
-4.388835649042137632e-01
7.148030894264589818e-01
1.717554521413740432e+00
1.674113995148882594e-01
-1.888209723218841063e-01
-7.688264093141228273e-02
6.472276067012483480e-01
9.652167856547144709e-01
2.230395115118977145e-01
-3.266893602022218346e-01
1.119003846865145313e+00
-7.168696473206761510e-01
1.230352926498037291e-01
-2.224574190679273755e-01
4.817911517959654333e-01
5.615357386743458079e-02
-2.071364938961561819e-02
2.332953531709964778e-01
5.329238554864890176e-01
-3.390881603036497438e-01
-2.043490026168299778e-01
-3.957794509504806157e-01
8.286304254863274821e-02
6.764539709102184162e-01
-4.138523678119705451e-01
5.386613306373693177e-01
9.441653620703061023e-02
2.518412211480347551e-01
4.378169087104470947e-01
9.984912066738136360e-01
-6.896782309852014237e-01
5.345466239009155629e-01
-1.160596724012496139e+00
3.836004100852674625e-01
-9.467893302382268672e-02
-3.493571240435544567e-01
-1.184758223186120674e+00
-2.368876932236236854e-01
-2.777401431595292181e-01
3.581031584093343767e-01
-7.485861385481360486e-01
3.453438312262857579e-02
8.392128706690478168e-01
1.000642346681503980e-01
7.780075208333236958e-02
-2.570584322722879733e-01
-2.615913167787020654e-01
7.419359372635394578e-01
5.570548593130366655e-01
-2.267193800674593973e-02
1.679160476678259073e+00
-1.148554827907872777e-01
6.037335701708590463e-01
6.073529989677020069e-01
1.125680498564785026e-01
-1.019109354132505807e+00
-1.565309326362340769e+00
-6.339945990130253506e-01
4.504105455182161322e-01
7.005547101329501203e-02
-4.811715527886031296e-01
5.211136788010541920e-01
2.088504109052298219e-01
-1.933217659342858497e-01
6.079082238623554346e-01
-2.289812347409876381e-01
-1.268671578621365370e-01
-7.919184887372301418e-01
1.661357789844499777e-01
8.111223966476472924e-01
-6.797349876534521940e-01
-7.430477383016782511e-01
1.446777793064644158e-01
8.276015416317843432e-01
-8.691299483518077906e-01
3.151942414201496234e-01
7.008522089068334182e-01
6.063537423457479036e-01
1.090153337943098322e-01
-8.858259116651368004e-02
1.405324244190850891e+00
-7.161897425543406470e-01
-1.022582070584338254e+00
8.300430738774693395e-01
5.261331389244974233e-01
-8.339524112156793123e-01
1.063895550824289771e-01
3.122883486503926775e-01
1.536268432611374024e-01
-1.833974892674419266e-01
2.655517184152493826e-01
-4.709536353746921478e-01
5.219069359982597689e-02
-8.660761789592079651e-01
-4.833749969017011594e-01
5.446552923804972579e-01
-2.928736017870914310e-01
1.456194718103045460e-01
-5.777108331859395207e-01
-8.801975754602695545e-01
-3.230715464445328422e-01
1.285462484219355161e+00
-7.194146839542741034e-01
-3.103005328216674741e-01
-6.308336020884315332e-01
-1.035477624647630712e+00
-9.103435519035389945e-01
1.252616589888182475e+00
1.843052763039256803e-01
7.562478551511730984e-02
-6.282696806528722533e-01
4.968854602162631195e-01
-3.774492070485546691e-01
-1.306679315297456956e+00
-1.651033756106805583e-01
7.884970670039059826e-01
7.523170662237603779e-01
8.584986909327252391e-01
1.965688083105545658e-01
-3.869238562416921212e-02
3.137363444485208319e-01
-1.224826317898910055e+00
-1.064735982718250096e+00
-7.760488651064818555e-01
5.920564238832080051e-01
-1.650981597987009053e-01
7.396184622397861119e-02
8.466892572057336253e-01
1.271329859120706729e-01
1.064411383525266430e+00
1.035744015313735389e-01
-6.205613313963755928e-01
-2.475489897382079363e-01
-4.238491025214319308e-01
6.711608613001462942e-02
-3.950049139194593550e-01
-1.574807422442405791e+00
-7.720390479220542446e-01
-8.899388324147210483e-01
9.525435562777939680e-02
7.871943397347536120e-02
1.036749965829710796e+00
8.773876219133391885e-03
1.257989310594439303e+00
-5.557256183507419678e-02
5.185627250310176350e-02
2.810157210851560450e-02
1.580048126497743510e+00
9.700191803771822663e-01
2.633788156021417137e-01
1.799675168855419116e-01
1.563897824258839719e-01
-2.242958086327169198e-01
-1.001327494791983241e+00
7.176716446875843758e-01
-1.524350837559476091e-01
-1.412843887697370349e-01
-3.042618197899749077e-01
-3.464635810851905973e-01
2.363831300577166061e-01
-1.599507939834250436e-01
8.322660175987888209e-01
-7.707836440054975924e-01
-2.454855441514451897e-01
-2.888727426548145516e-01
-2.152064869666059366e-02
1.266519215978227919e-01
-9.020654098859841596e-01
-5.195576894505702370e-01
1.176055683862834655e+00
-7.357592922820916925e-01
-3.743875219614807293e-01
-2.127353021108477904e-01
3.026315996751272053e-01
-4.020417046806770145e-01
-7.740726194316849273e-01
-5.289938161698248820e-02
5.131805627907581879e-02
9.505647963626628894e-03
-2.115032017658977637e-01
-6.473069738977361709e-01
8.232081278417124892e-01
-1.217139388167458591e-01
-2.560658976417231614e-01
6.074426728994106739e-01
1.948731692569118934e-01
-2.473647765135922327e-02
9.876356055188200145e-01
1.588411719117566179e-01
8.339120593623574607e-01
-5.835180023529273896e-01
3.771612602739526920e-01
1.059531253406381879e+00
-3.949993612913802465e-01
-8.386783704047413579e-01
7.706084577906269217e-01
7.228553186790529494e-01
-5.929782806677614815e-01
1.730478134530351042e-01
-2.187297972868247342e-01
3.559854273014533277e-01
-3.581608141517467203e-02
-1.310576168042230094e-01
3.155520619346585676e-01
-1.425372350944507538e+00
-4.805809321761831399e-01
7.041115286376520288e-01
-4.861509828176870940e-01
-7.759696313923285516e-01
4.884885468906805528e-01
6.086119435302794756e-02
7.037575535212381439e-01
4.171642191210711559e-01
-5.407140110982764369e-01
2.169183951202988681e-01
-4.003912252856345333e-02
1.052677680696674223e+00
-4.883268591050358154e-01
-6.412174772365295539e-01
-1.653742368937686003e+00
-2.977272563711759190e-01
1.186614585586456272e-01
-6.467727499385773626e-01
1.310686947465759644e+00
-3.731166369347462819e-01
-6.327353463604197259e-01
2.155321758354746819e-01
4.749330482965499201e-01
-3.241788985152940228e-01
-1.302130429142925649e+00
8.174245244649060993e-01
2.068590474143299218e-01
2.489174351453504741e-01
-3.932149637707782475e-01
-2.705885626202588767e-01
-7.101884918278775771e-01
4.604016852077652544e-01
-3.637968742719062121e-01
-1.130516070443823295e+00
-1.820336099884842795e-01
1.467843616185790623e+00
1.742005169881633009e-02
-6.878984757716635201e-01
-5.666386106457155236e-01
1.339441927685958156e+00
-1.361997618310315517e-01
3.861727140117379165e-01
-1.354547927869873547e-01
1.092682562721183359e-01
-4.775464028398310745e-01
-1.463060628284030606e+00
1.059821651008096666e+00
2.281428149370068326e-01
8.329400325598790289e-01
4.392249773630787502e-01
-2.706506112662401264e-01
1.253302718369417867e+00
-8.912417710005167137e-01
7.343215038151775786e-01
-3.934129704520010762e-01
8.247716725119644821e-01
-4.675042486632996486e-02
3.494340550379781973e-03
1.440740999754891227e+00
-1.364234004843587034e+00
-1.328329609334193862e+00
8.358272951195990785e-01
-1.157507157827266209e+00
-1.175772403405360933e+00
3.593967913918527657e-01
-7.672584383480449688e-01
-5.384615129187846350e-01
1.112423182286583767e-01
-1.222398478115920284e-01
1.051940679687833224e+00
9.194511299311702857e-02
1.097493323572351187e+00
-4.131720807989136546e-01
-3.061805212479953298e-01
-1.201621817123855962e+00
8.161352828455656905e-01
6.694135341060158950e-01
-8.622591099879048926e-01
1.178841717837748604e-01
-3.652366489260998605e-01
1.549500175836038274e+00
6.018525710174760235e-01
-1.919338212441257241e-02
1.132533822655211964e+00
-1.321378927279614590e+00
-2.691231077433089425e-01
5.866567292726188043e-02
3.722666513642440833e-01
5.843438706560712959e-01
4.928362224881439602e-01
5.626359531761702115e-01
4.158448925162616661e-02
-4.466171165745391747e-01
-3.864739007861972553e-01
-3.178209534665699110e-01
7.469830921586328998e-02
2.575299162232784767e-01
-3.642649097952501691e-01
-9.327876199248308353e-02
8.457787946622961073e-01
9.713096871898097007e-01
-5.437351537143086944e-04
8.711071942122288192e-01
-5.600872577091751126e-01
-1.156610639325148515e+00
-1.248867434248390751e-01
2.076684488987524446e+00
5.921684665761448585e-01
-1.755508049098110757e+00
1.689292673958577851e-01
1.853535368056101973e+00
1.277423115049501234e+00
-1.065756798302070152e+00
-1.030735294129030422e-01
1.512637677691039961e+00
-1.143462519272399724e+00
1.392898765850842935e+00
1.296122188759056826e-01
9.427689775700898167e-02
-2.389004441000519563e-02
1.498229548210181505e-01
-6.958336395310942279e-01
2.728912165081283092e-01
9.302274059581305821e-01
1.320786119426511362e-01
6.175529499742307138e-01
-1.628076575761463474e-01
5.455671062709219754e-01
5.463219605037981097e-01
-9.210547512808986426e-01
1.352309756844592314e+00
1.062248509497290883e+00
8.342038449983837367e-01
8.401964225404601194e-01
-2.955403868550412483e-01
-5.681447781807982267e-01
-4.516063793216149591e-01
-7.371017789787988050e-01
3.613253902211877033e-01
-3.395241758494185191e-01
6.421070876142254136e-01
-1.320776740137254990e-01
3.941038984801839007e-01
-7.471668794003774039e-01
-8.045804591391112481e-01
-2.281812835057257516e-01
-2.924612003223341361e-01
-2.657853293373584336e-01
-3.577057828660468175e-01
-6.401333888977482900e-01
5.514066335180949352e-01
-7.793753038626531904e-01
1.442859128895151777e+00
5.849691196080453182e-02
5.774618724197919661e-01
2.128324914175703242e-01
5.680094266260766744e-01
3.218739147728699734e-01
5.918527531197348424e-02
7.250677353300849504e-01
4.848018123363830867e-01
-5.026508486007230658e-02
-1.475520116882060861e+00
-3.584577908832411453e-01
1.144283087066427562e+00
6.256203714050947440e-01
-3.852665893061502089e-01
-2.103005661709449470e-01
1.044927101117218982e-01
7.538448877225913947e-01
-1.848288781846214590e+00
-6.536205523751910107e-01
1.540421007007193310e-01
6.943047499559025226e-01
-1.239267418186839720e+00
-6.990868160222261096e-01
-8.025310080468184282e-01
1.989979313404859340e-01
-3.856884528010890989e-01
1.545127942312318758e+00
7.115878038491274538e-02
-6.147714414308271813e-01
7.449129986530618197e-01
1.847761688361956089e+00
-1.508549907449081573e+00
5.073335098177640390e-01
-1.741925714498222533e-01
-7.860697810763719318e-01
8.502481204506668888e-01
5.236712589203564860e-01
3.578179368213332268e-01
1.237656663356564657e+00
8.375814070458353910e-02
6.017956496988947634e-01
-6.534469150839328222e-02
-6.130960262642535241e-01
-3.697709912708644353e-01
1.284697271966415144e-01
9.877516094359171106e-01
-4.675925012578980855e-01
-1.135828578466906436e-01
6.025981053714382085e-01
1.163896492459716825e+00
-9.526035482305470481e-01
3.760827547373226665e-01
-3.848490177489072295e-02
2.880199738800950371e-01
-6.934057153336317114e-01
-1.315315534667796271e+00
3.105057548686733782e-01
6.263230908243233586e-02
-1.104900575522660855e+00
-1.483169678463899466e+00
-3.100328607453430863e-01
-2.780531765984814996e-01
-5.236758021494614113e-01
-2.190670155823983833e-01
-1.136217689684679844e+00
