3.350000000000000000e+03
3.336000000000000000e+03
2.324000000000000000e+03
4.083000000000000000e+03
2.917000000000000000e+03
4.776000000000000000e+03
2.497000000000000000e+03
4.587000000000000000e+03
3.790000000000000000e+03
3.927000000000000000e+03
4.618000000000000000e+03
2.421000000000000000e+03
9.590000000000000000e+02
1.884000000000000000e+03
3.608000000000000000e+03
3.355000000000000000e+03
2.186000000000000000e+03
3.139000000000000000e+03
1.722000000000000000e+03
2.741000000000000000e+03
3.194000000000000000e+03
1.362000000000000000e+03
1.103000000000000000e+03
2.198000000000000000e+03
1.087000000000000000e+03
2.348000000000000000e+03
1.271000000000000000e+03
1.948000000000000000e+03
9.450000000000000000e+02
1.867000000000000000e+03
1.207000000000000000e+03
2.417000000000000000e+03
1.574000000000000000e+03
2.545000000000000000e+03
1.090000000000000000e+03
1.622000000000000000e+03
2.688000000000000000e+03
3.253000000000000000e+03
5.046000000000000000e+03
1.579000000000000000e+03
2.374000000000000000e+03
3.646000000000000000e+03
3.468000000000000000e+03
7.720000000000000000e+02
3.578000000000000000e+03
2.262000000000000000e+03
1.593000000000000000e+03
1.341000000000000000e+03
4.075000000000000000e+03
5.421000000000000000e+03
1.244000000000000000e+03
5.277000000000000000e+03
3.367000000000000000e+03
8.490000000000000000e+02
4.820000000000000000e+03
4.566000000000000000e+03
2.006000000000000000e+03
6.430000000000000000e+02
5.532000000000000000e+03
4.576000000000000000e+03
4.985000000000000000e+03
5.368000000000000000e+03
5.127000000000000000e+03
3.856000000000000000e+03
3.385000000000000000e+03
5.589000000000000000e+03
5.162000000000000000e+03
5.116000000000000000e+03
5.361000000000000000e+03
9.360000000000000000e+02
4.748000000000000000e+03
5.134000000000000000e+03
4.850000000000000000e+03
4.159000000000000000e+03
5.395000000000000000e+03
5.704000000000000000e+03
5.003000000000000000e+03
5.093000000000000000e+03
6.303000000000000000e+03
1.573000000000000000e+03
5.595000000000000000e+03
5.603000000000000000e+03
1.722000000000000000e+03
4.244000000000000000e+03
6.770000000000000000e+02
5.619000000000000000e+03
5.441000000000000000e+03
9.470000000000000000e+02
9.550000000000000000e+02
4.533000000000000000e+03
4.660000000000000000e+03
5.638000000000000000e+03
4.623000000000000000e+03
4.756000000000000000e+03
3.626000000000000000e+03
1.512000000000000000e+03
5.039000000000000000e+03
4.716000000000000000e+03
5.273000000000000000e+03
4.903000000000000000e+03
