-3.161238785723217148e-01
4.091201975277165559e-01
2.592041655145926882e-01
2.623571854053725616e-01
5.525586911590485428e-01
1.958470963587197744e-01
-3.027485234733173769e-02
-2.415620222422445451e-01
2.149997888298571525e-01
3.605993575173034316e-01
4.247174821682087043e-02
-4.006087356991541171e-01
-5.171508303372398530e-01
-4.047049758300280686e-01
-1.561639890269024278e-01
1.975666977950938374e-01
7.720555751969282454e-02
5.250216841722554761e-03
8.573917994834090450e-03
4.556453971931704316e-01
-6.817617481097126841e-02
2.382045720318659576e-01
5.291085481472501684e-01
-4.726822370931493822e-02
1.520289766482445515e-01
4.684153695235506731e-01
3.543276182172707678e-01
4.326796885877692844e-01
3.012923915931509100e-02
4.236521572906939426e-01
5.151832400852631721e-01
2.882010561454384501e-01
-3.182078713623193167e-01
3.086181967314196584e-01
-2.860794829167740971e-01
-5.508819337353889622e-01
3.171816429201399501e-01
1.727737634780961429e-01
1.691027839260073051e-02
1.289676286769791957e-01
-3.676681195074174013e-01
-8.130713741965411856e-02
1.301736532408170888e-03
5.890599538714713646e-02
4.294799863756013636e-01
-2.971511863095956940e-01
-5.388841548499279099e-03
3.406695249021352012e-01
-9.346592072465575995e-03
1.513507565353391371e-01
-2.119680615991805794e-01
-4.131708667364106802e-01
3.705972453744283968e-01
2.538655795277477978e-01
2.458110105366904108e-01
1.267984336721568184e-01
3.455226639547648304e-01
2.271971085227342257e-02
-1.465816264445143347e-01
-1.671927350802695500e-01
4.516819869160499934e-01
7.440798259460201791e-02
2.274447784001809580e-01
-5.389329132562004077e-02
3.148589683407347906e-01
-3.667795307857524278e-02
3.163722144006424486e-01
-9.158318217231364855e-02
-2.361104708558254828e-01
-2.478689692666558031e-01
3.024102620115245443e-01
-4.125218572716065069e-01
2.268784679308435415e-01
3.478602125875820406e-01
-3.076170221867648991e-01
3.587991793326494872e-01
-3.991447881776517548e-01
-1.283068780468816783e-01
-3.671794389814229120e-01
1.805508635540276074e-01
1.558098390575395342e-01
-1.763221304964188718e-01
2.876273523262291576e-01
2.911593768814881855e-01
1.849425931733179596e-01
-2.809309045861656529e-01
1.936881298715924515e-01
-2.915498671393956798e-01
1.160559053088920933e-01
8.595719392742751097e-02
-3.370175839721669675e-01
-4.532461559779408233e-01
-2.810052577005510699e-01
3.197268711100864635e-01
-3.454937853497845879e-01
1.678208551921489544e-02
3.837479142007502730e-01
-1.122052359638203711e-01
1.569242121183247463e-01
-1.369046504299049616e-01
-4.070550183276751000e-01
-9.428988483666600473e-02
-9.593990704121146962e-03
-1.492114194330165233e-01
2.938191608994884518e-01
3.793939658675480331e-01
-2.992189824660194120e-01
2.615415822200883866e-01
1.940623311272275942e-01
-4.877730797474066904e-01
-3.925793321702588656e-01
1.754426936099964252e-01
-3.264431413045416619e-01
4.666412807919435579e-01
5.265997580418781965e-01
3.114796909037655936e-01
4.432523074917984474e-01
-3.182677972347747186e-02
4.213148641552422191e-02
-4.287437504400113397e-01
1.187362474226301146e-01
1.407617152143032513e-01
4.890859441827322129e-01
5.651107894070950266e-02
-1.318336437161899966e-01
3.129025177617172915e-01
2.836687979403702542e-01
6.573444062877609184e-02
-1.084628457625136377e-01
-4.055368346070027386e-01
-1.866951744986229400e-01
5.615284664987498786e-01
4.596490577911076514e-01
-9.828041093842898590e-02
3.432221177884304808e-01
2.668343701396969081e-01
-1.759610115677414655e-01
-4.008120057798718605e-01
2.303082374264313614e-01
3.477273506593281382e-01
2.222211900149417829e-02
-2.826694608191751001e-01
3.277034235325704259e-01
1.621649179984370193e-01
2.530683697667157617e-02
2.837162181384291770e-01
-3.512970466333840136e-01
-2.037439966738743280e-01
-2.152099651839201044e-01
2.735539362931582730e-03
3.757369796464349321e-02
2.629045528638931373e-01
-3.308652192373671141e-01
2.250105723637059185e-01
-2.001791730235034095e-01
-4.169418782011362623e-01
3.641876285782750244e-01
1.941798644906844729e-01
-4.892976931147021702e-01
5.015366784821564394e-01
-1.220076224529513809e-01
1.080171384111539012e-01
4.343009294264765785e-01
3.185729820396350220e-01
-3.477905257745685930e-01
4.538836885976271773e-01
-2.223686761685899071e-01
1.238628207463801090e-01
3.914085710417545272e-01
4.492624610196820356e-01
3.730347922560035556e-01
-4.396402235847229889e-02
-3.368222729458700826e-01
3.223096594688978911e-02
-1.024508054166668458e-01
-4.306182704960903607e-02
5.408437284210574347e-01
4.185435235363303974e-01
2.036549522659436562e-01
-3.667993718211013388e-01
1.218491393230962672e-01
-3.686190172540033672e-01
-4.920088931167700963e-01
-4.580725381034058685e-01
4.034569335325945971e-01
1.790119140873365211e-01
-5.132671553713201718e-01
-1.897315205538152583e-02
9.122241966155186788e-04
4.008239979500451966e-01
-2.386330762167663266e-01
2.045431366681231822e-01
3.905567737000694706e-01
-2.377109340718508435e-01
3.851016394219719530e-01
-4.530618850210750281e-01
3.773855137865904652e-01
1.337601464810598273e-01
1.166204727734534430e-01
-3.403240950242540919e-01
-9.440700365604115518e-02
4.919399337001042483e-01
-1.629962889481131327e-01
-2.142287646270135681e-01
-1.287459892112927662e-01
-1.064128212618422609e-01
-6.599401035469565358e-02
-1.788499983787676939e-01
3.720770405107378664e-01
1.857598110205778141e-01
-2.016980826228991219e-01
5.184382629610464477e-01
-4.087335781308159000e-01
2.712924529238938121e-01
3.870231459160677900e-01
3.626863417222816466e-01
4.619916977997062801e-01
-1.579550546482435536e-01
-3.126565986234535188e-01
2.775796440650069030e-01
-1.897402592275483357e-01
-3.497407270466093010e-01
-7.960281393581958298e-02
2.938759653663325366e-02
-2.767860109401878432e-01
-2.196057800710482510e-01
2.560318551940818921e-01
-4.610868765992517382e-01
1.475528632368527937e-01
2.382265879848208812e-01
1.673486696298631671e-01
3.582081738510183300e-01
-4.484098831868008617e-01
5.600898419131361550e-02
2.670211380934013334e-01
-7.135966563251017192e-02
1.176573241277285575e-01
-1.682636690073984198e-01
2.813471476317577213e-01
-2.503034908582053575e-01
2.299609189896765216e-01
7.170646429336979821e-02
1.986513341697913049e-01
-4.561987430849985259e-01
4.781054819000463141e-01
5.617764799938136377e-01
4.450252544850741288e-02
-3.697866777801230853e-01
2.016873913404282348e-02
1.238109501089237341e-01
-4.106380634638409077e-01
4.447021190319286887e-01
2.321487772366745972e-01
-3.079204840210962857e-01
-2.275272497804907701e-01
9.420284272587942098e-02
-6.234389924796701621e-02
-1.434140621400761262e-01
6.129223069463485274e-02
-2.579559668588489174e-01
-1.496237154713373485e-01
3.977061842298503791e-01
2.728817872226141361e-01
1.909898239300833467e-01
-4.863134084588143224e-01
-5.398244630932236277e-02
2.272208184506219197e-02
-2.973062571488682693e-02
-4.362442902042467097e-01
1.950473301255151171e-02
-4.361847594142496121e-01
2.645828902489704149e-01
-5.211895577316063566e-01
-2.528052487994134623e-01
4.493855627976355294e-01
-1.069961316349115066e-01
9.960651341265425174e-02
-1.402172487313038118e-01
1.890897293888258446e-01
2.457396993612794844e-01
-1.032214659858521344e-02
-6.370982174490613659e-02
2.980318306199887246e-01
1.141194647135463924e-01
4.152698258247582430e-01
1.950312642500211524e-01
3.223841063838452925e-01
1.744562084546563696e-01
3.164982353362644218e-01
-2.335940603063422216e-01
4.989115100019336779e-02
-1.480975090914178338e-01
2.529473257196510616e-01
2.123512020299225256e-01
-1.091111660684713769e-01
-2.557848732980048112e-01
2.261300483189714328e-01
-2.920781357299953029e-01
-4.404018089086960686e-01
-1.308482341682655203e-01
3.563868094759001792e-01
2.310881919103513482e-01
-1.612580260950293720e-01
1.580294107205055809e-01
-2.193069947865389224e-01
-5.102583655911452354e-02
-7.289474009866303561e-02
-2.616079360731582426e-02
3.751123502811104515e-02
1.156535011835728710e-01
-4.091199016045310444e-01
1.775352135144636634e-02
6.080664521885914553e-02
-3.251032272116418653e-01
-8.424840359713314797e-02
-4.242224334335000790e-01
-2.872368559213711592e-02
-1.303361274632663935e-02
1.383208593903981765e-01
3.167620788229292828e-01
2.339262249126852211e-01
2.316836933248689334e-01
5.504242468969806623e-01
-2.949922873859005534e-01
2.683537483431592818e-01
-1.676883008921343787e-01
5.327818338632503981e-01
-2.744414153287886293e-01
-3.403697884407543839e-01
1.531953837629798088e-01
3.116578520552142351e-01
6.782724825756858422e-02
1.784155890827516799e-01
-5.294382764278431353e-01
-4.847829044237528251e-02
-6.223179769187137111e-02
6.773779179173722298e-02
-3.157674236865846140e-01
-3.541450484457495662e-01
3.162787770422292866e-01
6.647368789186813842e-02
-2.683428397563218937e-01
-3.095902007660100708e-02
3.702109057946216808e-01
3.143677290796293988e-01
-4.608535423865642855e-01
3.438067653987095795e-01
-9.075934945108965479e-02
4.300778134900431482e-01
1.258863782754939820e-01
4.768977053133527377e-01
5.021038814826717100e-02
-2.869048999740719808e-03
8.741467147492887335e-02
1.638509603225468680e-01
2.690625796383834256e-01
-1.882979537682052396e-01
2.800006845756062290e-01
-3.020718506036326190e-01
-1.898875313656711583e-01
-1.874752724613983901e-01
-3.598461059752349200e-01
-3.972281551092597951e-01
-2.721811632768904587e-01
-1.694839861393493408e-01
1.142963158139203017e-01
7.566102121570672523e-02
6.282599587492665449e-02
2.870574942067829483e-01
-1.107383091810945075e-01
2.898935400923408068e-01
-4.923001600583862825e-01
3.676994304103429201e-01
6.958405881065754528e-02
2.900699768083310204e-01
5.585740392247382502e-01
-1.335303903420204108e-02
1.453458899798496518e-01
-1.438335742027643249e-01
-8.193652915036153672e-04
-3.804907971286031199e-01
-4.044691443377415041e-01
3.512316162360029637e-02
5.213148232785140834e-01
5.853361457814187929e-02
-1.203464137101031284e-01
-1.944218180019685605e-02
5.536977740627406774e-01
-1.001204593712463620e-01
-3.637769396587202664e-01
2.935391319272007138e-02
4.581701300870042459e-01
2.681097854633556210e-01
1.561776097812561659e-01
1.723578822646132380e-02
-2.721421726687172082e-01
2.633583668453294280e-01
-4.600748064573032536e-01
1.304597099235742519e-01
-3.859836034160064600e-01
3.425611061979179084e-01
-2.330257838749076882e-01
5.223300948211306860e-01
-4.422871239121501930e-01
4.438579086581189159e-01
3.738594516159601255e-01
9.488585030540175325e-02
2.858760968946718606e-01
-1.780585987691765126e-01
4.111867275756084794e-01
7.930658112371347102e-02
2.266683539353220311e-01
1.048250402933206260e-01
2.923426045516119842e-02
-4.038751270475273714e-01
-2.175077574295150029e-01
5.131954890860255247e-01
1.982681935087988734e-01
-4.462680594364911713e-01
-3.533898182740458083e-02
-5.405235878745857647e-01
5.022767570647648228e-01
-3.056558901231625214e-01
-1.654451396757687931e-01
-3.198240506390277460e-01
-7.406060213398824033e-02
1.996432364849045626e-01
3.523088444475543923e-01
-1.150344360842545655e-01
-2.887327440182287930e-01
1.580848585243463944e-01
-2.752116431255853257e-01
-3.149481828353613011e-01
4.923627728473336518e-01
8.223604589393840314e-02
1.575237191681297944e-01
2.257154544635397997e-02
-1.905800384113041090e-01
-3.028715417376313113e-01
2.329119271697157600e-01
-2.752842718713885972e-01
-3.006180324742393495e-01
2.989202243697697270e-02
-3.627042119365961881e-01
2.346103457012702620e-01
2.328570787352450822e-01
-1.316789400636704244e-01
-8.288089994493486046e-02
-1.150113599371653805e-01
4.185407850708964261e-01
1.528722012097025740e-01
-2.705818411476474949e-01
3.076979036362619269e-01
1.551140756138504884e-01
3.499572060155813347e-01
1.848746712629614208e-01
1.800137511944708280e-01
-2.152447713441167920e-01
-5.026567668835468794e-02
4.301951652885698252e-01
-1.017988220420464884e-01
3.249799112214262209e-01
3.975749419147431851e-01
-2.271666696167784494e-01
2.354688102457016541e-01
-1.989985805595919643e-01
1.658929663544714828e-01
-1.933506447999366884e-02
5.363212459101678320e-01
-3.496611407244714087e-01
2.674774040359695348e-01
4.674794184184705159e-01
3.036965126546187221e-01
4.084551575664576717e-01
-2.672328530522740664e-01
1.176977285624420944e-01
4.222930248727498892e-01
-9.384246685981434410e-02
1.381224081743068766e-01
-8.321355300506727559e-02
3.379263101568561467e-01
2.412917889709440544e-01
1.829380945112459855e-01
-3.728023042811656751e-02
-5.349679604579371528e-02
3.522157441735185301e-01
-3.704550842689693368e-01
-2.361555272898838709e-01
4.149202704473378134e-01
1.759073708369669475e-01
-1.327579487963026494e-01
-2.567603309596577787e-02
-2.573753631038213641e-01
3.419858017621635327e-02
1.704427810199451443e-01
-4.998746916910130622e-01
-4.973254234390189765e-02
2.791508258114934193e-01
-2.823646642493962133e-01
2.306810090376067990e-01
4.757828882389247838e-01
-1.154493204715398846e-01
-2.498156783367848632e-01
2.476335990129641118e-01
1.087429914344202331e-01
4.673072338350312549e-01
2.217388262189858850e-01
-1.735948250033638729e-01
2.564915826459133186e-01
2.235328325112053705e-01
3.866913913197320696e-01
-3.385119050096063731e-01
3.622934830656046046e-01
2.853261184726356703e-01
-7.542559519272629132e-03
1.128019624433740375e-02
1.533208650330220024e-01
-1.452739801486089277e-01
1.462384242670662360e-01
-2.850726675759283069e-01
-4.610319227020909238e-02
-4.256231175802032141e-01
4.038481309631247740e-02
-2.276653073440000341e-01
-5.364250244822255098e-02
4.795645510276367318e-01
-2.699427282731985400e-01
-1.469406072891281667e-01
1.274726056119579454e-01
1.337972260668349733e-01
1.639377488431907892e-01
1.341374772091965539e-01
3.902173214347035568e-01
-3.473499225705429794e-01
4.445049654484911628e-01
2.449959649382691396e-01
-1.446592264681916262e-01
2.753871612699025917e-01
-1.858411353955640166e-01
2.800954905046380006e-01
3.559981994094831848e-01
-1.607615865781326647e-01
1.852593994802091970e-01
2.174907168962985082e-01
-5.794002934965725160e-02
-2.935457035880393306e-01
-1.722742637090055595e-01
-4.869220739563635547e-01
9.600939346649628447e-02
1.302932922365975799e-01
3.529832998241930753e-01
1.689741241287094908e-01
-5.701591884449097591e-02
2.050999771445782827e-01
4.359959341215180473e-02
1.657940344334187799e-01
-1.609799820172872487e-01
-3.215311559852551682e-02
-3.640697443876206307e-02
1.259379133106452997e-02
-7.287062670955712917e-02
-4.302401472249730574e-01
3.869327084181879428e-01
3.409760867721001176e-01
2.118991102170326712e-01
2.521218984902340310e-02
-4.606332355702900117e-01
-6.427360287955341533e-02
-1.126872942248784426e-01
-2.485417901302504617e-01
4.596573600389284309e-01
2.285007628585065120e-01
-3.810006071443403641e-01
2.542590361131358279e-01
4.783665742475147198e-01
1.633587481826790366e-01
-5.256880207563439100e-01
3.844861279914919550e-01
-3.496014252810120126e-02
-2.311876803308878792e-01
2.275640591286069991e-01
-3.528610706414498921e-01
1.150191130359443648e-01
1.550010746468091227e-01
5.114950187635889378e-01
2.057465731683407739e-01
1.339115460459012752e-01
-2.780817535596860068e-01
9.215812445189897062e-02
-4.543391003859342803e-01
-4.391362077353200277e-02
-2.978402016199090951e-01
8.739775513680658747e-02
-2.725968049947926630e-01
-3.077041740828114769e-01
4.759311871391327387e-01
1.131048600489936717e-02
9.954209832806704128e-03
-3.525220585610000512e-01
9.388408677321891105e-02
-5.430212759442998305e-01
-9.003157244901771605e-02
-4.428887013820155261e-01
-3.399416700940296465e-01
-5.352329477243635836e-01
8.394112463827063664e-02
2.143158352884100282e-01
3.485577586222703417e-01
1.048087639305350649e-01
4.924304719606009684e-02
-4.381866455987006859e-01
-7.739592972453923636e-02
1.904690142289009458e-01
4.285804677870919122e-01
1.716034180847261226e-01
-4.611114879321753790e-03
4.082550923209646854e-01
5.367738265485257898e-01
5.127750169017408766e-01
5.403073794103629979e-02
1.788253596190170214e-02
2.037267175727794921e-01
-9.003091244872951648e-02
1.476504236448761276e-02
-4.096108758157184226e-01
-3.962999367445538823e-01
4.897588094362248512e-03
-1.561744627659686913e-01
2.241131652391548101e-01
1.852694782102322080e-01
-6.396839196206727252e-02
-1.348906901671833580e-01
2.930619581657198935e-01
8.182226204432563321e-02
-3.367085542537413545e-01
2.048457438116377816e-01
1.571174154031549364e-01
1.472588512316663767e-01
-3.745340062547235505e-01
3.655797968723621949e-01
6.363902928446574236e-02
5.007179105330976654e-01
2.518760964930386592e-01
-2.034822266260407631e-01
3.552413508346008442e-01
1.994190057287603679e-02
-1.136175981361899900e-01
-2.581361002920186110e-01
-3.247301571732297276e-01
-2.464048251093995390e-01
-1.786326193344507374e-01
-9.717509980161498362e-02
-3.566592392828136227e-01
-1.929961084821130157e-02
2.313796590850198953e-01
4.537642410091002887e-02
4.271836647271074483e-01
2.370591126013232852e-01
2.367979350062041632e-01
1.610792165454908442e-01
3.627390154323624216e-01
3.633969501466527419e-01
2.725198902615826313e-01
-1.963087225696469318e-02
3.402630150193663994e-01
2.242728130380466922e-01
-8.155679500248069758e-02
2.568992160778549305e-03
3.091272054394984536e-01
-4.826412596317570802e-01
3.460955251169197666e-01
-1.465694905198855480e-02
-4.115747779271430318e-01
-5.168702930413493490e-01
-1.771485882454442162e-01
-3.059597935312829975e-02
-3.917644083216860196e-01
4.833464296197309551e-01
1.792341745993901725e-01
-4.010512032375714853e-01
2.334671945579636088e-01
-4.401801522475086159e-01
1.995868530769833171e-01
-2.582296980955298693e-01
2.197740011399318405e-02
3.720970039707802712e-01
2.768565971318848185e-01
-3.552843317784493138e-04
2.173702576667508879e-01
4.555268262048919325e-01
-1.825755411143443752e-01
-5.010927545299272978e-01
3.723476055286720765e-01
-3.661899771903875944e-01
9.712804159281418492e-02
4.608025354573150878e-01
2.936912237975777273e-01
5.196787262556128439e-01
1.522797182874402466e-02
1.955004337473189580e-01
-1.463391444533979069e-01
8.180336003391541766e-02
1.224248844898472299e-01
5.095146858585639649e-01
-6.390215267123089404e-02
3.448149467217120900e-02
-9.404633701075670871e-02
-2.818249761128308606e-01
-1.866433641932401244e-01
-4.698664042681137687e-01
-3.209958719103109814e-01
2.043242819846815550e-01
-2.015806468755290126e-01
5.029133382107175976e-02
4.061330025525089482e-01
1.141274107546639272e-01
7.266216467335606666e-02
-2.370536774304152772e-01
1.377190151173284249e-01
-3.170249421999047357e-01
-5.629203079140410182e-02
4.331276368108962771e-01
-3.381576582745555726e-01
4.422118859564498905e-01
1.116815092605296655e-01
4.198456001120316472e-01
2.171036716013929890e-02
-3.819008543943027689e-01
1.727741688122108599e-01
-1.675059568394168252e-01
4.454940354428913452e-01
-3.091811028903750369e-01
-2.116550444186078295e-01
-5.331184794627397139e-02
-1.069885212356425086e-01
1.105850488228954376e-01
1.165758095206985701e-01
1.367859800579829255e-01
5.021717979858770775e-01
-4.069215921955064985e-01
-3.471301100976846854e-01
-1.262347103850558483e-02
-2.270965193347054267e-01
2.388638065548747136e-01
3.035957122047534540e-01
-1.816656517436907592e-01
-3.739140805678928814e-01
-8.592024589709446047e-02
-2.082270038464830719e-01
1.889673886732072816e-01
-1.991360552156518082e-01
7.340361062184719287e-03
-1.265697822672269268e-01
-4.075339240068425184e-01
2.687706234894626789e-01
-4.581624945439166652e-02
-4.739350351920945670e-01
2.294902829907838893e-01
6.837704566481050961e-02
2.531517629644906009e-01
1.446493381753537477e-01
-6.854337867300586140e-02
-4.697105585429284247e-02
4.862419365404493377e-01
-3.106232934989137107e-01
8.195182050905724935e-02
3.259067949737382008e-01
-4.505430226725710696e-01
6.651429226240157533e-02
2.530919506044160272e-01
2.510509890892977936e-01
4.680939924646354555e-01
3.727837657143986405e-01
-3.277241679285491927e-02
1.056622510270255333e-01
4.442507001341633455e-01
9.366865965777648739e-02
-1.042207315605025997e-02
-1.690500687682572334e-01
1.064447298898105743e-01
-2.031299489900417754e-01
3.257717569764260190e-01
-1.349237741957729497e-01
-2.599088519239476369e-01
3.474662533023558098e-01
3.149304376378783132e-01
-1.295715345075096891e-01
3.925489881103105816e-01
-1.546256470143161366e-01
3.108219937488954088e-01
4.508969164152958342e-01
3.859667202567651501e-01
7.471277840978096663e-02
1.799411025555075483e-01
3.711200714005506995e-01
3.461599120403668906e-02
4.747128327197422948e-01
-1.435992290994390075e-01
-3.965488592262929046e-01
-1.222565308407563833e-01
-2.414059747498740194e-01
-4.313147754720247917e-02
5.195846244283961468e-01
-2.991513028734251733e-01
-1.180849775776771082e-01
-7.639726508718602815e-02
2.055378283078246326e-01
-6.322394994178459626e-02
2.844051100347328997e-01
-1.977955679340528405e-01
1.912395276787677290e-01
-2.545234415638031322e-01
-1.698254247423163221e-01
-1.704935970849064120e-02
-3.459305306322049134e-01
-2.372896697287041334e-01
-8.573967844349894563e-02
2.156948888421883481e-02
3.783296110086578068e-01
-8.053188251273457610e-02
-5.558178708079539732e-01
-8.165157232184849789e-02
-5.172072650951786699e-02
1.886650272151335628e-02
1.761346236600767057e-01
5.112956585811598842e-01
3.951786593439639006e-01
7.843098067359655090e-02
-1.264196866033087119e-01
2.604336795254429404e-01
2.580686431151413274e-02
4.742187811776368278e-01
-2.197295080026417935e-01
3.595941512332414547e-01
-2.864950104670782594e-01
4.285991354931217856e-01
-3.931529517461802570e-01
8.065299814349469187e-02
-3.399100055291235378e-01
-2.942192070388420788e-01
4.032665429774482391e-01
3.559342012149437906e-01
2.661511448332998242e-01
7.003168908218615485e-02
-1.013384909179526616e-01
-2.617034884035884801e-01
2.503902638795940661e-01
6.838615976696083010e-02
3.584851156594641708e-01
-1.862903048145518881e-01
2.473568884879373542e-02
-2.095055192012695855e-01
-1.743426804160144172e-01
2.539666652423786530e-01
9.403719117719866460e-03
-1.282109075150916766e-02
-1.394298501287511982e-01
4.088440902993450976e-02
2.175481954393898576e-01
3.119625832443642111e-01
4.447922725504049879e-02
1.184225388938395795e-01
2.105699648752290543e-01
-4.690779886508167351e-02
-1.879683898275619214e-02
-8.674534383106191626e-02
2.003424319863320591e-01
4.817071311360638930e-01
-5.029716978599019228e-02
-3.246717181973393096e-01
-1.889468737814761212e-01
1.160501413294667827e-02
-2.386675669386555398e-01
-5.071379411074339316e-02
-5.441351734762447379e-01
2.939542438270237312e-01
1.867579216994297298e-02
1.476973405453465560e-01
3.841138592470274560e-01
-5.240674917429535284e-01
1.925497307555135151e-01
-2.549122053366374985e-01
-1.415727260329013859e-02
3.539811856597543382e-01
2.184074401686686429e-02
-8.461926731039959293e-02
4.753510799350655347e-01
-1.887637809071787132e-01
-9.145317917839967947e-02
3.269343345971833514e-01
2.467977370009837301e-01
5.170843951115777770e-02
-3.108549773936921667e-01
3.957649674870982182e-01
2.197391560429009516e-01
1.559696391626017586e-01
-1.740123477598789492e-01
-1.755756441050522199e-01
1.290320834856473198e-02
-4.852112379459692093e-01
-3.718374256095167141e-01
1.272056946340462957e-01
1.223023385885468883e-01
-4.143136403829696945e-01
-2.566160678233986303e-01
4.433714297504476320e-01
5.069290133963342271e-01
-7.639167006335068066e-02
-7.103686255543006922e-02
3.268621939313298697e-02
2.151574525448811670e-01
-3.312943871830595910e-01
-3.210045628606730261e-01
3.756346958526464164e-01
-1.382631779386152004e-01
-4.683576068001471526e-02
-1.689253935862335965e-01
8.026442726874361000e-02
-5.463552805199602957e-01
-3.535837554795264737e-01
-5.014122214260554600e-01
1.815291716071607553e-01
3.996528035723567740e-02
2.005898037499855846e-01
-1.040404060833317601e-01
-4.140658450262062473e-01
1.344465997814925373e-02
8.486942258947216544e-02
8.016478464077714250e-03
-1.131017671594447549e-01
-2.123195666849042595e-03
-1.962945950816337159e-01
5.193302350514050758e-01
1.727671608771963463e-01
1.753694805971033333e-01
-2.971122947532460756e-01
2.175253738236726520e-02
3.623277386322554250e-01
-4.136898498740908536e-01
1.590677670116313891e-02
-4.225976803847188989e-01
-2.187770409395204396e-01
-5.438025895848053182e-02
-1.122507024777981144e-01
1.337200508038147717e-01
3.309508044956910311e-01
1.050168789027416949e-03
3.525308032810627878e-01
-2.439725818657558776e-01
2.458941120581448203e-01
1.571905474477208742e-01
-2.859334308341390241e-01
2.437918300309762643e-01
2.054775992083524017e-01
-9.419660133009077896e-02
-1.788991441938883042e-01
1.686415222726012075e-02
4.657877390308335919e-01
-5.028728134580173759e-01
5.413179055439698573e-02
3.470680858774288780e-01
2.677727172829929003e-01
1.038125296128438180e-01
-1.113545396314634672e-01
-5.129771251913153307e-01
-4.788170703286471763e-01
-1.824606202098584262e-01
4.097772260067884531e-01
3.292110808393751142e-01
-5.552109094677071255e-02
-9.880499552593136059e-02
1.057875730637514167e-01
1.834830522759576255e-01
-4.329447345106478551e-01
-2.709492787603284825e-02
1.929266263761686417e-01
-4.887812704343676984e-01
3.484265040228384791e-01
-1.572064726165027793e-01
6.226730411501879559e-02
5.698153869907685021e-03
-2.681464773506423427e-01
-4.066459888542341972e-01
3.797629444359360562e-01
-9.057150100785626989e-02
-2.115555652074183612e-01
1.310150496860451597e-01
2.547592438845702745e-01
-4.229924475898894087e-02
-1.238743809578171096e-01
-1.340783676347001574e-02
-3.211348783019882802e-01
1.392268677163821522e-01
-1.206715949567556123e-01
-4.855248918380095091e-01
-2.381172877748376493e-01
8.241840971570990604e-02
6.061376766900394841e-02
4.638292784276831782e-02
-4.278345003311896377e-01
4.890814929668243494e-01
-6.580718823799891481e-02
2.969483303953417419e-01
2.498388978189574061e-01
2.523318346145231317e-02
-6.729360475213130854e-02
-2.932197998145626983e-01
3.052960075096642356e-01
3.921621470710014989e-01
3.442068891118799101e-01
1.562329520942737915e-01
-8.556894476415344286e-02
1.606985823769182531e-01
3.144639991674749169e-01
1.727746469976487731e-02
-2.212541746900020811e-01
1.875715341089687627e-01
-2.086965880533320217e-01
-1.040151822877373178e-01
1.450771707139857369e-01
-3.594823203661299260e-01
-5.514599993441962056e-01
4.917493611225864925e-01
1.191795124337229339e-01
-1.470488789751467351e-01
3.812077085430853884e-01
-3.255064515303125461e-01
-2.576779642526956238e-01
-3.198494102444016107e-02
-1.572793968074019944e-01
2.154888607511935561e-01
1.849974011303476829e-01
2.630302531676953492e-02
1.428074336941529410e-01
-3.379445978520916327e-01
3.456894807487698174e-01
1.134161435594638334e-01
2.451629172999156836e-01
-1.975141567725788860e-01
-3.831249875916551417e-01
2.402216993120269706e-01
-3.140442064675212919e-01
-1.142349587788915599e-01
2.464978186456532327e-01
-2.851935080207592677e-01
2.820817365869459081e-01
-5.100876420415243473e-01
4.685400486988928748e-01
-4.887201013295072727e-02
-5.176271220519019778e-01
7.867101122283948200e-03
-2.590686018834986726e-01
2.742397629824369076e-01
2.625406597246913165e-01
-2.796000113604621973e-01
3.470354526223937697e-01
-3.385947716216737291e-01
3.609076308060004123e-01
-2.259045557417858063e-01
5.134023383882011515e-01
1.034593331127098281e-02
1.251714831680583728e-01
-2.958326003506206447e-01
-1.068493339891949390e-01
6.036614380968430282e-02
5.124805362944329090e-02
4.953940558676812600e-01
-2.713516794952983702e-01
5.355501459535370046e-01
-1.039928431067069781e-01
-3.713214754142200036e-01
-3.798393301656171062e-01
2.644524445642923993e-01
1.841673519117303925e-01
-6.853991588934427170e-02
3.329765742993213706e-01
-5.059304175804157921e-01
-3.643060787033931547e-01
-4.529275559943126694e-01
4.549992382051781803e-01
-8.307699929913425763e-02
-7.332856806500132052e-02
2.857258741760517751e-01
-1.852946825122190333e-01
3.545442544029615561e-01
3.108044952479458445e-01
2.204053412741853180e-01
1.002808919934761178e-02
-3.946909217218816934e-01
-1.195523395661934885e-01
-3.695380869593121176e-01
3.199832499578825207e-02
-2.972401187207296402e-02
1.036097446031449820e-01
1.493399842829434832e-01
1.040021310958216816e-02
4.086295903795944540e-01
3.292188381153398069e-01
-2.738987457627741762e-01
3.185687435868373996e-01
-8.422051338985880875e-02
1.621297093913902643e-01
2.336369637079949158e-01
1.802812200508929763e-01
6.727119531138914255e-02
-4.285680524534489777e-01
-4.146434903692597373e-02
-7.852754697860486743e-02
-1.980899099131736563e-01
2.409366264767420773e-01
3.024592741248834926e-01
-4.021474526185366827e-01
-4.008828380277540404e-01
-4.620015234645888924e-01
-3.598288200228161315e-02
-3.075258954727821958e-01
2.561246689732161741e-01
-1.222222098185472561e-01
4.202930921186105451e-01
1.245307293715081087e-01
1.035437929241664889e-01
-9.309404735466397796e-02
6.681483767742779634e-02
2.932343178993832566e-01
1.469731799689002472e-01
5.281096270427880768e-01
-2.452344660274849986e-01
-1.501456416461603993e-01
3.014024464853211072e-01
-3.282365612045765602e-01
-1.156931135710950187e-01
-1.778478759596664460e-01
-5.465358561071624877e-01
4.692109038349601136e-01
1.658849190154541020e-01
-3.713747181688296095e-01
4.512524347533570790e-01
-3.209987175736372933e-02
4.981737000582908692e-01
-4.300618545021945849e-01
7.326618488707126176e-02
4.304999945706553532e-01
2.881981434570981548e-01
4.616089328808641312e-01
2.620697904361612984e-01
3.330611413278949939e-01
3.639694054749122998e-01
-1.598545889956257682e-01
2.348805386705707932e-01
2.516954305456353680e-01
2.816229149465199200e-01
3.038412475820386760e-01
-1.395172858201636501e-01
-1.929440987315373945e-01
3.939753798419864950e-02
3.232477002123772536e-01
-1.948405237644159627e-01
-3.118051892961446470e-01
3.617149298029955773e-01
-4.036559055801909324e-01
-4.206015300733003670e-01
1.376440054969352289e-01
1.246657556342078976e-02
-3.935423341872477110e-01
1.694505583511496383e-01
4.326671538682704821e-01
-1.277143768345307961e-01
3.575199218708977611e-01
3.524203377689341110e-01
1.783220168345760470e-01
1.632707653502807332e-01
-3.254099573307556170e-01
-3.825619891134968142e-01
1.931834521479203204e-01
1.101342991480569466e-01
-3.600332603792040231e-01
-4.610513287926467640e-01
4.953487592431216058e-02
-3.632004054883548605e-01
-2.359174192872544040e-01
-4.696205006736242638e-02
-5.159039053722658252e-01
-3.427370255443422664e-01
-2.726995638148022039e-02
1.051373635198382672e-01
-3.787677460533735996e-01
-5.018236494257362068e-01
2.874262277886643346e-01
-1.107331706796355064e-02
2.909592667567286739e-01
-4.106774761917133532e-01
2.666623867612667453e-01
-2.296210922626418238e-02
-1.157435878983514854e-01
2.769947802425187788e-01
1.995352842879505317e-02
-2.471939687977906530e-01
3.850744814611335443e-01
-7.049870074126651787e-02
-2.203636232268308959e-01
6.138654734674808822e-02
9.464543821873316887e-02
-1.260709917857942841e-01
2.073201309436818462e-01
-7.253000614111115851e-02
-3.059345869961980213e-01
9.010943262140713728e-02
-1.748835463210776098e-01
-1.590338145411376303e-01
-1.518612660207434573e-01
-2.853708138866970501e-01
1.715280578160252034e-01
1.843427323388784345e-01
-3.631161909747033789e-01
-4.599244328430520667e-01
4.087158048659578213e-02
3.370444123556648464e-01
6.644491794024620646e-02
3.844401332849889386e-01
3.273283431652185271e-01
-1.582142614452584084e-01
4.129143687729586176e-01
3.781202181902063586e-01
3.221682839291650780e-01
7.492335709496167340e-02
-3.277706681601104677e-01
3.373063474795703343e-01
3.252590408238873465e-01
4.627622082485736144e-01
-4.465146843727119119e-02
9.008151093663308018e-02
5.458411142797903182e-02
3.919528361930479932e-01
-1.346845066051267636e-01
4.364006090528604886e-02
-1.873149027851628290e-02
-3.672276778844318912e-01
2.313002611648116158e-01
2.179856677183344971e-01
2.050150441351430430e-01
2.501631145100962073e-01
-3.044890695579214324e-01
4.070985395829662679e-01
-1.401496190214839288e-01
-3.142694860633419296e-01
5.381072289937538500e-01
-1.100261091487011456e-01
6.929424826078012245e-02
6.383908530256743319e-02
4.545308059203918560e-01
8.630156217615159164e-02
3.113357736179178659e-02
5.412384139950887629e-01
-4.962867983577456954e-02
4.432202834187588536e-01
-3.137622277976186425e-01
-3.146102469212346264e-01
-3.302330628657079714e-01
3.456758820977974267e-01
-8.299422360837738211e-02
-2.874996344279034943e-01
-3.308335722179833738e-02
5.017981775639803743e-01
-3.672702217016370341e-01
4.832077732413475601e-01
-1.361131599841742812e-01
3.457628481135879284e-01
1.253024233665236409e-01
-3.451427463570899690e-01
1.525159151238781874e-01
3.241647434246441861e-01
-3.064731818233878968e-01
2.955748051257689468e-01
-4.103476210559797721e-02
-1.739647302467561829e-01
-3.484349242356961085e-01
1.437231553089830527e-01
-1.892573968300226284e-01
-1.505189100514199296e-01
-2.750671567333622392e-01
1.072406631482758499e-01
-6.134683436041044047e-02
-4.020144150101669922e-01
-5.075364451262673882e-01
-2.509611362290948833e-01
3.160377826902260878e-01
2.018114176911769420e-01
-7.805721568367562924e-02
4.602454619885705256e-01
4.726735193062943097e-01
-2.239300525592113900e-01
-1.131158426973275510e-01
1.776851300813175882e-01
1.392946681557276634e-01
2.475851888420121938e-01
-2.134577550989034123e-01
-3.104256759768464491e-02
-4.394082941016534960e-01
-2.329945083651256965e-01
4.252429151901893079e-02
-4.247960567234967399e-01
2.888856270432960116e-01
-1.065787981861294753e-01
-5.133655270359227529e-01
5.517267772983096563e-01
2.134616015234751529e-01
2.472015274895165149e-01
3.258111711266078458e-01
4.153766119435733373e-01
-1.486787047664606121e-02
-2.713852086412815723e-01
-5.926090524270399840e-02
-1.234197044238003471e-01
-3.945580833134023635e-01
6.091750954776919968e-02
-1.390704132135134330e-02
1.613653477127297009e-02
5.194224532929734295e-01
1.547435379504511488e-01
-4.356468384459901699e-01
-4.403440313751696422e-01
-3.117231192748457502e-01
2.266241061213314367e-02
-2.620012605740358325e-01
9.931899462439641724e-02
7.313480326895938077e-02
4.142474240772342498e-01
2.074272234889011912e-01
-1.100732227609100278e-01
6.871854071469130076e-02
-1.195391881096083964e-01
4.014738257651302433e-01
-5.517673432082572660e-01
-1.698271017225163604e-01
5.888936119913346090e-02
4.406055046781842677e-01
-4.047814445219524160e-01
2.413695753147688805e-01
-2.398405709920723439e-01
-1.736421815857767115e-01
1.781803206345422552e-01
-4.138350755813657855e-02
-1.566190447293385191e-01
2.882621574493171579e-02
-2.264180118063503500e-01
3.621386901760210719e-01
-9.244909952837154776e-02
1.194339058398128373e-01
-6.960866687339972714e-03
-1.900874322283776507e-01
-1.393511759589580734e-01
9.119874736001065685e-04
-2.114009671250496325e-01
1.555781664960340649e-01
2.667285863669999202e-01
-3.722209678392829346e-02
3.617127056335691648e-01
-1.280790773283451145e-01
-4.328573568199391985e-01
-1.047610839804749006e-01
-2.659252111316323663e-01
4.263160540468433624e-01
-4.438506993556980973e-01
8.470190517754616621e-02
-3.710526152331636851e-01
4.489586331164296951e-02
-4.892756179847594922e-01
4.373417223145734667e-01
2.609573782785066243e-01
5.194826021801848270e-01
2.827251048714698456e-01
-5.581628520675785410e-01
-2.180212179593343791e-01
4.907867791057682894e-01
-2.527582636275473860e-01
-1.156415617026880227e-01
1.441588067702017639e-01
-2.401828396820704370e-02
2.270159113730185751e-01
7.694161763039630841e-02
-8.696445722820733693e-02
2.198508740910334325e-01
4.059521003453401278e-01
-4.759073202126922197e-01
-2.627131750514299924e-01
1.740243815260145155e-01
2.243331191132202918e-01
-4.314289876028043480e-01
3.354855219716590398e-01
2.575680038367007541e-01
1.202567607426789920e-01
-1.971816775529866561e-02
-4.951804516174718174e-03
-1.241104959304815125e-01
-6.680529235402321575e-02
-9.282092912647588179e-02
-1.735143313637479423e-01
-1.653666101529971399e-02
-2.298393032183145834e-01
2.687238760059127429e-01
4.212128966704913324e-01
1.751376512866009705e-01
4.298593975706710424e-01
2.008740811930334047e-01
-4.808185693374387171e-01
3.108690064326502522e-02
-2.393459771031025696e-01
-1.371542985091451783e-01
3.091520364806825683e-01
-4.472554507858763628e-01
1.762938890310401518e-01
-6.545153767331424177e-02
4.108752167214007045e-01
2.623004957205052889e-01
-2.167735479335464177e-01
-2.390193994395009014e-01
2.862417534523231666e-01
1.255509301395054678e-01
-2.606294788663872097e-01
-4.653929716991056509e-01
-5.178155827971266945e-01
9.655857036498183277e-03
-5.799178867107634971e-02
3.300189729748677081e-01
2.270335764867041917e-01
-3.878241434411711097e-01
1.562310916251323789e-01
-3.942483693446705573e-01
-1.825953387953305196e-01
3.073882379561476696e-01
-4.206790620838756212e-01
-1.518083124506626191e-01
4.493791697604923030e-01
2.413874399304196672e-01
3.724910345029730507e-01
-2.102758004132549985e-01
9.631614539180688439e-02
-5.057629213806258406e-02
2.586309392706267474e-01
3.418404061557920315e-01
-2.895902763211477549e-02
2.308368960091620181e-01
-1.367763249468456621e-01
-1.687636989883198879e-01
-1.306715833651859171e-01
1.372269899160478701e-01
5.737732518102145463e-02
-1.393721585966520848e-01
-1.655050040169037118e-02
-4.226472956114335489e-03
-9.600137333877079016e-02
2.841360759941125025e-01
4.394889950055524963e-02
-2.827089311608759203e-01
2.382851509633940879e-01
1.660596453030036557e-01
1.448341073503724985e-01
-4.584620336598197454e-01
-4.333202863660057247e-01
4.205262114221985925e-01
-2.818856879864792830e-01
1.763346841910866658e-01
7.165988713613646865e-02
6.791922889766066618e-02
-3.815838427430922053e-01
-3.173925180608740959e-01
-1.931935464721536988e-01
-3.938583410648277550e-02
2.598421047089072289e-02
3.217032609616934380e-01
-1.236802056729287003e-01
2.444039131599016201e-01
-1.434307292006451462e-01
3.268849380960867634e-01
4.282477819882757331e-01
-3.894893459494301879e-01
2.813726272248082694e-01
-2.840799450849189611e-01
6.181239756636180971e-02
2.302344432665464069e-01
4.273369940624416330e-01
4.383149486171422637e-01
-1.736487541703874982e-01
1.947355226717242260e-01
-4.913160707636317071e-01
-5.023093094524435642e-01
3.014684290213196505e-01
3.269667450099067452e-02
-1.969457790125108687e-01
-1.032953043970454843e-01
3.270337543822874338e-01
-1.529311682008387407e-01
6.222595163432842469e-02
-1.647460270625114021e-01
1.658350781712281119e-01
3.819453158695784722e-01
-2.037895723916696156e-01
4.604671278417029612e-01
-1.342340569792259686e-01
-4.465979483839968012e-01
-1.383299273581162225e-02
6.266642747568162974e-02
-1.933418570811422654e-01
-3.281921631487927371e-01
4.760561766892879021e-01
-1.033032169803149714e-01
-1.668576695501915452e-01
-3.902715849720879149e-01
2.013553285144844551e-01
3.922643890326398264e-01
5.878612754250056582e-02
-2.595249403123283116e-01
1.782737231672282263e-01
1.038707262070488468e-01
2.401974792212850929e-01
9.250045999084477444e-02
-1.137102575118555947e-01
3.434282818201843668e-01
-1.133017055709304444e-01
3.033773210451276015e-01
-3.545778936512888890e-01
1.240297344556884340e-01
-8.872959368056498874e-02
-2.279964132788343534e-01
8.208005565828635497e-02
-4.550459086122238261e-01
-1.821406006155292800e-01
-7.485335792810854372e-02
-2.433660452100552263e-01
4.528463156976272330e-01
2.401779723765606889e-01
3.785763097256102938e-01
-3.939838169483653729e-01
5.097764558833173254e-02
-1.229479521588681123e-01
9.986292334862145736e-02
-3.989471207498684890e-02
-1.732016674887608687e-01
-4.735831803382950511e-02
1.582302886410333898e-01
3.415527081912319574e-01
-4.877390647436277149e-01
-3.017351202286047140e-01
-4.149047244879469076e-01
-4.654562200039080722e-02
-2.162327047112535539e-01
-4.364317260691041866e-02
-1.069909105331756649e-01
1.795931616608630321e-01
5.785055322667531641e-02
-5.055915144456157861e-01
4.703024940632305473e-01
2.264527739171651177e-02
7.239026669947801196e-02
1.239009123628198594e-01
3.609488215331957406e-01
-3.015841778073031776e-01
8.914652071156048407e-02
1.208569039469775674e-02
8.302760513662210684e-02
2.485110525906062406e-01
-9.943240756156779270e-02
3.883028439665423548e-01
-5.389720560630344437e-01
5.916302817159291294e-02
5.756062763980107633e-02
-4.622648062589540530e-01
-2.201815417216703707e-01
-2.371094636231019237e-01
3.393929665129356010e-01
-5.560403108258169524e-01
-3.511293273601001630e-02
5.327175157034860220e-01
2.198401904253888262e-02
-3.393196161247420406e-01
-2.498171547770811074e-01
3.042122084309042407e-01
-3.269490402756529690e-01
4.856753549720727037e-01
2.549955040955707020e-01
-7.997345262217070427e-02
1.664744801549353781e-01
-4.260769707963216746e-01
2.546172332667726579e-01
1.169242408674620037e-02
-8.322969454218842600e-03
-1.436193104411502830e-01
4.231221258906874283e-01
-1.348264255614317619e-02
9.543860212720023384e-02
-4.324171375733101286e-01
-1.692455146404778787e-01
-2.536648545735875615e-02
-4.612728958510992072e-02
7.295869206027649767e-02
-3.017314854647992206e-01
-1.788154451232086828e-01
1.133327841587110640e-01
-4.072360899865419270e-01
-4.245245720974537562e-01
-6.554725754996404419e-02
-1.292905692637464909e-01
-5.196597219348504382e-01
-4.493040580998144407e-01
-2.072932611820128557e-01
-2.717557604780127534e-01
2.445260083883216140e-02
-8.499121767832740204e-02
3.976806227583118414e-02
-3.783564841338824536e-01
2.446765697165371733e-01
3.658345014853932042e-01
-1.094186624115645046e-01
5.607736714343722895e-01
1.961497566022281092e-01
7.411052607863233277e-02
9.720127697055147564e-02
-4.180950027511087796e-01
1.096035771503274248e-01
-3.125782263222740553e-01
-1.775941261232283352e-02
-1.145319699349371945e-01
2.917861450617076358e-01
2.869699327047392501e-02
-3.471578293181067920e-01
-2.321524054921022540e-01
-8.073688589751881750e-03
-2.181230979308876883e-01
-3.837978312926511038e-01
4.949555218226375786e-01
2.220032552655304414e-02
-1.030526731310441590e-01
-2.657152947760810235e-02
7.729670195877424987e-02
3.986990698839498748e-02
7.040330195244415279e-02
-1.214998698308544789e-01
-1.525386422219980886e-01
-3.573095922035935956e-01
3.572528670081895896e-01
2.445424038704491210e-02
2.162664360274888509e-01
-1.760322509664238311e-01
2.146711810939541110e-01
4.427709519628217905e-01
1.005584111571096173e-01
1.388313246606696083e-01
-2.586519704136156506e-01
1.290983365963471741e-01
3.026234666967031472e-02
1.055036147470413965e-01
-3.372401893178933463e-01
1.604270608352109662e-03
2.381064798197449761e-01
1.356949644420364365e-01
3.713957942821766167e-01
-1.590000336634647127e-01
3.161770675279651499e-02
4.472094072412602372e-02
2.124109416693222840e-01
-4.148120520650131482e-01
1.085827550815050557e-01
2.836799305095638601e-01
-1.523249223297069577e-01
-3.070053937496712848e-01
1.506646838859708737e-01
1.327832698583808479e-02
-1.122984201634977808e-01
-2.412041162752895929e-01
1.007560835765648477e-01
-7.461607787622082100e-02
-5.304626567373800228e-01
-7.925037282184277387e-02
1.185261174194796041e-01
4.898589102433952291e-01
2.046929353417823449e-01
-4.210644033286081722e-01
3.753287032765442177e-01
-3.444795744376136781e-01
2.795762141148019353e-01
2.380436325364074790e-01
1.747011785003316220e-02
4.219107503252956803e-01
2.108732673607534025e-01
-2.425869914221436829e-01
-3.925808293351265021e-01
3.056132202531927078e-01
1.686001096668698906e-01
2.814467615346849527e-02
-4.840210563513194231e-01
-6.273480573173273456e-02
3.550737191585824348e-01
-5.579315954594132876e-02
-3.851745523529306325e-01
1.924900369071655959e-01
-1.150143855525049830e-01
-9.244773001308193017e-02
-3.137606335526763601e-01
2.142535446417968004e-01
-1.997174555960015141e-01
-2.246069992365766765e-01
-1.909550902617880297e-01
-5.085619854389502592e-01
4.732606839357336170e-01
-1.557291971329721747e-02
-3.008574513169506304e-01
1.103751655073272886e-01
-5.149228299452515145e-01
1.007408498279138698e-01
-1.405163632132886420e-01
8.974247664522039258e-03
3.029932675986390933e-02
-1.881608018284666173e-01
-1.544320114937978161e-01
-2.112304229270520750e-01
2.174254560298578554e-01
-2.816714638602224596e-01
-6.206038137774605445e-02
4.875533574326018638e-01
-2.850271978898950564e-01
-5.688546223929424883e-02
-1.151332027846008188e-01
4.308622146783882556e-01
-4.186370097202880558e-01
1.503976294895661425e-01
4.470994401498673554e-01
1.771665481557960220e-01
-1.697126058727169706e-01
3.095608468009825032e-01
2.310720577451217395e-01
-2.811862552888397815e-01
4.675769670793981092e-01
-5.091715002436725257e-01
-3.049070029618388133e-01
4.000032495970717861e-02
-2.451612880787887860e-01
1.995665999885130049e-01
-1.905557852356611903e-01
1.852187468312376240e-01
2.394739814102084807e-01
-4.512131849173499631e-01
-8.793022689329443864e-02
-2.598681238081823608e-02
1.118720995820376984e-01
-1.801669542418080638e-01
2.877866384382414822e-01
1.517656608140116603e-01
2.695484305687667614e-02
-3.605769582649331895e-01
3.885803426474829791e-01
-7.915303365741976904e-02
-3.995684879676231205e-01
1.170160072463302114e-01
-2.822228481963140467e-02
-1.236827106069942062e-01
-3.340019678476631171e-01
-3.644747148815232762e-01
1.220634809686984568e-01
-4.126950439907073331e-02
4.766374001193049992e-01
3.164595131224832159e-01
-2.098127639597073824e-01
4.023812371436319424e-01
-4.930938929991199871e-01
3.851416833046892307e-01
-2.962511096200977079e-01
-5.083224699269237590e-01
-5.323426258359198471e-02
3.973633099545637037e-02
8.779929861126589685e-02
-6.855423084706657733e-03
-3.618470264992197372e-01
-4.003825017332838243e-01
-1.960230954692976368e-01
1.905927071896549307e-01
3.393904439944783746e-02
2.757149705801289485e-01
-2.024380832120318274e-01
3.725147221692548527e-01
-1.554360433273069830e-01
8.189874310656541923e-03
1.182532297984906222e-02
1.682195182275556533e-01
3.962185414356413915e-01
-3.243512494514195765e-01
1.342236969550398840e-01
4.179501558263520877e-02
-5.030834040236573657e-01
-2.942649234501164557e-01
-3.631969545618520812e-01
4.265218976669329365e-01
4.109316528657993572e-01
-4.602670760911884429e-01
3.377832839884575833e-01
-1.073685604414063022e-01
-1.313214247170861881e-01
2.151981414133459225e-01
-4.294080787634158014e-03
-1.543030513151952832e-01
2.869267362932887977e-01
3.123236611799216078e-01
3.859154568172318278e-01
5.207428536858396129e-01
-1.783789584704997822e-02
4.553194767533437215e-01
3.243431554590152643e-01
-1.972630133946227105e-01
3.508424755994132838e-01
1.440356467523375983e-01
2.547799693798324938e-02
-3.330187566584914549e-01
4.585903914824083216e-01
5.242480478395785681e-01
-4.314600744793395393e-02
-4.971010957056058999e-01
-1.746242734057288359e-01
4.235867584225996296e-01
3.888674584992433125e-01
4.806089972753992967e-01
1.568679515980688777e-01
-1.049865843577837410e-01
-1.338788146693410397e-01
-2.223991656122210614e-01
-3.014150053165431942e-01
-2.451435936806136695e-01
3.534823478404920394e-01
5.074150056017323607e-02
-3.008887227661247721e-01
-4.291608363385561731e-01
1.030814898694911719e-01
-2.276727882906532940e-01
4.758932207078867549e-01
2.799460056767149041e-01
3.504113885971857911e-01
-2.411982936123360233e-01
-1.314061035899118934e-01
1.777117048961409651e-01
-2.305957638175595292e-01
-2.776944887453129951e-01
8.210035258878534137e-02
-4.151904657337448512e-01
-2.641403542229694423e-01
1.168247384330971528e-01
-1.872274649786422884e-01
-9.187162831690454112e-02
-3.363346559340261166e-01
4.102577848448021314e-01
-2.667377796456582573e-01
1.565539172427037329e-01
-4.025912944447238573e-01
-2.028739598122424326e-01
-1.870930958689243084e-01
2.719263733547734319e-01
-2.666015467027893493e-01
-3.830454287554374559e-01
-1.693953622745141274e-01
1.386223826123966774e-02
2.992935177945188485e-02
-3.067832966896322233e-01
-2.613942327488718576e-01
-2.470924151194040519e-01
8.975064823049727636e-02
3.294414631067343890e-01
-9.621851931050606765e-02
1.845624451649729991e-02
2.467914977694585232e-01
-4.650435314813163856e-01
1.601295439371881457e-01
7.148280720804667254e-02
1.586192372084216373e-01
-3.569391623867765873e-01
-4.158494698571111314e-01
-1.247250196631757291e-01
-4.355286640670374965e-01
-1.918010784743886532e-01
2.506234411038068544e-01
-4.505252816114060366e-01
4.709055762271860957e-01
-3.150558805426673104e-02
4.334210605719288623e-01
-1.889384698826379605e-01
-9.053604079390709103e-03
-4.245682777804082875e-01
7.955732565150608337e-02
4.176228341628229757e-01
-2.905449402098021494e-01
4.359993151266383649e-01
-2.585220429508812146e-01
-2.742392813125347217e-01
-1.938248312739556667e-01
4.802900407935508653e-01
-3.895629792771631017e-01
1.318745483807983732e-01
1.943293231994456249e-01
-5.159931447065702059e-02
3.758756309005999441e-01
3.713778537627074883e-01
3.634064229014102310e-01
5.504928120676577663e-02
1.907714208966746483e-01
-3.929037472921130814e-01
-4.022336680291820343e-01
2.315325756681367864e-01
-3.312037534758047741e-01
-4.255367486392289678e-01
3.158322264379620492e-01
-2.078820908505312204e-01
-5.438955691112568047e-02
2.312072063768475516e-01
-1.667861751787498292e-01
4.209803381041323789e-01
5.276490386977528146e-03
-5.281167939085626983e-01
2.000959237156791914e-01
9.650388027174550132e-03
-3.066355766103958658e-01
1.531177512983825650e-01
-1.761647749770576254e-01
-3.007401420032485007e-01
-2.255167189033082664e-01
-2.769050017568179811e-01
4.953831171538700673e-01
1.508585623341414106e-01
-4.379661679451274381e-01
2.667384055272314924e-01
-4.346664989136730384e-01
-2.674688078622686760e-01
-5.499302968341321929e-01
-1.873252750625349350e-01
-1.409583876677258374e-01
-1.443909876754458921e-01
6.805436993651792221e-02
1.925665197555757047e-01
-4.107647614623628485e-01
-1.743990274536297846e-01
-5.081544962306496771e-01
3.266373842736394195e-01
-4.342308993888988056e-01
1.476910140508440605e-01
-1.450412982843740650e-02
-2.148456496734088006e-01
6.676111326834899273e-02
3.290521309996030652e-01
-5.665119598777224041e-02
8.093959661078287127e-02
1.376083736826148041e-01
-2.720095525364225608e-01
4.253791182060595588e-03
3.249238225125106183e-01
2.236605441678793937e-01
3.712267226019907440e-01
-2.501004605158261285e-01
3.734899444798429613e-01
9.071584119372033683e-02
9.619246683422311150e-02
3.251717766116417607e-01
-1.326546804685957426e-01
3.574709833644442725e-01
5.210450691926569178e-01
3.871864794797730269e-01
-2.860870295392032858e-01
3.250791177854450709e-01
2.762927268823869298e-01
-7.665518886933053722e-02
1.339765155333019209e-01
-4.068148694578610503e-03
2.888987887056515547e-02
-2.061714276129631429e-01
3.568914858475498164e-01
-2.941833779610725230e-02
4.371940397313878179e-02
-1.332724770721602781e-01
3.706439238406575853e-01
-3.938147794959236947e-01
-1.636722209294907415e-01
-9.008259233826443335e-02
-3.175120927632617551e-01
-2.277097221172228458e-01
1.938307460362391765e-01
4.974719013604129714e-01
3.858859969019556857e-01
3.533504241552032354e-01
-6.173564782786744587e-02
7.918372248580407557e-02
-2.586868762016170109e-01
-1.518454283725700904e-01
2.276979857573628863e-01
1.041345086089453531e-01
3.138864743106406507e-02
-1.801286267470816327e-01
-1.891648351119297189e-01
4.924931356244268699e-01
3.972182956074465920e-02
-3.380276309764917997e-01
1.358184697831301690e-01
-1.603080510993573071e-01
2.149755052957589285e-01
-2.151351287378808763e-01
-1.758742381386388942e-01
-3.509296818109133298e-01
