6.789000000000000000e+03
4.881000000000000000e+03
5.430000000000000000e+02
5.180000000000000000e+03
2.524000000000000000e+03
1.543000000000000000e+03
4.039000000000000000e+03
1.026000000000000000e+03
8.210000000000000000e+02
4.400000000000000000e+02
1.869000000000000000e+03
2.318000000000000000e+03
2.367000000000000000e+03
4.940000000000000000e+02
3.916000000000000000e+03
3.822000000000000000e+03
2.411000000000000000e+03
7.630000000000000000e+02
2.355000000000000000e+03
2.143000000000000000e+03
5.970000000000000000e+02
8.360000000000000000e+02
3.310000000000000000e+02
8.620000000000000000e+02
1.319000000000000000e+03
9.266000000000000000e+03
1.515000000000000000e+03
1.408000000000000000e+03
7.030000000000000000e+02
9.201000000000000000e+03
1.957000000000000000e+03
9.062000000000000000e+03
2.129000000000000000e+03
1.040200000000000000e+04
8.915000000000000000e+03
9.323000000000000000e+03
1.464000000000000000e+03
2.100000000000000000e+02
9.369000000000000000e+03
1.005100000000000000e+04
7.195000000000000000e+03
9.697000000000000000e+03
9.755000000000000000e+03
9.606000000000000000e+03
9.050000000000000000e+02
9.970000000000000000e+02
9.274000000000000000e+03
9.453000000000000000e+03
7.858000000000000000e+03
1.594000000000000000e+03
9.441000000000000000e+03
5.590000000000000000e+02
9.410000000000000000e+03
1.352000000000000000e+03
2.988000000000000000e+03
3.830000000000000000e+03
2.424000000000000000e+03
5.880000000000000000e+02
8.722000000000000000e+03
9.257000000000000000e+03
1.336000000000000000e+03
3.099000000000000000e+03
2.035000000000000000e+03
1.945000000000000000e+03
9.371000000000000000e+03
1.948000000000000000e+03
4.021000000000000000e+03
9.214000000000000000e+03
9.181000000000000000e+03
6.610000000000000000e+02
2.159000000000000000e+03
4.300000000000000000e+01
1.005000000000000000e+04
7.657000000000000000e+03
7.970000000000000000e+02
3.667000000000000000e+03
5.222000000000000000e+03
9.716000000000000000e+03
1.331000000000000000e+03
1.060000000000000000e+03
9.536000000000000000e+03
9.921000000000000000e+03
6.649000000000000000e+03
9.409000000000000000e+03
1.507000000000000000e+03
4.375000000000000000e+03
9.281000000000000000e+03
5.360000000000000000e+02
1.895000000000000000e+03
9.313000000000000000e+03
4.471000000000000000e+03
9.621000000000000000e+03
1.781000000000000000e+03
7.569000000000000000e+03
1.769000000000000000e+03
6.140000000000000000e+02
7.987000000000000000e+03
9.335000000000000000e+03
2.237000000000000000e+03
1.879000000000000000e+03
