6.789000000000000000e+03
4.881000000000000000e+03
5.430000000000000000e+02
5.180000000000000000e+03
2.524000000000000000e+03
1.543000000000000000e+03
4.039000000000000000e+03
1.026000000000000000e+03
8.210000000000000000e+02
4.400000000000000000e+02
1.869000000000000000e+03
2.318000000000000000e+03
2.367000000000000000e+03
4.940000000000000000e+02
3.916000000000000000e+03
3.822000000000000000e+03
2.312000000000000000e+03
1.829000000000000000e+03
4.567000000000000000e+03
4.060000000000000000e+02
5.970000000000000000e+02
9.387000000000000000e+03
1.313000000000000000e+03
1.532000000000000000e+03
2.753000000000000000e+03
9.119000000000000000e+03
9.384000000000000000e+03
1.820000000000000000e+03
3.979000000000000000e+03
9.349000000000000000e+03
1.461000000000000000e+03
3.568000000000000000e+03
4.322000000000000000e+03
9.044000000000000000e+03
2.986000000000000000e+03
3.578000000000000000e+03
1.246000000000000000e+03
2.888000000000000000e+03
1.466000000000000000e+03
2.124000000000000000e+03
9.876000000000000000e+03
1.406000000000000000e+03
4.378000000000000000e+03
9.602000000000000000e+03
2.945000000000000000e+03
9.470000000000000000e+02
9.386000000000000000e+03
1.060000000000000000e+03
1.559000000000000000e+03
1.782000000000000000e+03
2.125000000000000000e+03
9.746000000000000000e+03
9.250000000000000000e+02
1.644000000000000000e+03
9.248000000000000000e+03
1.347000000000000000e+03
7.072000000000000000e+03
2.503000000000000000e+03
4.730000000000000000e+02
3.187000000000000000e+03
3.461000000000000000e+03
1.664000000000000000e+03
9.676000000000000000e+03
9.056000000000000000e+03
1.268000000000000000e+03
8.520000000000000000e+02
1.515000000000000000e+03
9.333000000000000000e+03
9.432000000000000000e+03
9.052000000000000000e+03
1.951000000000000000e+03
5.270000000000000000e+02
9.471000000000000000e+03
1.568000000000000000e+03
1.702000000000000000e+03
2.600000000000000000e+02
9.692000000000000000e+03
9.720000000000000000e+03
2.568000000000000000e+03
3.137000000000000000e+03
1.739000000000000000e+03
1.012000000000000000e+03
7.365000000000000000e+03
7.110000000000000000e+02
1.074000000000000000e+03
9.859000000000000000e+03
6.470000000000000000e+02
9.420000000000000000e+03
9.290000000000000000e+02
1.188000000000000000e+03
9.488000000000000000e+03
7.580000000000000000e+02
9.510000000000000000e+02
3.197000000000000000e+03
1.920000000000000000e+03
5.150000000000000000e+02
3.695000000000000000e+03
1.700000000000000000e+03
9.177000000000000000e+03
7.748000000000000000e+03
