3.683369109671712494e-01
-9.892010390336203329e-02
3.458938685882984032e-01
4.600660630988429034e-02
2.184871015021219165e-01
7.229390057679250248e-01
-7.461742871547434319e-01
-2.976151744410424627e-01
-2.903401757265928751e-01
1.344363551284510905e-01
3.891418115203970629e-01
-2.064249596383582741e-02
-3.304415728747436276e-01
-4.061716784073770015e-01
3.555056265510678770e-01
-5.406458002408855990e-01
7.876925469568973881e-02
8.205445889813658411e-01
2.430654041646418406e-01
5.716879170970869950e-01
-3.492833941338684411e-01
7.955852951622635061e-01
9.896681316243771676e-03
2.267826760385203144e-01
-2.974183708138973259e-01
-2.568303078348499469e-02
-4.741287124569213418e-01
3.133990698030615363e-01
4.314165708476522809e-01
5.025070689275352720e-01
2.976519339525776076e-01
4.712688004711580447e-01
2.913058193071096369e-01
5.299587261680205330e-02
-4.755436968087849436e-01
-1.251534204990658594e-01
4.245733162251568160e-01
-6.881228780978609905e-02
-5.960706284427477186e-01
-1.031484084628901954e-01
-3.763301095387809880e-01
3.373747943935034854e-01
3.256468675132495605e-02
8.296427987353425237e-01
5.607519437915442495e-02
2.385205940447443496e-01
-2.242783341266374464e-03
-1.251039482735647468e-01
6.811731532912013165e-02
-5.262189711990199470e-01
-4.040943649195938292e-01
1.151417077204905937e-01
-3.365024087819268317e-02
-4.454685851519970541e-01
-3.297087279416768268e-01
-5.578987352180320158e-01
6.296501671992595917e-01
5.960418704799739231e-01
-8.041298641565752803e-02
5.803098931809467231e-01
1.218289007566797366e-01
-7.879430325906442434e-01
7.434248831716097072e-01
-6.820864527461258930e-01
-1.377994880148056822e-01
7.252152231677664318e-01
-2.797939743039856708e-01
7.749603361039323346e-01
-4.175540829358670436e-01
-1.055629493173739775e-01
6.798364307544666474e-01
-1.782731935730073047e-01
3.557650445022293439e-01
1.745162137509357336e-01
-3.887787273237934826e-01
3.407891624240821926e-02
-4.630356436604996517e-01
1.118975573726821438e-02
5.295473867334168361e-01
8.034377658149827184e-01
3.511901871432376865e-01
5.426780960556554234e-01
4.507306564150468375e-01
2.390380905347564422e-01
5.038928838745206917e-01
-7.849064213972694048e-01
7.408624855112488916e-01
-4.100312661110692147e-01
-2.143156165204116448e-01
5.204768252759723879e-01
-6.926588134351483461e-01
-5.461886836068172713e-01
3.503687286129117950e-01
-6.378384239630907615e-02
-4.290060778087987359e-01
3.606634275093956177e-01
-4.253195491172361287e-01
-7.857985983433835031e-01
-2.347587386404512699e-01
-5.392637486661531199e-01
-5.096385696367056184e-01
-4.748819403631232561e-01
-2.859674211758616025e-01
2.064529422795402525e-02
-6.317954602577211531e-01
-4.678771575152316231e-01
-2.582544390630028275e-01
1.305062683363376053e-01
1.286159685829915134e-01
-1.818272386219046410e-01
2.465457506151746969e-01
3.468766309267241610e-01
-2.896508359248759490e-01
-1.687709401734425185e-01
-2.134013058688921660e-02
-5.041984744063530144e-01
1.596023386313074610e-01
2.443635991989001610e-01
8.853151108769630184e-02
1.452697728289731316e-02
-4.631529703593253444e-01
-2.731066969985516124e-01
9.945076200128966093e-03
2.521661527791838608e-01
-5.661613170088752867e-01
7.431547783168124255e-02
2.897663655212365796e-01
-4.487497391187575957e-01
-4.694092833393845865e-01
1.679800215454827494e-01
-1.821894247862534399e-01
1.665306825022732085e-01
4.345428133764963619e-01
-5.085327154205030453e-01
6.902720979266518952e-02
6.261120571800464774e-01
-3.040699057745221978e-01
7.020900459095003043e-02
-3.955987915056171644e-01
6.466670697922305422e-01
6.084383583972226006e-01
-5.754065045940057743e-01
2.748552326181634697e-01
5.141860547594419018e-01
1.635527587353369228e-01
-5.709457257563874677e-01
-1.843069939602095531e-01
-3.808690300882950908e-01
-4.887296059509100843e-01
-1.017786569381460282e-01
-5.398929693717740008e-01
-6.473222425079869780e-01
5.344335427082480550e-02
1.416215439754919814e-01
-1.118227923382892897e-01
-1.893572797818219300e-01
-2.777813699750852905e-01
-4.189223051583335078e-01
-1.687019641905767031e-01
3.596094222481047709e-01
-1.847024357236284331e-01
8.229990738634418435e-01
-3.556129474544302838e-01
3.946868622177301944e-01
-5.054597165713303752e-02
5.569310677223651140e-01
-7.218699684368088398e-01
6.738018578799609415e-01
-2.858706015764980179e-01
5.484778951508779699e-01
-1.329019191877218731e-01
-3.970282509932516746e-01
-7.294492020807776811e-01
-6.472468365744452612e-01
7.889318040426864798e-01
7.542456500463776692e-01
-7.417524892964166838e-02
1.173268310778539103e-01
8.625026064976992757e-02
5.202975343479030457e-01
-8.495450829937745141e-03
-1.800302409207965582e-02
-2.702984172161748688e-02
-5.729414425337733263e-01
-1.666124144492275860e-01
-1.882206667125361221e-01
-3.426604062994815791e-01
-2.338224628209895073e-01
-5.784051513085435303e-01
4.178103631697744902e-01
-3.393106776729588603e-01
-8.569250024961405643e-02
-1.626327817736790138e-01
-3.565461153460400823e-01
4.987244951977984897e-01
2.573596734182217460e-01
6.059058281311919814e-01
3.902444334074983701e-01
-9.066511703276969314e-02
7.803748914024666306e-02
-1.303972699584079464e-01
3.163971149073780964e-01
4.479196357113570670e-01
4.072456200847600627e-01
2.396647760994232712e-01
9.321501944115606619e-02
-6.440962437464001766e-01
-4.032957179221998700e-01
-4.251873420779697099e-01
-5.199382905900051810e-03
-7.880153315813434034e-01
3.263724023888769921e-02
2.580780298513598581e-01
3.482898165675951674e-02
5.441846244524910503e-01
6.481611178882795699e-01
3.590282841247640633e-01
-3.949414342779480336e-01
6.328052396176531147e-02
2.408782454844882182e-02
9.395957984143166186e-02
-2.960910055816690090e-02
-7.662285959476911046e-01
5.254734930555464700e-01
-1.629876882687648632e-01
-5.974627582213472010e-01
5.481298655089172911e-02
-4.636744874189435706e-02
2.454212335051408900e-01
1.260784137613333300e-01
7.419371375351726527e-01
-2.122592941579117820e-01
-1.147316988911581959e-01
-4.031587068219817382e-01
-5.962829112421594857e-01
-3.471861699571174853e-01
4.706429110092615886e-01
-5.028110754894958845e-01
-5.107832588061267387e-02
-6.952629990955845329e-01
-8.746009474846694332e-02
5.351754008682574337e-01
7.931825117996709196e-01
7.672779822031117192e-02
3.928455706158029415e-01
2.091608529217747758e-01
6.230185016023623845e-01
-5.369256517448484090e-02
-2.104144392451150480e-01
3.838226372034192480e-02
7.972577417172743708e-02
-8.320558891451579342e-02
6.387906439832118366e-01
3.950652323474876937e-01
4.231103523094690289e-01
4.768573706426266767e-01
-1.112009903578101699e-01
7.211639589137321948e-01
-2.462193663285887624e-01
-7.324129433371329156e-02
-1.813987059478261443e-01
1.384412863312807218e-01
-6.243925447018323638e-01
5.347239380353112637e-01
-7.296679712126685757e-02
-4.263495451632692834e-02
-2.678526005096975027e-01
-1.335895794745542986e-01
3.608787923400234021e-01
6.309273142275237944e-01
-4.875728516874087148e-01
7.077301240039286512e-01
2.157362175496579937e-02
2.709274378547332773e-01
6.762072704670529788e-02
-4.029578582062995906e-01
-1.566495017796629696e-01
2.302666123399035314e-01
-3.403652862172004134e-01
-4.896418354012626040e-01
-6.277537210227093212e-01
7.391007418413604313e-01
2.622746487240146251e-02
2.366454767762355971e-01
3.552281737792819527e-01
-5.203403267765880358e-01
-2.049410123308534892e-01
5.322731158528979378e-01
7.309030610828948227e-01
1.989432117209961604e-01
-1.370505049317038981e-01
4.517193241180343932e-01
2.625860149758754147e-01
-2.559684561270136882e-01
1.988593828874787306e-01
-1.849864828229250691e-01
-2.225600880952525173e-01
2.480229856320654847e-01
-1.267931652856608693e-01
-8.158061362677715422e-01
-4.712730189161389305e-01
3.911039929772250900e-01
-1.616496870497741156e-02
4.614551361891585657e-01
7.833914187015178499e-02
-6.098681528460092593e-01
1.455783870361759824e-01
-6.692602500815825195e-01
-7.387865493806939909e-01
5.420771519690203988e-01
-2.578352909405605686e-01
-3.380346752936365107e-01
-3.360776180482059061e-01
-1.064749679058882847e-01
6.279324549378024756e-01
3.402056076230088877e-01
-5.930351722124180824e-01
-4.833918023987386903e-01
-5.122082617948109373e-03
-8.463982520131807519e-03
-6.498890861525987717e-01
-8.678702998289100634e-02
5.324276032630326227e-02
5.874375453277300707e-01
-2.145207213137085844e-01
3.171185520723458495e-01
-7.368633432276361361e-02
-6.313770962111728835e-01
3.429252119074766014e-01
1.296659749996686983e-01
-1.608992549794345805e-01
-1.054328530314148082e-01
1.020321785321085528e-01
-2.340588933536862370e-01
6.399493840903867081e-01
6.335837465204372521e-01
4.181373614294559005e-01
-2.243845166032274463e-01
3.895362409377955970e-02
4.515059384216382199e-01
4.107064006464069550e-01
-1.887191299211634643e-01
-5.767300359148936906e-01
2.980807187294267635e-01
6.035620304921183177e-01
3.555171050457417437e-02
-4.493741038928575904e-01
-6.244856707100634452e-01
6.095478591592211615e-01
-7.594415944091554849e-01
4.625812354168745699e-01
5.277121004652034486e-01
4.053802443712584136e-01
-6.472666742252473071e-01
-1.892919121633855895e-01
-5.682839292609092041e-01
3.479696523118613882e-01
-4.804996088079693806e-02
-3.238511898434595082e-01
2.525239102749354814e-01
-3.044767407386954616e-01
-4.754344840994573218e-02
2.801616822441532761e-01
5.266832766761755380e-01
5.354326319789866062e-01
-4.805257114949981201e-01
-3.745282989530664963e-01
6.127486795480425741e-01
-3.724047804866446043e-01
1.101953290052382073e-02
5.920350364147246580e-01
-9.363131107032707234e-02
5.136772459713156991e-01
5.312063544772964718e-01
6.706139159996773458e-01
2.359382408143826382e-01
7.913862532960891372e-01
-4.753185001964856937e-01
3.782347233998919478e-01
3.424153690394806659e-01
-9.780653313851939146e-02
-2.882951499378849647e-01
3.843928817256916375e-01
5.928873408087298458e-02
5.394217870414221849e-01
6.350328365743687087e-01
6.725634519966234848e-01
2.072155166637923429e-02
1.069190431164166455e-01
-1.114654768477087998e-01
3.716467685139779320e-02
-3.057625677802189301e-02
-2.755191725940049352e-01
6.082396965859393489e-01
-2.400138438067198621e-01
4.245904098774646585e-01
3.438672929707333736e-01
-3.369363284629489641e-02
-4.885531106054479267e-01
4.239658487650501684e-01
-1.962435293377824408e-01
5.267448742953506624e-01
3.909596622193873827e-01
-2.432726979934809464e-01
8.267972335842443954e-02
-7.540945768938733806e-02
4.747462449418833330e-01
-1.794714682209992418e-01
1.600112302731044878e-01
-3.673887320949145163e-01
-4.094090565897694489e-01
-4.946891428808610769e-01
-2.570845403126975626e-01
4.366514616345824606e-01
-1.618381585307027137e-03
5.253156297837513478e-02
3.246069457225129185e-01
-5.023920296073960401e-01
-4.892310497344620757e-02
3.811226565967178459e-01
-2.533196152071592877e-02
3.279595542307767175e-02
3.732163954800480354e-01
-5.574642356161936263e-01
-1.132359114028593794e-01
4.388004647571497330e-01
2.042444665671521165e-01
-1.563969589918663416e-01
-3.640667648611737306e-01
-2.323305722534367845e-01
-7.155412562301082247e-01
-4.953532633210873115e-01
-1.188376275654530190e-01
-2.592341310211407901e-01
-3.019820280287479619e-01
3.648293052909092893e-01
3.073536117408606216e-01
2.896691214364119915e-01
-1.489195872489013084e-02
1.590605604236579040e-01
-4.343440651982186651e-01
2.935856603251352226e-02
2.862557966588923364e-01
3.048569890815802097e-01
2.396315981301446740e-01
2.814946647187177575e-01
6.949834271199994973e-01
-4.897076849429620182e-01
-3.635217363805303137e-01
9.839268729403904956e-02
-1.996420796550149035e-01
-4.045745629087864614e-01
-5.234904177436376926e-01
1.359091731602450892e-01
6.808722017497492729e-01
2.596911586746273315e-01
7.442691061126485152e-01
-2.963838070083033571e-01
7.280301635552843820e-01
5.868308469317620180e-01
-5.084678327244738227e-01
1.129833877264534436e-01
-3.500890602688961906e-01
-7.696716735302597812e-01
-2.545284405670287242e-01
6.049743648328718137e-01
-2.140458738513313364e-01
-8.116144396373270453e-01
3.777022667256737520e-01
-2.327083308505821790e-01
4.648651132730998725e-01
-2.040477867615617669e-01
4.826591424024027077e-01
6.208083284310372818e-01
-2.493141771084568248e-01
-6.798845422802743954e-01
5.612116840023295694e-01
3.099794908252135883e-01
3.489482301383048934e-01
1.156168823365453235e-01
1.176691685064934489e-01
-3.900973244194441136e-01
5.100877732229118777e-01
7.599753801435511491e-01
7.067775786364851598e-01
-1.701375846107691103e-01
-3.707394704785036410e-01
-4.597244916266411963e-01
-1.425588340941166265e-01
5.289567402133421581e-01
6.692059460220605160e-01
3.423545229136841783e-01
6.491667793767934569e-01
4.361460075953580429e-01
7.300951462863558561e-02
-3.003410068397203148e-01
-5.850617169892133873e-01
4.607630143972309966e-01
-2.623519589594893731e-01
-6.069441668208739316e-01
1.267619553670886745e-01
2.560418476075456695e-01
1.621434220955455530e-01
-6.327436227815939063e-01
2.444707614221748315e-01
-1.379485076819104705e-01
-7.008409582597021625e-01
7.058283852219560117e-02
4.623235865258017441e-01
7.719301842155354976e-01
6.982924667895131776e-01
1.553237823783950589e-01
2.670991248450906852e-01
6.255911834653726800e-01
-2.267309487611663954e-01
-6.760085223910730079e-01
6.084660112055439996e-01
4.216791701603099796e-01
-6.996630829818801800e-01
-5.352631849825684185e-02
-1.016909990462897539e-01
1.838845788202032594e-01
7.713664495079708416e-01
-7.797855788079610662e-01
-5.200625275734340747e-01
-2.657391971399221120e-01
-6.542605584219272075e-01
-4.374857384188910459e-01
2.322564455966693586e-01
-7.065865649070941501e-01
1.927811032376967049e-01
-2.760588207408121164e-01
3.701911915010311915e-01
-3.785001722813552405e-01
-6.424902203463034311e-03
-3.458821180578910415e-01
2.161512394149980310e-01
-2.756303543676184020e-01
-7.394601141571985892e-01
-2.019776344364903053e-01
-2.775558038270116157e-01
2.210646398284463743e-01
6.472456607099941195e-01
-5.323562968761583747e-01
-3.027568825108657435e-01
2.540141363508405803e-01
-4.938745660725976094e-01
-7.956776576089374942e-02
-2.377330037851814737e-01
4.034043370298974196e-01
-4.780696666133321671e-01
-4.590866157959938576e-01
7.702049290916566093e-01
-5.467548552822414365e-01
7.348779601031125708e-01
4.953489148631282646e-01
3.369069591773774519e-01
-2.634676786836571694e-01
2.331480574897435432e-01
4.617671296146754756e-01
-3.432624918063744701e-01
-6.594715106352833089e-02
-2.471528302001795296e-01
7.171789322338151251e-01
-1.073466900479083108e-01
1.621328654582114837e-01
1.699428204462494207e-01
-7.532039249213093868e-01
-6.852840374478441632e-01
1.371745457843820404e-01
-2.152939538046974022e-01
-3.129268702196412733e-01
-1.270020476048792091e-01
-2.730744710918084905e-01
1.215455967556122729e-01
-4.681762967232341310e-01
1.666024496288764922e-01
-1.048158977876036957e-01
5.665737262343206737e-02
6.882094384251615793e-01
-2.831342076095317850e-01
4.001870551087005623e-01
-7.650319389541460069e-01
-5.222117051315784408e-01
4.486035315971115267e-02
-5.311570127854317036e-01
7.415653373404911264e-01
-6.813893665923238530e-01
3.345865548103841292e-01
2.823380886869220063e-01
3.629198659529011550e-01
-3.363910162597392173e-01
2.773635819691300242e-01
-7.797763309007930133e-01
-5.995957887880951631e-01
-2.512425608985813241e-01
1.484890805436513972e-01
-2.833302144037022074e-01
-6.477108039670644857e-01
5.123999968635235547e-01
-3.050364043955156035e-02
-2.389995824094981458e-02
-6.659227385032728819e-02
-3.538834812295741372e-01
9.441953121255330927e-02
-7.214292845874084037e-01
-1.850408029492909279e-01
3.295974095673992466e-01
7.065520090822285937e-01
6.204679934939250074e-01
1.583663595452797779e-01
-3.824032257653628974e-01
6.323645745075934244e-01
-1.085085060153803127e-01
-3.842057490211576720e-01
-5.771612895180631142e-01
3.137887639902592340e-01
3.305961059901418864e-01
9.908168199435607448e-02
-3.053897239616532033e-01
-7.491193148481736230e-01
-3.960847829113580687e-01
-7.784475092497178395e-02
3.791072583779433458e-01
4.375581075258017094e-01
3.408805375190748777e-02
-6.789788648009134064e-01
-5.724065367645128077e-01
-1.625984652626701887e-01
-6.090476335858143742e-01
-3.615294448012331685e-01
-1.449424419203904080e-01
-2.479319569287641301e-01
-4.184756837509819860e-01
3.333856050209851318e-01
7.518580874851590323e-01
1.082124401903250543e-03
-6.911400771930678033e-01
3.353745307160966860e-01
-3.936298847313448590e-01
1.369549384047585860e-01
1.753681114548832909e-01
5.423575144556247452e-01
4.117655552611863001e-01
9.033324555077548723e-03
-2.806371064358863521e-01
7.236949613794552150e-01
1.474682092101566866e-01
5.533317883073261001e-01
-2.228847834284337637e-01
-3.295469645588582353e-01
1.377702080258380590e-01
-2.276796794070898855e-01
-1.337863408367043760e-01
2.684751829495120035e-01
5.585175629333800629e-01
-2.718805165862905326e-01
7.876668887204605340e-01
7.193000759099632546e-02
4.980743974284864706e-01
5.183282236890720540e-01
2.255302172924933402e-01
1.938253474530107212e-01
-5.701763870795701905e-01
-2.394706017234735640e-01
-1.167307589919452937e-01
-8.048284111933279306e-01
3.668112329513570913e-01
2.377216585393640003e-01
-4.229355537218237870e-01
9.778912692688201957e-02
-1.064478453869774910e-01
-7.452683261453607599e-02
1.348458671576651113e-01
6.077087893948682762e-01
-7.350511099634795542e-01
-3.958658540954456129e-01
-4.741375124561741927e-04
-3.447060615482113732e-01
-4.869101840009095739e-01
6.206990097026086062e-01
4.033338792152116881e-01
2.524631906874876819e-01
5.203873731816885950e-01
1.246563698464466796e-01
4.436538737059034787e-01
-2.065613907257182191e-01
6.681950177824020898e-01
4.834445040938604166e-01
6.376721154923004065e-02
2.826109634592990361e-01
-6.999536029470032616e-02
8.214881834781895265e-02
3.169012870441534346e-02
1.413368286033485077e-01
-1.387493133002930534e-01
5.377395235691011521e-01
-1.505715767145243689e-02
5.755436350789420175e-01
1.253660204806656964e-01
-7.888220872597928590e-01
8.088988678959729839e-02
5.770184684317634094e-01
1.422112184050838835e-01
5.128330841275978713e-01
-5.078129648091103121e-01
-3.345516722565573531e-01
1.313843898350164352e-01
5.433581498049218084e-01
-4.805044847372288430e-01
-7.455235658446452973e-01
1.941576948134020597e-01
-7.883687793505602670e-01
3.613486222229411737e-01
1.797927532901466563e-01
-3.565084075441751210e-01
3.588732055835919255e-02
4.278833271142303829e-01
-7.215366647024250568e-01
-3.445563606458525996e-01
7.999957577400316211e-01
-1.743418498802489225e-01
-5.363779885025898864e-01
-1.462732699844604412e-02
-5.138619113775035885e-01
-2.008227739309838000e-01
1.213041732192801092e-01
-5.080079217732178520e-01
2.846978558727464304e-02
4.800736290663785155e-01
2.840360240356947230e-01
5.947086387994264811e-01
9.233798200445519910e-02
-2.822379162251209550e-02
-4.394326543996953660e-01
2.939093748443619702e-01
-3.930668585181367192e-01
4.042314983274941653e-02
2.043017992276050521e-01
4.568482350572526940e-01
-3.969637971011383826e-01
-5.904093860401431471e-01
-2.044512306571384386e-01
-1.535927769451568281e-01
-2.303736956360760146e-01
2.417698910874985785e-01
3.714304308680915767e-01
3.331614844495369709e-01
4.508009457751915861e-01
4.258216390996540923e-01
-1.348775635552810215e-01
-7.283783463808006786e-01
-7.362587230273742733e-01
-2.291856421256781573e-01
4.307193594705189810e-01
2.003512961380913282e-01
-3.323695945245503935e-01
6.704914014585936499e-01
-4.849571427494598908e-01
-4.724725831425002909e-01
-4.978260174989159736e-01
7.664222468311985281e-01
-2.922616838189000532e-01
-1.977581162977415374e-01
-7.165697463391289546e-01
5.151798969456802268e-01
-1.539962560507310840e-01
-2.086020977016591615e-01
-1.103850866553770516e-01
1.220894837908659269e-02
-4.515176119779127362e-01
4.063627855713978221e-01
7.582642810979667303e-02
-4.588667982137426549e-01
-6.866953948084040249e-01
1.787439565979536127e-01
-9.170931241564339587e-02
7.091893256513230881e-01
-6.644845322489549844e-01
5.797241099666869957e-01
3.286342570502656102e-01
-2.813036251742637717e-01
-5.344601982255650086e-01
2.864862069747697859e-02
5.244626580806492910e-01
-9.535632882677980149e-02
4.843266254812963467e-01
6.815042215749365084e-01
-1.401883942196624488e-01
-3.714209604110916274e-01
-7.489190477224294540e-02
-2.720915171880200489e-02
5.575408906498147132e-01
4.911677731229611155e-01
6.300641298757785336e-01
3.128157497732528824e-01
1.080877648545115477e-01
-2.377666480656790426e-01
-3.500012591812113882e-01
5.570626914436793697e-01
-4.276663499414965486e-01
5.313698142248526324e-01
1.752360969590638362e-01
2.762673187207385084e-01
-1.997936530561794655e-03
5.000870758501898550e-01
-6.268576873665701044e-01
-4.595930244872894477e-01
3.259187764198179238e-01
-5.411973061891561798e-02
-1.539348128062041354e-01
-1.444842851452463606e-01
6.215238730068435302e-01
1.978483338224830135e-01
1.656451356008981080e-01
-3.241232647027887381e-01
-5.728572970002252518e-01
3.198213611860616368e-01
-7.190461032651285223e-02
-8.161086759580440386e-01
-1.113321666471192017e-01
1.615554228273570203e-01
4.294783828187354047e-01
-6.526254130356763383e-01
-6.749564767689220091e-01
-1.458261964235072483e-01
3.054235015470840864e-02
9.586675186902038348e-02
-4.531891220105777052e-03
2.205637613364945793e-01
-2.792332446245202604e-01
-9.034486742111802471e-02
6.235160503490622119e-02
7.244353736712891845e-01
-1.134477442521433233e-01
-9.516398325624386700e-02
-5.350424245023539527e-01
-2.748975355259482001e-01
8.727753098276647137e-02
-5.589310813405692357e-01
-4.550359468977500654e-01
-4.484852313482168285e-01
-4.241065670123713716e-01
6.710716786437407322e-01
-6.980304693043670738e-02
3.035330256642145841e-01
-4.687432725895845920e-01
-2.638276973590905072e-01
4.631916212077369366e-01
-1.305165712165576863e-01
3.123201356032510034e-01
-5.716322942295821719e-01
-4.445267569371669225e-02
-4.748851164298395489e-01
-1.913956080115051250e-01
-9.445058081708168629e-02
-2.316966388455243830e-01
-5.318801974998450532e-01
-5.029441524276698772e-01
-2.816571333903610252e-01
7.291773711612412612e-01
3.296315598810455327e-01
-1.602463487247849372e-01
-2.211315518479750608e-01
7.965028518599499563e-01
2.425164485604893727e-01
8.155785752661408594e-01
-9.667821248558627900e-02
5.578368754903983984e-02
-5.898128511705360566e-01
-7.197467473656251613e-01
-1.561200536082436585e-01
-6.559347884976061138e-01
9.616553158218277275e-02
-9.173608586143267019e-02
-1.819583762560386120e-01
4.530463241756681469e-01
3.057907439668436922e-01
1.475301712361885009e-01
-3.836392301647180147e-01
4.762095566403612423e-02
-8.384025375693848758e-02
3.314413226698587067e-02
-3.282889701127782445e-01
-1.270022061262032764e-02
-6.580922875542514205e-01
2.314817915748843546e-01
1.645871541940993055e-01
-4.674565185383867671e-01
1.172900221362196405e-01
6.175260068312651285e-01
1.422678026611556845e-02
5.599444793481112015e-02
8.222932551147010827e-02
7.953078924896352930e-01
-7.383809066792039744e-01
3.825527469643521528e-01
6.393170608142266786e-01
5.749216854764283013e-01
2.294247121686066038e-01
1.208252063247332586e-01
-4.721728646048868328e-01
6.244096853937612934e-01
1.138599530082293754e-01
3.253917910580161887e-01
6.150537941982561208e-01
2.680516527832734752e-01
4.128010775782815500e-01
4.124093972233939809e-01
-5.727554958203118218e-02
-2.518227678111530921e-01
-2.791959220301531985e-01
-3.352152357795237236e-01
-3.716411753876451840e-01
3.164066375459428926e-01
4.399597459758366469e-01
-2.424577230371154357e-01
7.482543742929461672e-01
7.853760606217008444e-03
-8.997953164740479792e-02
-2.279074067827107086e-01
7.360599613203744340e-01
-1.977851889579689271e-01
3.613619134311818470e-02
-4.630512646227993301e-01
3.371961481791849735e-01
8.291933280455179300e-01
5.695374062101423718e-01
-7.956354084513215241e-01
-5.328165522905736751e-01
4.282288051831875109e-01
-9.034214834547249495e-03
6.674242096055849061e-02
7.589516661728623603e-01
1.849387826373085630e-01
-5.993371813801573467e-02
-5.847018810446780179e-01
2.489217709320108440e-01
2.552113442702665935e-01
-8.111024671986175605e-01
2.172260365435025875e-01
-5.232091153899958158e-01
5.081351447524609100e-01
7.654372325166729496e-01
4.803212599278836592e-01
-3.809464369482853385e-01
-1.362043931979197708e-01
-4.709260873446030615e-02
2.913183138544894746e-02
3.999441049015555194e-01
-5.009923914236988907e-01
-5.517285209175906147e-01
6.172774181335665133e-01
-6.985247915095342819e-01
9.107198110742231734e-03
-4.904684086825312761e-01
-5.733467919955304026e-01
2.972254608661764053e-01
-8.442381254055852935e-02
-2.185798495142972087e-01
3.283566382919955728e-01
4.321966288193799244e-01
1.301604082661835804e-01
-4.004548639575205016e-01
-3.396385438531197565e-01
-7.387464235595952999e-02
3.123550572870215092e-02
5.104903510202163375e-01
-1.865451275343747994e-01
4.543218179619135100e-02
7.887186295664028179e-01
-5.803513372548572136e-01
6.013799964621071581e-01
4.278718248922386280e-01
-4.382224423687040016e-01
4.294660050678347218e-01
-4.874953358478499865e-01
2.409684536561584878e-02
2.365602797597592399e-01
-2.366304451321230573e-01
-6.770701029849988117e-01
-7.399344726401260175e-01
2.713819289583394578e-01
1.243187495265516418e-01
3.972843452646843687e-01
-4.953393961121301814e-01
-2.963106247172255792e-01
-8.961768235755318557e-02
-1.614130464802006060e-01
-3.992784681514915945e-01
5.599706199914278315e-01
-6.745695315865756214e-01
1.581346287285079200e-02
-3.619573480479054695e-02
1.645569452376030029e-01
-6.844851307177348687e-01
6.056361083867853878e-01
-1.711115293044409569e-01
5.529781953779266956e-02
9.924212179603841832e-02
8.575797545917396292e-02
-8.102565102846597256e-01
-3.305845398888731523e-01
-1.413881034189685693e-01
-6.573986961706212995e-01
-1.229865451290415024e-01
-4.425837658077789172e-01
2.470794721647990855e-01
9.901034262855112900e-02
2.703795182369646000e-01
2.651334637457445353e-01
-5.685206945812470991e-01
-5.281369878919495164e-02
6.110086772271507982e-01
2.435909450226558803e-01
-1.712684452334869434e-01
-6.288527089512712109e-01
2.198023383616920512e-01
-1.278953473633981375e-01
1.831615526394987370e-01
1.990615346803634722e-01
-1.139751156008994570e-02
1.619929435772347048e-01
-5.188788506154633495e-01
5.312452906562743493e-01
8.062545888665617611e-02
-3.872945821820596990e-01
3.845485633301839457e-01
5.846873423633249800e-01
-1.194197389484097371e-01
8.150958469178002375e-01
-1.390529287459223440e-01
-7.001130668737509666e-02
-5.069361676867938371e-01
-7.021913760213625011e-01
1.322240541979136097e-01
-5.177717485430832767e-03
3.274736646435627563e-02
-2.222268561914404472e-01
3.795265498659183834e-02
7.341986999824499094e-01
-4.975777441539221968e-01
-7.940592904224477167e-01
7.063155240705398796e-02
8.237259016935993827e-02
3.483754173984348057e-01
1.802791288024074845e-01
-2.617766943637604982e-01
1.116827492910621444e-01
5.481482655201563858e-02
5.475109594596547780e-01
5.855179832591126399e-01
7.548741565885430660e-01
-4.552005031042378747e-01
-3.203644270460861421e-01
7.038706937189136426e-01
2.372165036496785007e-01
-4.101883084307633709e-01
7.018037288923659744e-01
9.467779828682498788e-02
3.139237872860114464e-01
-3.757248318977373103e-01
2.360847555821319332e-01
-6.372272440437738439e-01
1.580773539432858144e-01
-2.804233490800980277e-01
2.427406965530813920e-01
2.813150820193923707e-01
2.692577797773498816e-01
3.441485459296860228e-01
-1.250664403529597735e-01
2.226067440721894997e-01
-5.360580583001137711e-01
3.026607598353505679e-01
3.873638374197305723e-01
-2.744125673572233026e-01
2.211900367345132068e-01
1.836067430733265837e-01
-3.800327718389588938e-01
2.123840991723469074e-01
5.165459399464058521e-01
5.191598520321258903e-01
7.489467190688872122e-01
2.691723337222526879e-01
-1.706339511994059421e-02
4.253592945382909107e-01
7.651056606103434632e-01
9.723910475283847887e-02
-4.625115429094286412e-01
-8.057792206422220715e-02
-6.570762150078692798e-01
8.291344668584628153e-01
-7.494227818222123361e-01
-3.639398625838135004e-01
7.529581097036333048e-01
7.521216550858262906e-01
-2.605151182390335052e-01
-4.634771225704215070e-01
-5.383075275456796760e-01
4.108620563194742559e-01
-2.057534138738592588e-01
-7.464754500360957223e-01
1.972406480444561794e-01
9.035925777607545228e-02
-6.691318019060448208e-01
1.745634329255896233e-02
1.195761037215179456e-01
7.745623569955908394e-01
-2.236032947839241558e-01
5.499941116018947085e-01
3.778636401962520708e-01
1.349860698395843883e-01
2.143938137392709109e-01
-1.182953631202776634e-01
7.749344816088710175e-01
-5.210822166571649205e-02
3.428155772852363725e-01
-2.090064036029382066e-02
-3.649424455754193275e-01
7.299858032828616672e-01
-2.573898333774096159e-01
1.045057655429380006e-01
-3.371679733194135054e-01
-6.270674469271382279e-01
8.157741401361828792e-01
2.545354758161142428e-01
-4.014717652568720041e-01
2.878027365547977112e-01
1.312537929222301614e-02
-3.130862734189214791e-01
-5.483356097783396166e-01
-2.675105951938974158e-01
-1.447039355305781427e-01
-2.872876953036520575e-01
6.298576070381232128e-01
-3.350169349799561047e-01
2.881292950097105177e-01
-4.189463773963426618e-01
1.314909223679761041e-01
-4.585956201608727412e-01
4.478253405229501993e-01
-1.502619945606245011e-01
1.145994797522131847e-01
3.867234130332288800e-01
-4.192917127050508341e-01
3.177536995867491498e-02
-1.165313855194431980e-01
-2.767006037782300254e-01
1.378636912259665337e-01
5.754655388120681891e-01
-5.483876097708941799e-01
3.419768189098917333e-01
2.918377610614975026e-01
6.462337937376521069e-01
-6.256561768642292520e-01
-4.124966417190458756e-01
1.487401737883651265e-01
-2.491222326572160028e-01
7.212541064448982908e-01
-2.417812537536834228e-01
1.739992918582498049e-01
-7.281263741822314728e-01
4.903449265774861843e-01
-3.705593323199538602e-01
8.335849955521545951e-01
2.387933192164348739e-01
6.212592149043061340e-02
4.557140307661207146e-01
2.492381002204124840e-01
7.638612412189358380e-01
-5.683310847026570300e-01
-1.859076827446415336e-01
6.287062749318650390e-02
2.828276423155511310e-01
-7.161054536898863176e-01
-5.762011315609250062e-02
3.218482753022344767e-01
5.741820232606009711e-01
3.131023813834943326e-02
1.960781923526848658e-01
8.106601032601350454e-01
1.476581318015579569e-01
-7.253796094043645226e-01
-6.679444423578422274e-01
-6.070079820052081132e-01
-2.930091538136059270e-01
-2.916623824656392472e-01
4.347801390427195045e-01
-4.347078865275708637e-01
-5.366634799362479669e-02
-2.154171211908266770e-01
-3.816664108120022547e-01
6.927511306724456475e-01
1.109203598303292182e-01
-6.235211113660996674e-01
-6.512164522760803820e-01
-1.667361261732054345e-01
2.627589943535735273e-01
5.848349959487029182e-01
5.610119803514308501e-01
-7.697678291068639211e-01
3.245139752646153397e-02
-6.258913048867231765e-02
-5.040703238451040846e-01
7.852945739828065541e-01
-1.578649238496918628e-01
1.429503819036881396e-02
-3.848817327874876071e-02
2.113871905978861321e-01
7.426087993311147883e-01
-6.336633029460694289e-01
-9.224609222885593596e-02
6.465513775918569905e-01
-6.438862940243099686e-01
-1.306800796583136304e-01
-1.995846548444966118e-01
-4.485260541156659286e-01
-4.373579512621912357e-01
-1.762597358166475559e-01
-5.015841200853055071e-01
1.573453202899797176e-01
-3.180709266261247947e-01
5.405884166081476039e-01
7.230839509684061639e-01
-1.315592586588030244e-01
-7.013977487118854270e-01
-1.490102019719774518e-02
-2.441713008100645510e-01
2.701600894046505275e-01
6.647170588788302581e-01
8.005865082190499749e-01
-3.750358300578762183e-01
3.191983558068898219e-01
-7.997666642927994118e-01
5.284015989950239245e-01
3.043080848505210767e-01
-6.999853318995619134e-02
-4.402250919920431826e-01
4.704155035903045956e-01
-3.131168552857470644e-01
-7.472622852252364112e-03
-1.176917395809233824e-01
-4.470366979808932939e-01
7.016451627376616429e-01
-4.310074962706531565e-01
-6.847099091542041549e-02
-4.286030775899787315e-01
-7.450312514803663078e-01
-6.209859170882792156e-01
4.156880463624910149e-01
-6.524405167812110662e-01
-2.006837654551141270e-02
3.584684620947147238e-01
-2.816876709662370359e-01
7.992005093184140208e-02
1.762488281984255778e-01
-3.898124781564744623e-01
-7.468381688103544747e-01
2.459588410026309901e-01
3.086067007563286779e-02
-3.073911496523713538e-01
3.581964356941593763e-01
-1.200314863863951587e-01
4.089750174527537752e-01
4.984767823043680934e-01
3.146548902631707278e-01
6.358852840082596103e-01
7.852846112303559778e-01
-4.120322282063551000e-01
-4.536908147194571583e-01
3.914914105187907722e-01
2.837233051569043596e-02
4.551598556347977720e-01
6.049460700449991180e-01
4.806896487933531859e-01
-5.354441570015096019e-01
-1.934558401224153457e-01
-6.046514174830601718e-01
8.091949116654806318e-02
-4.737662527590025263e-01
7.419703594500104415e-01
1.804466537101347967e-01
1.894584488678088263e-01
3.454972438196346474e-02
-4.872722093853347758e-01
6.795878059451831987e-01
-4.418442359133560871e-01
-1.962825489984707517e-01
-1.782700554092588874e-01
-2.526129510426873281e-01
2.287173109249254210e-01
-3.655156453593191301e-01
5.328264082847002925e-01
1.538495044501475562e-01
-2.449165877351582310e-01
1.628832948799194824e-01
8.693181894344981231e-02
1.703989238164318465e-01
1.031386462357373190e-01
5.213386327216440463e-01
1.770803417842827798e-01
3.678495849756320268e-01
7.012451044491685437e-01
-3.056212128766508940e-01
-5.403628721211362063e-03
-2.864186707190077286e-01
-8.693339257673482479e-02
-3.879503252011033965e-01
4.910547595107548347e-01
-6.415516989670688730e-01
4.088556448063247473e-01
-5.148490596261261487e-01
7.123459162858347682e-01
-9.437825610429406709e-02
5.565861751807066327e-02
-1.301865902878667214e-01
-3.772109859392749343e-01
1.859814735196287927e-01
-6.111859338192893176e-02
-1.193014855585889933e-01
2.780185184828010136e-01
-6.935117457563908516e-01
-2.050563134037766133e-01
-5.486905046582801759e-02
9.967334418858975198e-02
-3.769455511554387073e-01
8.915474727413119638e-02
2.445989245139132962e-01
2.959675399542209817e-01
6.422093291068931009e-01
5.662267057416334737e-01
4.237277326655597420e-01
2.050540621313778900e-02
-6.736309284829635757e-01
4.115408028709621746e-01
-1.679813598754691384e-01
-2.968419897759790871e-01
1.638550345682787679e-02
-6.443213825135121198e-01
-8.314819087452924862e-01
-6.146964835993369292e-01
1.410918681055139956e-01
7.445613612082144783e-01
6.583389830147350352e-01
-2.457739150376072601e-01
-2.300416695095188757e-01
2.253899683669668974e-01
-5.175553029212931477e-02
-5.216813918036224962e-01
2.604458038333481440e-01
5.016828228295802106e-01
6.207137677799678954e-02
3.383301819231459007e-01
4.564765676919009252e-01
-6.230060547045130903e-01
-6.895729217134727307e-01
-5.301891624858097174e-01
-7.643181493901565204e-01
-4.808547640075673257e-01
-1.158081225456362162e-01
6.010010982459359496e-01
-3.494523301438903218e-01
-2.806560401904674151e-01
9.705812589161411097e-02
4.317734961162784657e-01
2.290602998476822805e-01
1.691827120583369037e-01
-2.857225801311082947e-01
2.803985064640173164e-01
-9.249785796025999929e-02
1.996020994433580498e-01
-2.624799457126636426e-01
-7.241162279847870309e-01
5.204712515144134244e-01
-1.426116784595068410e-01
6.781477094294192653e-01
8.084349118740874474e-01
-5.102750044575898869e-02
4.654781539490731035e-01
4.429563121994473107e-02
6.966423442105407204e-01
-1.952968018806640060e-01
-3.503764417328856240e-01
-4.764943332438242862e-01
-3.076918196497802072e-01
-9.635231341753591749e-02
5.994038167205051337e-01
5.028245173334422446e-02
5.511611713310502481e-01
4.396089010554717902e-01
-6.593525065886041148e-02
-3.376818894941653326e-01
4.711341055525490873e-01
-3.913684878076910678e-01
3.364383068700060875e-01
3.772546308229518530e-01
-7.461618490769579282e-01
5.839737461499918680e-01
1.955323657028031903e-01
6.670480967061385158e-01
9.758336930877042903e-02
6.585351976427231691e-01
3.306339409955825204e-01
4.502663935983353127e-01
-5.105724523386978575e-02
3.550465611403286204e-01
-6.414576255303305885e-02
5.366114793637244418e-02
-4.434312250215421969e-01
1.678319948646409543e-01
5.398724500900105028e-01
-5.312312240031351607e-01
-4.459952546980172627e-01
4.419791530529444401e-01
8.555428450980784305e-02
-1.662411415135318649e-01
-1.939657333346369583e-01
4.800119269371680986e-01
3.507789740569879910e-01
-4.454693067090840231e-01
6.134769618446700434e-02
-3.309403149480232287e-01
5.009633263836015260e-01
-5.576101808506637170e-01
7.377420473042386462e-01
1.778236867612363881e-01
3.327453725740650015e-01
-4.722493301566217383e-01
-6.860185072963700392e-01
3.945287914427462184e-01
-8.708581824635430735e-02
6.343120547746838866e-01
4.413035376464904402e-01
-4.701105493827633097e-01
-2.088066262017083119e-01
2.116628721253217549e-01
-7.694505145918553168e-01
5.911765266939035257e-01
1.183359738031839470e-01
4.575915936097150194e-01
-4.550158824129955093e-01
9.086992287770634391e-02
-2.384864634221077750e-01
-4.633756982605206076e-01
-8.238735432564290306e-01
-8.241542800427481552e-02
-2.467574111911590151e-01
-7.301571120202732246e-01
-4.040792906633461357e-01
5.829552189150106756e-01
4.005313250680062609e-01
7.336847806230757385e-01
-1.997345389488147660e-01
-5.401198371504181139e-01
4.688601841077755239e-01
-5.128600809414196604e-01
-3.959046824135015186e-02
-3.064725898203235488e-02
1.035706975931383056e-02
-3.999700623047566239e-01
1.306175617129623490e-01
-4.837714926857392683e-01
1.825357748780831457e-01
-6.270409949966149199e-01
-1.035825438253814568e-01
-1.390522486567613569e-01
5.278370545574606609e-01
1.010396263211568169e-01
1.446790024573729738e-01
2.981674541415504365e-01
7.332670804107985774e-01
2.595901513510838754e-01
2.807052067574247189e-01
2.876054510996439717e-01
6.237426281215130430e-01
7.812608912706586750e-02
-2.508937718044750298e-01
-8.121551134403404149e-02
-7.445720976958014603e-02
8.089750876292001180e-02
-1.121895936064003507e-01
2.521490217847954796e-01
7.399772201948060513e-01
-7.112956391644074117e-01
-2.757189535837873962e-01
1.278881838289303019e-01
6.028810997481635070e-01
3.419935699294018860e-01
-4.067422464895358303e-01
-2.521712436487169029e-01
3.998039236925059470e-01
2.357778987956393735e-01
4.293088591686977651e-01
-6.550894514768854648e-01
-5.786597314721921848e-01
1.497369391034961694e-01
-7.204396142033253625e-01
2.803830484339915330e-01
-7.439823547322390596e-01
2.045561161725295563e-01
-6.312546172627975238e-02
3.211502740696214886e-01
2.005744075031969942e-01
-6.150521431411846152e-01
2.647120505187992023e-01
-4.634126100714812679e-01
4.491550305798277520e-01
-5.982447020840995222e-01
7.385290577141345736e-01
3.791320773860737958e-01
-6.285406774665593943e-01
-7.219659560612416982e-01
-2.332209213318350294e-01
8.057870920708944951e-01
2.008125015522512768e-01
-1.245614407705470938e-01
3.934493035390111970e-01
9.555774477027245695e-02
-6.069226782562155975e-01
-5.775022651945320717e-01
-8.840937248778324431e-02
-1.877632824835844261e-01
-1.688674735017245965e-01
7.047790273115595028e-01
4.997128377354354001e-02
-4.435892440842552631e-01
4.823546648863672459e-01
-4.781759694382010650e-01
-5.857930817816461300e-01
5.783392224051899788e-01
1.822093657838852465e-01
-8.080102601230798598e-02
-4.884574324133765799e-01
7.920930744342769003e-01
2.417714591641493271e-01
-1.676587108424385519e-01
6.105631378155482736e-01
-5.769387715680753814e-01
-5.150349804901299677e-01
2.880237635334630397e-01
3.463572756351105397e-01
-1.905586958920171270e-01
-5.836277144463313249e-01
1.146442563730198927e-01
1.352975236873321663e-01
5.971053897866260840e-01
-3.089866565846275392e-01
-3.221360171259313177e-01
2.126726538045256021e-01
-7.846993774976382952e-01
2.111858482915938140e-01
1.813953805526917762e-01
2.121045418128808535e-02
7.251039416159512641e-01
-6.092182640999741494e-01
5.585270841853873236e-02
-2.047332379550592663e-02
6.068191456967735320e-01
4.672861062418736111e-01
-2.516629799221306030e-01
-3.802369374677514458e-01
7.823982200868790926e-01
1.168459738339695519e-01
-1.821752032906296392e-01
-7.411939561454090608e-01
-6.947386842127736273e-01
5.080076403310673783e-02
-5.154404799558705008e-01
-5.951232024945731780e-01
1.865055205275689687e-01
-1.231796514367049511e-01
1.979791235126349136e-02
1.402701209521231007e-01
-1.431912396186305614e-01
-5.728718145109414905e-01
1.426313885459276065e-01
1.869137563554499337e-01
3.287502082353910282e-02
3.502212884939526205e-01
-3.376670871774170024e-01
-2.929359942150258078e-01
-4.027071948076024199e-01
2.731433307893915696e-01
-1.232056571793425093e-01
5.529639212061621123e-01
-1.614959949421015395e-01
-7.041961564959198228e-01
-1.620033053616438679e-01
-5.803504256670581896e-01
-2.386865795512083110e-02
-5.228165176384287349e-01
6.961277305425728201e-02
-4.148751019553298391e-01
3.516253848201387200e-01
-2.083001385170319963e-01
-8.869260184519145440e-02
-1.788312209180134005e-01
-2.762345662373464350e-01
2.062695087339161404e-01
2.465846782789151703e-01
-6.544558140850567085e-01
-5.525481797096531977e-02
-2.782460659138195069e-01
3.692861464991539222e-01
1.634202367043933180e-01
-2.178440328062922759e-01
3.708463756897337760e-01
1.997523200972608493e-01
-7.751585921289514403e-01
-3.271565523308170853e-01
2.030245123000007368e-01
-4.811934972406373134e-02
3.206716863526102301e-01
7.686767843457342764e-02
2.102691716159013069e-01
4.789692084598682342e-01
6.181309844102225171e-01
2.956692779601706178e-01
-3.950546827042265008e-01
-1.134068299156423265e-01
5.965641670248853501e-01
-1.450455290048493495e-01
-5.562562131837527346e-01
3.226783001339050827e-03
3.836531931846254295e-01
6.406632055902781175e-01
1.660612761471638166e-01
5.900297821064253156e-01
1.529630871875840015e-01
2.351253851037471421e-01
-7.412573632923127320e-01
-2.504331366214991306e-01
2.315061757282679267e-01
-5.912996137893697934e-01
4.807817746438214357e-01
5.871489940996399426e-01
-8.001300985928052611e-01
-2.056449963469839659e-01
-1.845785554487422431e-01
3.364458657692885879e-01
-7.235466398389753806e-01
2.954655486620261229e-01
-5.752416629469259135e-01
6.809829602772374813e-01
5.285866263113803143e-02
-1.200017865463758326e-01
-5.812391152271842998e-01
-6.997089297780991757e-01
5.977315779153933306e-01
-3.208102943630768422e-01
3.193074002482765295e-01
2.764416042927475559e-01
7.049199368539005306e-01
1.759456405893002895e-01
6.220012707454625200e-01
-1.064586686659776404e-01
6.622312841113640047e-01
-7.111502697966054498e-01
-3.206971348058731408e-01
-2.974620629578108577e-01
3.398916984738118430e-01
8.068015162277930585e-02
-1.910400851298668101e-01
-4.956240936500497796e-01
4.444395060914620998e-01
-6.347767400504364943e-01
4.831433050478795010e-01
1.622234889140949932e-01
-3.986887051640355395e-01
7.239272120762585416e-03
-7.026838783224960139e-01
-2.335036465598783195e-02
-7.549040857895592538e-01
-3.984433407785523684e-01
-1.196921157231196631e-01
-1.171370318411710798e-01
-5.390859077503975527e-01
-4.234140265859753782e-02
2.596938093196214936e-01
6.910016093154052186e-01
-6.908011617319615993e-01
1.980285259144656251e-01
4.506605240159871073e-01
-7.766045418283518131e-03
-7.248683485522269265e-01
2.839184510132142236e-01
-1.197476190608997015e-01
-6.601800755347984051e-01
-5.672638237512011017e-01
2.363385412489504844e-01
6.065114120735461967e-01
5.406255750704662688e-01
-2.582201072072312087e-01
-3.607928398698154737e-01
-7.128746273119972443e-01
-6.680787752601000662e-01
4.243109484064717662e-01
-5.380845840309191885e-01
-3.671538349946992241e-01
-5.106650311255176433e-01
-1.811696187181581763e-01
-1.706457079216434636e-01
-4.316586231184356137e-01
-2.596195756083368167e-01
2.310546159610771255e-01
5.611926416616253022e-01
1.725654553175859363e-01
9.031614028068180033e-02
-2.702361517895779386e-01
-8.252304181588403509e-01
7.317374255963402518e-01
-1.618128801117197924e-01
-7.819555270913811640e-01
-5.721724179837766044e-01
5.101957672750749850e-01
1.445986168806641103e-01
-3.294023107704271425e-01
-1.167139127392218256e-01
-2.671065553393434655e-01
1.206856807504514961e-01
6.804523196426721654e-01
-1.141629258753953380e-01
-4.243468937400152186e-02
-2.969974571786515583e-02
-3.236230274068105928e-01
-1.169933512827174837e-01
2.314501145873490984e-01
6.717335626897380507e-01
-9.592126841943571236e-02
-5.860181529125654265e-01
2.163616482306531807e-01
3.030703028631478446e-01
8.763565107776649654e-02
-6.463150049494696958e-01
-7.799818439623322774e-01
-4.027621276616759616e-01
-3.798759285879516057e-02
-7.155754003454539713e-02
3.690761947901899376e-01
7.455475347050422030e-01
-2.115827939892289677e-01
2.963693163011340559e-01
-6.992384823496244906e-02
-7.574919813941560776e-01
5.675884375213691158e-01
7.258122140006406653e-01
-2.372024675020734108e-01
-1.611632181519624396e-01
-1.573880460727723474e-01
4.724411224246551910e-01
-2.329168839631483579e-01
2.182492524233197173e-01
-6.676964566172323146e-01
5.253977390848429962e-02
2.457710366255572154e-01
-2.138710589970216347e-01
-2.671140120287418540e-02
1.572575788476902048e-01
-6.505873067157423861e-01
1.648291840125910568e-01
3.760297558201051160e-01
7.127656210303001671e-02
6.365190674704424012e-01
-3.096596373401618862e-01
3.771533237373425607e-01
-7.686795658563632117e-01
-1.767056127326593895e-01
6.549221508166933603e-01
-6.379011344470173484e-01
-4.619132058665034180e-01
-5.234702073240704578e-01
-5.028838645615909542e-01
-2.242257828909686168e-01
4.982494496183420551e-02
-2.968006702486780668e-01
-5.108542104927700223e-01
-3.520941282281988549e-01
4.936021216242689746e-01
2.995936292146001989e-01
-1.852493167672673025e-01
-2.339579343975133341e-01
-7.959974717287110479e-02
-1.019718472587118896e-01
-1.884116048078858796e-01
1.704046142213382353e-01
2.092427670832774922e-01
5.554952743033503282e-02
2.044810266363050744e-01
-1.339434939661403590e-01
-6.323007755031531119e-01
1.252760791029938758e-01
6.022348868076052852e-01
8.781519592532660567e-02
1.014842684768613168e-01
-2.948158084092513676e-01
-4.133252068505015586e-01
3.749832184133001789e-01
-3.911923248358473160e-02
-4.733337677746050076e-01
-2.655378638832761595e-02
-1.931894676512779796e-02
1.507487619571286075e-01
-3.367537615917015614e-03
6.722599063834788780e-01
2.709220723140486342e-01
3.154870761068604423e-01
6.671015662081636322e-02
6.125998332427577964e-01
4.367177941774720296e-01
-5.646237097702799801e-01
-3.628055496065361041e-01
-2.999714510902773412e-02
-1.033103867551457000e-01
-7.502610324591714175e-01
-2.581271121432617832e-01
1.968692514005034866e-01
4.695715105981488335e-01
5.415017058625881674e-01
4.545526336050107474e-01
8.694306162828713269e-02
5.048890463069639623e-01
-6.029662215364810507e-01
1.881530516706630962e-01
2.190354704743322500e-01
1.736182122586455989e-01
2.778227333578966451e-01
-6.412402705751176768e-01
-4.042747308769936154e-01
-6.154427550934968849e-01
3.600177521344622988e-01
-6.006528359846843301e-01
4.635695041569078967e-01
-1.876615973859339093e-01
2.585655656976548755e-02
3.225436256913702948e-01
4.000680867333343826e-01
4.871156509510834454e-01
-8.027256057091207708e-01
-6.934976431118275997e-01
-3.059262972926113378e-02
-3.842451534635333843e-01
-4.681845140450882070e-01
-4.217447476928661843e-01
5.989595335762398776e-02
1.659849570623181947e-01
-4.192586508287101665e-01
6.192217717772745544e-01
-6.397413819012784941e-01
-1.538439994398457245e-01
-2.313048510020232484e-01
-3.658933423415540176e-01
6.307857337050792879e-01
5.623560720515419220e-01
-7.615298219753139364e-01
1.382486744520496913e-01
1.974945347902856696e-02
-6.505549853715120179e-02
2.914114482832941277e-01
-3.268662225896186158e-01
-6.496889802578396100e-01
3.234341880867397379e-01
2.356076681722250044e-01
-1.662825472455393694e-01
-3.251689951985516913e-01
-5.912742613000778746e-01
-4.882224350573869387e-01
1.941503024106117081e-01
1.042961357936444955e-01
-3.659742770245886234e-01
-2.837789435333268884e-01
-5.570062502833392770e-01
3.131460510742591907e-01
6.705801514739562208e-01
-5.735260152042238602e-01
3.858937303359857296e-01
6.440996052246461545e-02
-8.360718768550245983e-02
-1.306881475673078441e-01
6.344930118989688950e-01
1.076583700726061466e-01
-7.637325444045082179e-01
-7.985925838781415820e-02
3.783800172583031696e-01
-1.774176417936850214e-01
1.197507247853835111e-01
1.148868851565847393e-01
1.058890097958951060e-01
5.233799881317979796e-01
-2.552177237741322102e-01
2.415663048812435321e-01
-1.442963470909282009e-01
1.083372663782133927e-01
4.707701366448260316e-01
-2.122444255158661974e-02
-4.404783687026343486e-01
-4.036392081094328788e-01
-4.833682716584366545e-01
-6.822495097112479812e-02
-1.661501980929340760e-01
3.247773353846632460e-01
7.714765392593658788e-02
-5.755187565287798179e-01
2.245640684200997939e-01
3.011978465302345143e-01
1.871741136944216066e-02
8.856634491929149533e-02
3.132182619688252956e-01
-5.533726885302847620e-03
4.842736677663790346e-01
-7.649407899437230540e-01
4.672583440971331825e-01
2.888849330115759173e-01
-1.568280306584668438e-02
4.420154482021647624e-01
-4.656165709815196507e-01
-1.328812354924169270e-01
-5.036881613852175477e-01
-5.279340048910601269e-01
-6.439534163211320106e-01
-1.299288367160702506e-01
-1.322019469503734612e-01
9.818477835303163204e-02
4.401251032195379054e-01
-8.941120813089042940e-02
1.319033315052493549e-01
2.134925146089958758e-01
-5.034998389082883108e-01
-1.361247654407735652e-01
4.073301683335568413e-01
-8.113251610783276391e-01
-6.092240362964727041e-01
2.080568076994833149e-01
7.571337063736010009e-01
-3.361835648391275910e-01
3.207608363668406071e-01
-6.339828241920919538e-03
5.037245553385290009e-01
-5.523411103470454719e-01
-1.533010839669168845e-01
7.230427588459171773e-01
4.611277281089982694e-01
2.936027606284348224e-01
-2.551674606123892630e-01
8.838018210293796528e-02
5.244745822944114622e-01
7.120826002262177212e-01
-1.709224239932192191e-01
-4.568296094681247865e-01
2.962439862556482950e-01
-2.402275215310716305e-01
3.766608120230134915e-01
-7.884177338624365206e-01
1.160917545824080577e-01
-7.587155992080587552e-01
3.611089173856942836e-01
-2.232620861097442955e-01
3.689716407388257124e-01
-2.519064615189607892e-01
3.230316412750173782e-01
-1.908061761920620825e-02
1.600828745090785432e-01
-1.635593598967215456e-01
-2.037559465131009162e-01
-6.231601240300221889e-02
8.074172654012814476e-01
-6.955693356961134555e-01
-7.531710337193002758e-01
1.770458504635215036e-01
-7.280924615066020067e-02
6.007616830104485217e-01
-4.455115422551561011e-01
-4.011720410361254707e-01
2.066670077909646963e-01
3.126192881530345247e-01
-7.722303781226873554e-01
5.463925717390383241e-01
-7.722117659882954399e-04
-5.035236725641745181e-02
4.966836177191584767e-01
3.587748054039714418e-01
1.488400651730810154e-01
-2.218773682342085607e-01
5.253882043922271095e-01
6.514974322477273816e-01
2.900732658967273281e-01
3.409041959742413752e-01
3.967175796383672903e-01
-7.691228950598540948e-01
3.864923143977385678e-01
1.524336548950788739e-02
6.556728470464179281e-03
4.336348284480129323e-01
-7.584568530173640966e-03
-3.954022271624513252e-02
-4.923121260497236307e-01
4.845006627352255180e-01
4.743475703612389793e-01
5.438067108685071815e-01
-6.038633757804410251e-01
-7.339490192511464173e-01
