-3.543193038418177565e-01
-4.721259997506077610e-02
-8.701445362052870891e-01
-5.428213901985197154e-01
-3.856713174263832755e-01
-4.625250939102718561e-01
-5.538550947209355257e-01
-7.892249185621089680e-01
5.254530276294513413e-01
-1.203584837072284586e-01
6.891813237112041080e-01
9.202789661027299672e-01
4.785419708216682722e-01
2.240147928327926863e-01
9.880380478596535454e-01
-7.915686178575374043e-01
6.001019765623123448e-01
2.278791390267880246e-01
2.353671622849704548e-01
-2.943271761043391166e-01
8.408524741023608584e-01
1.273618330889831896e-01
-4.683584071473294586e-01
4.024860178846312309e-01
5.828708870078269655e-01
-7.948950751018291072e-02
-1.296990295820741323e-01
3.318605035287580662e-01
-2.986850422272944172e-01
-4.773094462606293220e-01
2.868823041690138353e-02
-5.573024636534258391e-01
6.744632946819448804e-01
4.983157683300385443e-01
-5.448013307773553748e-01
4.952902362911135725e-01
3.647946614089381256e-01
4.451601948843801893e-01
5.740014198077503238e-01
8.773409102572085061e-01
8.251010120966908445e-01
1.448971859851067023e-01
8.069987270813765434e-01
1.228911170284145982e-01
-8.816583309064789375e-01
-5.087187735150067169e-01
5.994976553299347088e-01
5.325494412367151043e-01
-3.133536751812666665e-01
-8.550750099092248036e-01
5.905493688685847786e-02
2.205993471616096713e-03
4.775419962501539217e-01
3.803290717187399750e-01
5.886746073047461891e-01
-7.642424257557820511e-01
7.097613167513650012e-02
-5.107900270809535570e-01
-6.599625954582251097e-01
7.507572673498366100e-01
-6.837879947119676061e-01
6.010518365186623413e-02
2.838508329141200548e-01
-6.679045090398751938e-01
-6.361562586997946411e-01
5.602626251705693505e-01
-8.726610151151206196e-01
2.697954568230542804e-01
-6.577750498247878497e-01
-4.848147211266828904e-01
-2.859992982038646048e-01
-8.722582797649902631e-02
6.663465821108074394e-01
-3.496323236433900306e-01
4.160464911428727319e-01
-3.970298367596969413e-01
5.787908541400801354e-01
-9.235085693536593254e-01
1.351800581741073870e-01
-2.098777240882636619e-01
8.276018129494335795e-01
-3.662827083040642862e-02
9.116180342436663864e-02
-8.102255001997447081e-01
-1.131731090705345721e-01
-3.306678622677061696e-02
-2.899508364343024169e-01
4.163240204389149213e-01
6.878596906211029705e-01
-6.712937061527570748e-01
1.522929644863442178e-01
-1.118314110152232033e-01
6.243232406964258630e-01
-3.009234410572050322e-01
7.946750290168038688e-01
8.231362617145876470e-01
3.919601807398720439e-02
-1.511336277803829731e-01
-4.216219944544095100e-01
-6.940717431559768613e-01
5.419394495965601521e-01
8.361669393658566207e-02
-9.953128435487359482e-01
9.927268502578474596e-01
-3.772292826754783945e-01
3.582562120933019401e-02
8.681509391194630609e-01
6.274286394418844282e-01
-8.220972310405159078e-01
-2.775820368003554250e-01
8.439278094415927356e-01
8.520615164207949732e-01
6.548427187321443910e-01
7.136742932334527723e-02
-5.843104840572630465e-01
-5.907261145504154598e-01
2.171584617604471745e-01
-8.967587055638741589e-01
-1.001232523043200651e+00
7.093821243477185234e-01
6.662563942401655837e-01
5.655601118947419792e-01
-7.439913736710845882e-02
9.791513762023900114e-01
-7.565281624352726553e-01
-9.967815419419814305e-01
7.152789426673304973e-01
-6.373846050372726779e-01
5.813772114525095347e-01
2.233962911584486122e-01
7.325540889735471239e-03
-3.839581671247156436e-01
-2.035739441913966274e-01
5.997257270653104655e-01
-5.201455083658412804e-01
-6.290891896822685680e-01
8.885824901444392410e-01
-3.664071161217030692e-03
-8.852560324965548233e-01
1.088208796651812804e-02
1.801109618739724638e-01
6.775250354570339084e-01
-3.525085402769265741e-01
7.339544967012132659e-01
-1.386829000323936967e-01
-1.467317940684047528e-01
-5.472801176404278323e-01
8.430481337592254931e-01
4.669091340433064730e-01
7.197589407146693929e-01
4.468837859599137374e-01
6.982069261623813361e-03
-6.101656059829663192e-01
2.049007666786284432e-02
-5.390804129177144688e-01
-4.875172932492457534e-01
-1.086416990181460207e-01
-8.784076338479334112e-01
-6.103053703235428173e-02
3.189013274727869884e-02
-7.255865101244349802e-01
-1.246361865620055909e-01
-4.411317207552585273e-01
1.787105706613196787e-01
9.321451683627843821e-01
-6.752605842123049484e-02
5.841349979901444556e-02
3.133865469081085209e-01
3.082113533406305450e-01
2.131098256005525826e-02
-8.547521843367613670e-01
5.221948612585025629e-01
-1.209945206559526198e-01
-7.223472826745966913e-01
1.324322370723240994e-01
8.026809868007589444e-02
-4.030943829426636427e-01
-8.758586857038492823e-01
-9.835209762982266568e-01
4.147237061984583306e-01
-7.255475657560630509e-01
-5.492683356230916303e-01
-2.327138276831854924e-01
3.309341197676163304e-01
3.752701595206398011e-01
-2.078535019888398949e-01
4.336013624053949300e-01
8.813032671261975537e-01
-1.476245801659716861e-01
1.710899939626076005e-01
-7.521671520958097545e-01
3.283317637878724327e-01
4.375543721390338092e-01
1.855989255697521045e-01
2.874132814877219388e-01
-1.351015074135073490e-01
2.992501875347644003e-01
-6.559502910563992373e-01
7.283680613193723730e-01
8.888095635175110587e-01
4.290495179803368586e-01
-5.264520085234902780e-02
-6.182672570518636945e-01
2.073781385379493969e-01
-8.324606440180426503e-01
-6.183431627341189341e-01
-5.945280580613756527e-01
7.108297462694066482e-01
-6.950673108675653467e-01
1.931241547748676624e-01
1.386785507393017980e-01
-4.192400322259253187e-01
2.270195320035197639e-01
7.021684147948565879e-01
-6.099701388200173824e-01
-1.752500547832411826e-01
-6.567147865011513375e-01
8.209208236094500677e-02
8.998506440422069375e-01
6.353947210236210452e-02
-7.910948260158647827e-01
8.066251955340586477e-02
2.532056709667322991e-01
4.085741135518548006e-01
-1.703674685757290419e-01
6.435163734781692568e-01
5.572442006025957184e-01
-2.224562070858393525e-02
9.063926668660720054e-01
-2.996099260587845592e-01
2.579358045318800308e-01
1.436222635638415568e-01
5.239602511398055995e-01
-9.515296004342026492e-01
1.572076489710285685e-01
7.922345915745214739e-01
-6.568057899134274180e-01
4.932712291788918790e-01
-7.356243069648007449e-01
4.470106327543712510e-01
-8.853947837183371306e-01
2.925581603581797197e-01
-1.907372546865895302e-01
-1.779112869439272160e-01
-6.445836089093770482e-02
-3.391421570575374744e-01
3.403645497804301812e-01
-5.788867704102056422e-01
2.112504514847222126e-01
-8.288559805150450543e-01
6.505294815222981697e-01
-7.379664667915282195e-01
3.491877207077180856e-01
-3.972157288009556808e-01
8.915395152972793724e-01
6.039394818702987777e-01
5.252105366740806858e-01
-2.655354684831578993e-03
-4.949768065747992551e-01
-2.293263712123216891e-02
8.581020996032187043e-01
-9.151842429836420933e-01
-2.572214782946646849e-01
3.310649969371421975e-01
-2.686701522000527476e-01
6.425231765086483193e-01
9.047279742212221976e-01
3.098666590071204041e-01
4.970804999327356200e-01
-5.254480004966897155e-01
5.916257606462194119e-01
-1.053738566503472640e-01
7.634431029877219999e-02
-3.940329190808480320e-01
1.685853709542071144e-01
2.627614675791143384e-01
-8.840898555195364494e-01
-8.239329271389452813e-01
-5.860197289232198514e-01
-4.341055695381959012e-01
-7.523509583438388049e-01
-1.429523893475348473e-02
6.586505927440322594e-01
-2.381318995207060141e-02
3.012082349270368553e-01
2.495755428425194822e-01
1.758193514386796608e-02
7.334298548204163382e-01
6.939121577005824548e-02
4.130046059370684475e-02
-5.278277959040611478e-01
-6.361320709931224116e-01
-1.012493345901530617e-01
5.603896653378326320e-01
8.512660591498999452e-02
-1.618686176462782456e-01
-2.297634330795226276e-01
-4.631103928944231285e-01
-3.416174722657636664e-01
-1.656346737560170368e-01
-4.283985790446438457e-01
1.729901710376493540e-01
8.993506116215126411e-01
-8.489679227376436543e-01
8.586853081263798870e-01
-6.462871524270665802e-01
1.007151439483516597e+00
-4.472284534129311595e-02
-5.579025195175200125e-01
3.185819305875767782e-01
7.492102647859155695e-01
-4.105964831933963666e-01
6.906728483139268349e-01
2.434086208178642963e-01
-3.997017567573664110e-01
5.754120927751262826e-01
6.533433732961029250e-01
-7.625457237170110147e-01
-1.829930742680794253e-01
-4.821524260427976216e-01
-1.364010166273486035e-01
-1.036006441235752362e+00
-3.832644082523026796e-01
2.772155827813271856e-01
-9.012854605470455027e-01
-7.185233540140139041e-01
-8.756175381758080078e-02
-4.792790118750129835e-01
6.192511854611550959e-01
8.499700622194001909e-01
-3.593548711496552528e-02
8.487882710823804189e-01
4.485760655680950393e-01
5.733352108439335737e-01
1.542553568603723946e-01
5.325316782841831298e-01
7.326519198010466027e-01
5.552718767603037620e-01
-1.816070141941859006e-01
-7.853579836970157046e-01
-4.184675517065006289e-02
7.525942405909136212e-01
-2.920599848076586014e-01
2.977707342268409718e-01
-6.672989818126140449e-04
5.068485542373304398e-01
4.381673845827904756e-02
-6.573951439321845669e-01
-6.812262058740081727e-03
-2.898959380665262486e-01
8.758145774802450489e-02
-1.807017652157467680e-01
-7.798540793067489929e-01
-5.433511883394466224e-01
-1.012561447088108579e+00
-6.590155861432460682e-01
5.952878637251703964e-01
-6.462642550527313290e-01
-5.344658435664459972e-01
3.501733762398746563e-01
6.586059008398255088e-01
9.177047172639003492e-01
-2.964253582811995358e-01
-1.205219622723801010e-01
1.211888259399280798e-01
-8.449036321801877136e-01
2.807244998297804273e-01
3.849723190685594432e-01
-7.580837085480105486e-01
1.451280774629104542e-01
1.586120700217747981e-01
7.464251625972178061e-01
-6.797022173627000896e-01
7.915384674002909904e-01
-7.620504425351892763e-02
-2.258144934599473075e-01
1.019387872814023765e-01
5.329738584641319221e-01
-4.212819346048028990e-01
1.201700556461862135e-01
3.725496587433045903e-01
2.378312141538954094e-01
-5.096870743812864646e-01
-4.892528547037295894e-01
3.868507701862817783e-01
2.636152663154431863e-01
4.552091035453127432e-01
-2.294450847659561532e-01
9.676751863878667592e-01
-6.014926427895463945e-01
8.334563179252008069e-02
-6.134937314978330392e-01
-9.775555322339357645e-01
-4.179250673973280428e-01
-2.381361323048274414e-01
-3.332030986125289473e-02
-7.974554164309957116e-01
-3.406028985318565461e-01
-5.703680553622181293e-01
-2.542803614276234470e-02
4.486670773534973122e-01
6.167988952817626824e-01
-1.264121136433438153e-02
7.616198316646629607e-01
-7.303743053148004094e-02
-1.692775193801852041e-01
-4.834559258639181678e-01
-1.003857163691446175e+00
1.048766780157222911e+00
8.031763749304765554e-02
1.231917993378974785e-01
-5.079512736939868489e-01
-9.889446572245521594e-01
-7.577802200058858517e-01
1.628227692066257504e-01
6.329818205087258676e-01
-4.575468302621752414e-01
2.555281252858021546e-01
2.788226879822888193e-01
9.727314628188850065e-01
2.956751503332766262e-01
-3.936833617392441198e-01
8.615882909538505885e-01
-6.870403188013387563e-01
-6.191733252643416563e-02
-6.932837950146604200e-01
-4.927705863142328724e-02
4.918985015656049953e-01
2.259195459436869058e-01
-4.354589459648225969e-01
2.823757193497034024e-02
-2.191116628262319566e-01
7.530190178073867813e-01
-3.926247778452234272e-01
-3.727563201469417109e-01
4.378482238149583594e-01
-9.181342890574031301e-01
9.247972657912288952e-01
2.524061833974489133e-02
8.195752153599835665e-01
7.516606384667845475e-01
-6.927324050321761462e-01
-8.698376556194524767e-01
5.159060687867107475e-01
-8.087035034249199228e-01
-8.680848684447628472e-01
-2.540472008599961029e-01
7.003290301407112395e-01
9.195176129333386683e-01
-3.419945045234822345e-01
-4.693556118329436089e-01
2.013396044837865162e-01
-6.819594417141585652e-01
-1.028417553782452476e+00
-4.103727902152272122e-01
-9.158318813581285411e-01
-1.923551751094514373e-01
8.831685564288065393e-01
-2.655164726442560408e-02
-1.493791769958203730e-01
-5.405994332075998443e-01
-9.553395298597457952e-01
-3.038111064602526667e-01
-2.865224283740488431e-01
-5.778811789546809408e-01
5.865870149579279769e-01
4.524045373045382235e-01
-3.215687269498710421e-01
-1.930265722096526915e-01
-6.036597048861853665e-01
9.338275985490795961e-02
-6.154058198972425231e-01
-1.507507533454806037e-01
-9.072353754148210214e-02
-3.812167240236652432e-01
3.029210208426960094e-01
1.438893252045581050e-01
1.014834923825676860e+00
6.135242168299459564e-01
1.012973635855693111e+00
-9.134972117522188739e-01
-1.344377418605935404e-01
1.155562265126519605e-01
1.131672846703501989e-01
8.383511734538551252e-02
-5.001576186387843848e-01
8.305196749899215192e-01
8.056206336053381989e-01
1.662878222099823944e-01
7.327412381191722446e-01
5.986627840911555865e-01
-7.974391551343167350e-01
-1.314199640073265840e-02
9.170081050858396310e-01
-9.890180198293583302e-01
-1.957985954545913287e-01
6.668106697187727860e-01
-8.255832933699824849e-01
-4.024767628394005925e-01
-6.065895288596365731e-01
3.130109740784021710e-01
-7.346989096606781899e-01
-6.745922991347503839e-01
-3.499438890427244431e-01
-3.995713540921030926e-02
1.987605276918102959e-01
-2.111862194710649732e-01
-7.835215627561833429e-01
6.704171810217403049e-01
-2.312824524779877322e-01
-1.009196579198254895e-01
-4.158447896825858692e-01
-3.490409777302518890e-01
4.834447770118366350e-02
-9.972814357536776697e-01
-3.887637535751879980e-01
5.531185440092638572e-01
-6.754260554775086689e-01
-5.229613658378307051e-01
5.500371849400842450e-01
-5.202246821540263966e-01
7.916090348103699270e-01
-3.137734436840764474e-01
1.617901217022126303e-01
-7.197226705987942452e-01
-7.171812371834640487e-02
4.516229701510967587e-01
8.323391142001810294e-01
7.453682517180437728e-01
-3.750035995707019509e-01
-1.006770915544688005e+00
-9.959421968303043826e-01
-8.096782640804711662e-01
-1.964997709948237414e-01
-5.305249378049401443e-01
-8.913617233923218919e-01
6.611875709985319816e-01
-9.430084633813287098e-01
-4.029166013656029222e-01
3.158029821091679068e-01
-1.002629343858441047e-02
7.001890896225120287e-01
-2.616484843136444027e-01
-8.005639451299506604e-01
-3.645155187892772375e-01
-3.392051431999654199e-02
-4.846969992441811925e-01
-6.029491598066183400e-02
-1.020565089163866901e+00
8.113303561798090868e-01
-6.409500715453759767e-01
-7.913225434299633321e-01
3.418460046543305708e-01
-8.236391820963007149e-02
3.231079904266600522e-01
-7.438258505014170296e-01
-1.289385855348745835e-01
1.717264239418705429e-01
-8.800904889719998181e-01
-2.707514880128725210e-01
1.138931003522873908e-01
8.255067330418262017e-01
-5.854764859503518437e-01
-3.057633479742074556e-01
4.850294811513533588e-01
5.267380615262684529e-01
6.601945981114933915e-01
-4.060906090252238698e-01
-1.694476090423027159e-01
7.511567820116376026e-01
-6.686047461313604501e-01
-6.644657333945405142e-01
9.101726907042078096e-01
3.920017397067097065e-01
2.610179891934834018e-01
-6.259746828137204844e-01
3.819968556789019587e-01
4.903018826047116363e-01
-9.389302512987232063e-01
4.081771366036335280e-01
6.341495742339988695e-01
1.780481698358071796e-01
4.649711413885260214e-02
6.754983765917454974e-02
1.537150362946171356e-01
-3.481424504381518403e-01
4.791307841057248496e-01
3.882499478079282085e-01
1.621385543382345418e-01
9.892630015685455191e-02
9.733004808466816371e-01
8.970279796681843720e-01
7.637746526996931351e-01
2.075790800361820843e-01
8.785872159240071255e-02
-5.046645281347457157e-01
1.020627553918086683e+00
-9.096658906691388324e-01
-2.588548746790664268e-01
8.315160897704139131e-01
3.503787437809169347e-01
-9.560088784412759111e-01
2.130779342048230163e-01
-5.102893589528658680e-01
4.724682236115151923e-01
-5.853388551952090069e-01
-6.959013003705134537e-01
-2.689812329543270764e-01
5.477439320981760673e-01
3.645546629309208697e-01
7.983594471983987972e-01
3.458669591658303233e-01
3.681629297088875319e-01
-3.523252573879736005e-01
5.693163166142234388e-01
4.584242448575759354e-01
4.184758727117019461e-01
-1.638364490171628773e-01
3.431576915167511288e-02
8.582152467988723998e-01
2.758513741215384840e-01
-8.111246362402635413e-01
-8.501644149271472273e-01
8.968579137871639517e-01
2.044698138209462002e-01
2.550143627352348119e-01
2.215969168352227570e-01
1.091501743769622834e-01
6.300207319669031136e-01
-3.358865937598940477e-01
-7.884655953922976579e-01
-9.297086518788075793e-01
-5.448954004738411072e-01
-6.274073013338714588e-01
-4.180788304413454171e-01
3.852557132816301078e-01
-1.033671189204362406e+00
-2.405099395459302514e-01
7.468030214247693976e-01
-4.534167909862620860e-01
-5.575752116382171053e-01
-2.501174697223573773e-01
-7.400430754051088300e-01
9.324753851074571998e-01
3.557197447848947647e-01
-9.175447537028311729e-01
-4.460018553059441615e-02
-2.612981035666610552e-01
3.300704558419909063e-02
-1.338282225466134179e-01
8.738229923215214967e-01
-5.871353827877836551e-01
4.869607049430051404e-01
-7.679393102214486788e-01
-7.317526407383470044e-01
7.278192318181080367e-01
-7.110009660424134736e-01
-2.119355152583732860e-01
-1.042584007132774992e+00
4.757351176817126159e-01
3.400554903408483653e-01
1.478160874995193552e-02
6.359130588849186694e-01
-7.438666165416494280e-01
4.364287792912016073e-01
7.708498124554825637e-01
1.017685209666474577e-02
8.855526625463658874e-01
-5.095101028776962693e-01
3.769468016264969634e-01
-9.389014274163365315e-02
-6.003902728448835546e-01
-3.147742311171946028e-01
4.121065751799974919e-01
7.234286410993409078e-01
1.174484590297453224e-02
5.191389537543233956e-01
-5.691975406433966711e-01
-8.455416067390570944e-01
-3.641711001832188543e-01
-6.514719037754188591e-01
4.364927778388905111e-01
-9.214725051435923575e-01
7.725986126184114511e-01
2.812389451694592424e-01
-8.307098137286317296e-02
-8.203429462322944232e-01
-2.988809951257760389e-01
7.318318446993332671e-01
-8.186932462712945835e-01
8.546813471637628723e-01
3.324177185844412463e-02
-7.724022728854169628e-01
7.625223366666027403e-01
-1.020393184694984079e+00
-4.877655476088991193e-01
-2.560640941427827499e-02
-1.455557387852879359e-01
-1.669027528010014194e-01
7.467480950435669840e-01
3.030305002273268045e-01
6.692909415577963372e-01
-7.152154628927185342e-01
1.422100247390130079e-01
-1.054269939555965152e-01
-3.594280274330436953e-01
1.095284103452591751e-01
-6.676226750813949451e-01
-2.190377457056786881e-01
3.549104776473113176e-01
1.440556092564637680e-01
8.193750800973811366e-01
2.571745782283905157e-01
-5.442297527931128087e-01
-8.133677835969956860e-01
-9.625809059759022901e-01
8.166575580368320431e-01
1.044523579113931788e-01
-1.207470444785929686e-02
-5.660852909885143447e-01
2.138692611663390863e-01
2.876236116512966845e-01
6.824956077553956391e-01
-1.689974831675487010e-01
-3.360847839100777890e-01
1.233027041827128301e-02
9.378594334615115713e-01
-2.600795611750603697e-01
-1.055457420817512926e+00
-3.346264012249182684e-01
-5.558076340823632222e-01
3.335941609421766429e-01
1.045967453538604985e+00
3.172800075786437191e-01
8.412687369932250192e-01
-7.557441128642352624e-01
-5.937496850708301466e-01
-8.713415467516654189e-01
-6.891014221001965367e-01
2.390612873506157143e-01
3.358398905169206472e-01
5.988443238014351522e-01
-5.237200001663566695e-02
7.404995946750014824e-01
-4.410048229993890345e-01
3.981660075387791764e-01
6.481977893386385858e-01
9.809358709499749196e-01
-5.483800358521486729e-01
-8.796957979637056724e-01
9.641416742022350661e-01
5.445445925652858676e-02
3.492560717547643634e-01
-4.949738449073919355e-01
-4.688570037141275293e-01
-9.165378370634851279e-01
-8.415321107086448649e-02
-3.794932412549441025e-01
-8.508042775677706615e-01
3.934923507495806660e-01
-1.238727880623535782e-02
-1.035979157575503962e-01
-8.033031885270860428e-01
-4.160575101872545645e-01
3.511954634540490616e-01
7.583447211958640466e-01
-3.783979836221433857e-01
3.478692677731096694e-01
-9.247041052334017408e-01
7.680133978361229907e-01
-8.246145022686484083e-01
-1.205063709658471538e-02
-1.413983733053418845e-01
-8.009381504931729623e-01
1.149427465920460634e-01
-1.223633262937164901e-01
-2.537271434298569162e-01
3.010337514377923185e-01
-2.535176073485452264e-01
-7.066357957256794720e-01
1.847551451091264951e-01
2.148744213667903580e-01
5.155847308280669949e-03
4.041743504546966292e-01
3.619741430810226035e-01
1.141996668204896537e-01
5.728618012688428962e-01
-3.133848063471411649e-02
1.026558541924384116e+00
-4.283881268334877035e-02
-4.288874103690449857e-01
-5.315706770043995277e-01
-5.456005351950814486e-01
6.164490728945057896e-01
-4.917043817396411498e-01
7.510318042205774702e-01
-6.890670758666148643e-01
9.165482991582756256e-01
7.484709165674683362e-01
1.005447401858869938e-01
5.658469523156757219e-01
2.726270898254545827e-01
1.356545474247461414e-01
5.528992280027615891e-01
-6.823012815788471741e-01
-1.721314860793565771e-02
-6.590520524868113128e-01
7.553225964479626242e-02
2.829786225244932396e-01
-5.277179993577654216e-01
1.275000297809922856e-01
9.537323445092606988e-01
-3.434657355501267162e-01
-9.162052527866269003e-01
-2.182762289762782970e-01
-7.776729380986155959e-01
-7.030787548858183911e-01
4.460694190795422287e-02
-6.727215361935332538e-01
1.489680639685531105e-02
9.203679915247864329e-02
3.550752879432135245e-01
-7.110760067006891560e-01
4.317541013008483475e-01
1.311022198252853599e-02
-5.731355484435676217e-01
4.989685029756030232e-01
-8.613152990730403857e-01
8.700208418406507604e-01
5.241197682900269328e-01
3.706270014682928604e-01
-7.048047349104429316e-01
7.661021671380918718e-01
-1.664306593970463766e-01
-3.911750616330680330e-01
-6.469930313886207429e-01
1.996637197242865369e-01
7.189741756640577464e-01
-2.083792649221827276e-02
-5.523554614994354850e-01
-5.065352745903215492e-01
1.246128277738591805e-01
-5.564965696221433333e-01
5.270596290492424174e-01
8.528144221806446268e-01
-2.593896377163309452e-01
-3.831605612992916576e-02
-9.866474301003034242e-01
-7.397203458748720095e-01
5.216869993894279744e-01
1.905148946470482940e-01
-2.324057089971054424e-01
-6.476536456136869901e-01
3.991575994859077881e-01
9.396626703320523077e-01
-5.602508784298789735e-01
-9.095466180089681885e-01
-4.375714189413226762e-02
-1.126483328760432556e-01
-6.609834319316281182e-01
2.597725391417240459e-01
-1.429654026822815283e-01
-5.364634606614258061e-01
-6.184187694887830489e-01
1.642133587732876876e-01
6.227555137342157821e-01
7.715369181605424842e-02
1.909386530977172924e-01
-7.791301043995488840e-01
5.902588558676180597e-01
3.668092326822023352e-01
-1.627715248522108027e-01
5.070595154700638929e-01
-5.075319684270862552e-02
2.454295386499669718e-01
-8.594333822710957804e-01
9.092717511795758156e-01
-3.162094126622640999e-01
-7.145048888722769220e-01
3.731548287472064018e-01
-8.754473708608951910e-01
6.692172517716166169e-01
9.542404020303596468e-01
-4.493805902912475503e-01
-4.133845230406683058e-01
-3.863952409486808293e-01
-7.014640078162184267e-01
2.528346532075644859e-01
4.495031112470639911e-01
-7.235970712523807080e-01
-6.164362355096120183e-01
-2.375664676877100590e-01
8.744605350452028247e-01
-1.325583067287201544e-01
-7.392852356172863182e-02
-4.231714500069569951e-01
8.949676982885721443e-01
-2.951311290460809644e-01
-5.982831981112077813e-01
4.839533174593064757e-01
-4.005960002232011874e-01
5.525037402624999316e-01
3.055135454815314233e-01
8.757858379804996929e-01
9.459399096651317507e-01
-2.113944562014991035e-01
1.253333008875436860e-01
-6.475069445802255075e-01
9.612281757687126671e-01
-2.642745482059662976e-01
-1.018061786529551149e+00
8.357959451362422243e-01
-1.586586868788408822e-01
2.463689665756882974e-01
1.008733227052040604e+00
-7.405975988602513382e-01
9.929232998331771753e-01
-1.119929709698155307e-01
4.754022647052780215e-01
1.232478134959169580e-02
5.999065468563244963e-01
-1.661562436336199156e-01
8.328566103067043258e-01
3.474143089117198713e-02
7.719342394022499221e-01
-1.552785655589659086e-01
1.811908086316718069e-01
6.556114031492201732e-01
-4.079500189512561548e-01
4.794075263755859240e-01
-5.721275691323004509e-01
-2.224225494233316169e-01
-6.588193163992102086e-01
-2.587422042629246022e-01
8.842682558772558821e-01
-7.127321756857405433e-01
6.236812235884485744e-01
-9.016175920549596157e-01
7.980576448635705589e-01
-6.969798995219900206e-02
2.682642256967735506e-01
1.520251420845362134e-01
-5.889720931299446960e-02
1.337019883151810973e-01
-7.655653374736619554e-01
1.985078360727161595e-01
-6.298314911878888367e-01
-8.469647553065575707e-01
-1.938072821199456897e-01
-6.441703742556468271e-01
-7.816528980767998291e-01
-4.283309760631945906e-01
2.134990496812028127e-01
4.373805574724443090e-03
-9.544080143668960403e-01
5.404590069286783205e-01
-7.324307062127299872e-01
3.139205662844632982e-01
-8.969312488555125640e-02
7.552791037707340394e-01
4.624263294679344938e-01
5.973179287390912862e-01
-2.715099296312430965e-01
-7.589304427498033689e-01
3.204090319580892299e-01
7.397520265414314622e-01
9.613892280156495218e-01
-6.309081375915317480e-01
-1.168875393769113202e-01
4.375586603659975538e-02
7.063370679976443967e-02
-7.491782967421727335e-01
-6.930290753958558980e-01
2.130956312142373577e-01
-8.745623239910820246e-01
5.900067207937675917e-01
1.039532890673742216e-01
-2.745229170780394412e-02
3.541533087321093731e-01
-6.800755534884821429e-01
3.603041950944465555e-01
3.783088123089717314e-01
3.740422387280588623e-01
-5.586816080984409183e-01
7.451806109991876426e-01
3.822598651915445345e-01
-6.765319000618799095e-01
-6.052777778238613848e-01
-5.634414790820008179e-01
5.670446123378738434e-01
-4.522500567700760143e-02
-7.031322004550233373e-02
3.930765886367009188e-01
9.399634222625499191e-01
1.924599932893702459e-01
2.892225709820452906e-01
-4.215666661110670788e-01
8.909246540871240683e-01
-2.934316817637769859e-01
6.281604555445374771e-01
-1.241761429737291422e-01
-3.112453489968931564e-01
-9.048363699323820342e-01
-8.861519210277615244e-01
-7.208358413959956579e-01
8.256261868943628457e-01
8.286971005732972628e-01
6.389365038314567258e-01
-1.692568147899109476e-01
2.676212832995421564e-01
-3.112042234856922107e-01
-7.871988852038276363e-01
-1.061109782228016662e+00
4.569908673451292813e-01
-6.065041506664030635e-01
-4.216301854147808115e-02
-5.569047425908522087e-01
1.020345686255894613e+00
-3.706365490290419729e-02
-8.929182979637699802e-01
9.111626164949226947e-01
2.237321304499868546e-01
-5.007420361673062814e-01
-7.882177366576668121e-01
-1.124386180009366853e-01
-3.511686781817413561e-02
-1.619224045988456595e-01
8.235275608249903456e-01
6.207312382461402933e-01
-9.012968109400407712e-01
1.050012099110393393e-01
2.114809492774769595e-01
9.902312519738458718e-01
4.605876772278039155e-01
-1.979951182247656760e-01
-4.060748795200650463e-01
7.730024525760263998e-01
4.620444145625555166e-01
-8.170813477774272471e-01
-4.668709033860842794e-01
3.567093144512174518e-01
6.443214262084309141e-01
-2.067367023704047568e-02
-8.983949395533983306e-01
6.884736641972777349e-01
-5.367886131715851050e-01
1.736898516804021853e-01
-1.097365128773857279e-01
-7.681263800179767287e-01
6.680502219256823082e-02
8.449218202604580341e-01
5.837689234604601651e-01
1.563981492598056633e-01
3.071729856821283633e-01
-7.258915428603351927e-01
-1.899259643070561054e-01
9.300236441439739821e-01
-4.884724430808491391e-01
2.950704761048985603e-01
-6.708926924645632894e-01
-6.972545832804390997e-01
7.224578998392603424e-01
2.078948312415604960e-01
-3.339628250614152805e-01
-4.621976669066834020e-01
1.201532218085308301e-01
-6.917415156123061237e-01
5.105907274845842281e-01
-4.456850510495193873e-01
1.000082009124789728e+00
-3.227162850774245584e-01
8.557173426324968801e-01
2.983857739776141216e-01
3.956832280454172235e-01
4.353619577759104686e-02
-3.723548243784771117e-01
1.679317261329096311e-01
-1.102080679639678706e-01
5.416411027859382443e-01
-1.069024582498814269e-01
-6.483025753197404484e-01
-5.141603110984327429e-03
-2.604723318198685078e-01
-4.845006846806985124e-01
-8.476897701702688082e-01
4.868360895554957324e-01
2.846902207804866691e-01
8.153858069629418281e-01
-2.334832304037401940e-01
9.941179951752392441e-01
8.576052151396140744e-02
6.583505775568454510e-02
-4.328994887092347810e-01
-1.724871007188530925e-01
-3.396513589694860613e-01
5.053502565123579870e-02
-6.548000397681876805e-01
-7.176593241944528856e-01
4.639438091721093116e-01
-5.236812187951569442e-01
9.941418079760531157e-01
-2.726992030200010575e-01
-9.037886088236373183e-01
2.305584333133259278e-01
4.277810759848890143e-01
3.236675157337085551e-01
-9.137101859417038341e-01
1.444477612249812637e-01
-5.024514297088442660e-01
-6.443408505504182315e-01
2.060362746562125480e-01
2.944492895278960631e-01
5.799480560288632347e-01
-1.976234790239415062e-01
-2.071003952108716462e-01
8.509775480304888617e-01
-5.699902606088880219e-01
1.439241044370653810e-03
4.171929052398404281e-02
-4.621982647586779791e-01
1.535114276750046969e-01
2.167473043971419600e-01
-8.188765155779682559e-01
-3.998682592840925309e-01
-5.352400095894616072e-02
7.081514558247992142e-02
-1.732886647064226793e-01
4.142043600503519940e-01
5.367789046754971594e-01
7.110875812124124451e-01
8.108321492188252932e-02
-5.249535788659329683e-01
4.957743824951101885e-01
-1.624617351287387379e-01
-2.710796227295100280e-01
-4.557616421213044333e-01
2.323723932135912662e-02
3.063783635970267483e-01
2.341674898433145913e-01
5.405166940291987743e-01
2.016313015071604653e-01
5.413564985333163548e-02
-8.031661859825849348e-01
-2.157942534949821578e-01
-5.574147448178443653e-01
3.713644958319273215e-01
4.508800064809452834e-01
8.886794468153125237e-01
-4.237358734278071637e-01
-8.048026339068758972e-02
-1.245391467248149198e-01
2.065121692501445949e-01
-7.648028220460085791e-01
6.368903271316632697e-01
-7.246343461125537289e-02
2.615609924713719892e-01
-2.912568985242920405e-01
9.223471167573489282e-01
-1.001661681230174850e-01
1.500850008980840755e-01
8.049895982911738912e-01
1.264421678958695949e-01
7.839208698386759266e-01
-2.586822962895762856e-01
1.529826450576177166e-02
-2.508796918038065371e-01
7.804361863353488360e-01
5.124871639153951719e-01
-7.577362066884321123e-01
3.948108058956787403e-01
-1.278519288944401922e-02
-3.644621692084131226e-01
8.091237206344423782e-01
-6.161976212183706281e-01
8.207953522332722684e-02
8.637571334518243660e-01
2.652539289258069033e-01
7.609579982028105150e-01
-3.426606083613030762e-01
-5.078995770584775471e-01
2.536869040594442737e-01
5.361707191937057360e-01
2.596607073785905939e-01
-2.526583788853677959e-01
-1.844422974599435605e-02
4.235259914824540672e-01
5.211433949820616363e-01
6.384300070840591701e-01
7.772368284515538406e-01
-6.694956982486477415e-02
-1.196683655620569553e-01
-8.938495445608083401e-01
-2.141869260635544947e-01
-8.944878867978509618e-01
-4.439685045793524409e-01
-6.292423526703805337e-01
-5.978838521611127277e-01
4.663952158321436059e-01
6.828569171872782562e-01
-3.563856142097980850e-01
-3.750317531702247464e-01
6.473973855163874802e-01
5.277553312555856024e-01
-5.497138813272641755e-01
1.585261227015335450e-01
9.501769313778272164e-01
-6.291000173856780009e-01
9.583486678283197335e-01
1.045150587845522949e+00
5.718987702367250847e-02
3.033619803692992889e-01
5.543894449246877798e-01
-5.184846688099646883e-01
4.788262990385607765e-01
-3.689417799999219483e-01
9.351577244265216748e-01
-7.423825704123441227e-01
2.639482838194249226e-01
6.294870457348888948e-02
-2.227618703608786888e-01
7.891990550570424645e-01
-2.441478174295941272e-01
-7.795370964523407054e-02
4.570846844987741520e-02
-1.054123859683454789e+00
2.972059531698079127e-01
6.300384698271388473e-01
-8.746146389403666177e-01
1.014288356741710473e-01
-2.323558682070743231e-01
-2.497312218967806530e-01
4.349077488132628844e-01
-3.135123322396138335e-01
2.131023044381255005e-01
-2.002060101370313205e-01
9.452977169387182244e-01
-3.400087530461632923e-01
-1.140961755373446351e-01
-6.393445254076297601e-01
-8.561421480371675941e-01
-1.045678003125722899e+00
9.634628128361724109e-01
-3.820576840831568788e-01
-1.026885358891194144e-01
7.651188099045569402e-01
-3.787135839679240945e-01
-5.450270847048326317e-01
-2.414368614388422429e-01
1.509084707269359171e-01
-4.925649950911408226e-01
4.312321611406391142e-01
8.792522650423180153e-01
-2.312682300747432862e-01
-3.255016400030790180e-01
-8.308589447824701324e-01
-5.999305603451592361e-01
-1.954706379615327450e-01
4.352398469050111629e-02
-9.289183761933736960e-01
-1.907336468012177377e-01
6.329312895624328306e-01
8.945052871469254541e-01
-5.522343234791398103e-01
7.244191570748403919e-01
-3.187591983227395787e-01
2.786783042805920374e-01
-1.612682287094227007e-01
1.408554136117761146e-01
8.200754653315520670e-01
4.695342241433753117e-01
-7.341402524132965013e-01
7.522155942486108415e-02
5.564722028613564575e-01
7.193403372895694758e-01
6.468743957200633332e-01
-2.128021672176361179e-01
-1.051360011009808915e+00
-5.440394635596588202e-01
-6.554165942435776770e-01
-5.648879297943265598e-01
1.205359382373956123e-01
1.019105406657255131e+00
2.036240319448090474e-01
6.245128513565409989e-01
6.876805450234080297e-01
3.388616348222095453e-01
-9.042717361534764464e-01
9.809971504450647473e-01
-1.337856799449985701e-01
-5.060605379582323593e-01
-6.830039978918529542e-01
6.867875142598744986e-01
2.276720316876339467e-01
2.125645957019095533e-02
-1.002585962414791254e+00
-6.294662253478353620e-01
1.824145553914782170e-01
-1.567836334402308296e-01
-7.178220511040240837e-01
4.371217333446715259e-01
7.045130907935792663e-01
-8.265958314957755348e-01
-1.920730982704750289e-01
-2.267728209804253936e-03
-4.202248620907180765e-01
1.841154104377356049e-01
7.433233078120320414e-01
-7.963218992685163755e-01
2.156987760877226989e-01
3.767931301492417617e-01
-9.196529013629284321e-02
1.947567014224294013e-01
4.067668881156096816e-01
6.760752142638946083e-01
-6.692501794967853357e-01
9.654681491687817640e-01
5.952710767073954301e-01
-1.864421549186774385e-01
4.343299780792522213e-01
2.450333322668276637e-01
5.958456451456335401e-01
-1.094701692217530109e-01
6.190395785424698261e-01
-1.704182518250387801e-01
-3.464174228354917062e-01
6.992880569718176176e-01
-8.643492663913683316e-01
6.440003215288996330e-01
-7.763345801918930533e-01
-6.005143707895612692e-01
-4.168914848301437104e-01
-2.377689073031374889e-01
2.161894879071084574e-01
4.588543371953113237e-01
-8.581203964190926570e-01
1.885853716303218519e-01
5.615821777317933083e-01
3.535399532200722561e-01
4.580487352863933381e-01
3.041527454475190240e-02
-7.120643880994608210e-01
-3.389928184446837633e-01
-9.358275723287512449e-03
4.540232195648048474e-01
4.199418420683818098e-01
-5.150693999834956571e-01
-7.134080315348745316e-01
6.823722661396516287e-01
-7.798444162093343124e-02
-6.651515247132664399e-01
8.529980227811808646e-01
7.434214590753551732e-01
4.710309263568746019e-02
-4.815172068031143837e-01
-1.427457904122384491e-01
-9.078151120291710896e-02
-4.690624967777514698e-01
3.474886089045359228e-01
6.187814132796241040e-01
1.032990873630015294e+00
3.119940536139491627e-01
-6.471640668220492998e-01
-2.884974493467851175e-02
-6.424501652298078014e-01
7.079087117930793482e-02
4.466603172349339346e-01
-7.471188798771954964e-03
-3.072835693128803669e-01
-9.408956493131439558e-01
-2.454316312512530018e-01
6.155503591531497065e-01
2.136717380451544912e-01
-2.500699914795845302e-03
-7.522679836564449829e-02
9.186238758399749571e-01
-2.017539564053763002e-01
8.482510379551122526e-02
8.913919060850101772e-01
5.984399063141410124e-02
8.463998604331548492e-01
4.258613431602942256e-02
-7.962136296468766972e-01
-3.063082590603745103e-01
-1.370077085858989463e-01
9.440263668410242559e-01
2.453363451264465311e-01
-3.947883125959865680e-01
5.407844880762660011e-01
2.283468713657645921e-01
4.577952082987710725e-01
9.037277479023444471e-01
6.976408227120689531e-01
9.009112264167047357e-01
4.802397828394866508e-01
9.378017796365201164e-01
-7.998661883225999247e-02
-6.872397326142198892e-02
-3.727039377534779874e-01
1.030441705628502014e+00
-5.543964082302457186e-01
3.157177962857540265e-01
-1.675915296539702837e-01
-7.798880654850055549e-01
-3.622572954796119404e-01
7.778428901064584622e-01
-5.202500640598346493e-01
-3.998255393550884662e-01
-1.656526918940262050e-01
-8.001508714683698287e-01
7.791642790176034339e-01
-3.739078514719462731e-02
4.716490099781580625e-01
-3.987485206352943123e-01
3.544110309339050247e-01
1.041626719406780310e+00
6.266926642083063825e-01
-6.020588778330342450e-01
-7.662998615133300717e-01
9.039467602861970263e-01
2.417196684053255495e-01
5.169908495579464969e-01
-4.255804470912964987e-01
6.826383775965574330e-01
2.093946859904782798e-02
-3.488336628357879832e-01
-2.316886811274461166e-01
-4.933472894660830832e-01
4.430755694856358673e-01
-2.411307351763829487e-01
-2.214891434094514722e-01
-3.674322408389532058e-01
-3.672048708938318029e-01
-5.839368636656869782e-01
-4.445083719082258966e-01
3.105277436709110717e-01
7.021280280405157725e-01
-3.845157711500979403e-01
7.282239363468328008e-01
-1.315339345918253855e-01
3.628754591516685224e-01
-8.062341983901122333e-01
-5.180498765401431172e-01
9.874932839303127707e-01
-6.478413350730285458e-01
1.103705946198774157e-01
-1.065107109835039090e+00
4.766466345673050498e-01
-2.140057190385569186e-01
6.357320581121017611e-01
-6.414145754031768121e-01
-9.338335960944021963e-02
4.968897823851570195e-03
-2.118806485345023916e-01
-5.945124662537004667e-01
6.679872109856770379e-01
1.031793751079721488e-01
4.182253645386424523e-01
2.310010784387994676e-01
1.050330939914898565e-01
-5.755661010389481191e-01
-4.771461416933506783e-01
4.305588138705989110e-01
-1.993934632156673104e-01
4.075659141849641287e-01
-1.220323689369706699e-01
-6.826548308807867116e-01
4.481422644444412740e-01
1.007635934138168210e+00
4.500973620825661214e-01
5.179707713254755319e-01
-1.633110976249412261e-01
7.676690020557499494e-01
5.776634492546008914e-01
-4.843160770211074606e-01
-3.093276528397783665e-01
6.278724406044915440e-01
1.382064640107572018e-01
-7.054483416872141532e-01
-9.659092092483803071e-01
-2.639595491568105246e-01
-6.038287306346576955e-01
4.129182496481202946e-01
4.620575342714161593e-02
-3.819709527393060355e-01
2.680470506659116126e-02
-1.835512216409185271e-02
2.980126854462605834e-01
-1.503738733816204487e-01
7.223792784012728063e-01
8.603177306523477341e-01
-7.932100186264356978e-01
7.894702401650866008e-01
3.759763689483985871e-01
-6.249173238366099170e-01
-7.524255478285937215e-01
4.831313027202348565e-01
-3.447291241908185810e-01
3.507597197191287819e-01
3.671685321096260779e-01
6.246470390418057406e-01
4.317340108731659853e-01
9.524468272184982709e-01
-2.882799717542754436e-01
5.654628927336613486e-01
5.049817944308543360e-02
-8.300765465139008370e-01
1.133200617447283065e-01
-1.333912502843848102e-01
4.317624502153707411e-01
-8.211799515931428317e-02
1.930765889479033603e-01
2.627504285126134320e-01
-9.861821258880940633e-01
-8.879941279225267436e-02
-7.248418368246758448e-01
7.711953408078233707e-01
5.460239098505592636e-02
4.182790603396320250e-01
-6.496535973377390860e-01
-2.981977035157772349e-01
-5.162697180393447383e-01
8.421954515711425060e-01
-3.485405299708315141e-01
2.360497230254052781e-01
-5.593200694321964761e-02
1.061254220170884111e-01
4.826088702243316320e-01
3.261369294157088206e-01
6.991637327087225628e-01
-3.600727456321450859e-01
-9.824344307136163579e-01
-7.346580763517529533e-01
1.901478196532870868e-01
-2.355567101966649091e-01
-5.762736828597549987e-01
-1.842032493077434552e-01
6.841419189913624521e-01
2.667263669432093920e-01
3.138641701431321707e-01
-3.471979259363031645e-01
-4.170940593902603410e-01
-2.301726934189911589e-01
-7.196129956835406460e-02
7.938021576272147328e-01
8.374862839526366898e-01
3.909263562671130288e-01
-8.415491484100758868e-01
-6.889238441813292368e-01
-1.010126275579836364e+00
1.182352118114504691e-01
3.631169645181318018e-01
3.281614751841495092e-01
9.159030864497808011e-01
5.381261908798062876e-01
-6.852129513349449752e-01
1.647848503727988856e-01
-2.366856944152004871e-01
3.134158820994308314e-01
-7.564536596694351189e-01
3.457438203041540703e-01
-9.173525375249091951e-01
1.571440871722007415e-01
-5.394849716165843745e-01
4.428326742393036142e-01
8.609853825570024100e-02
-6.242366102956413698e-01
7.290333651305829221e-01
-6.054630829354055166e-01
6.152925200344316892e-01
-8.302986656866107040e-01
1.045116174474038928e-01
-2.614043770967011682e-01
3.021797532471026670e-02
-1.498437723351813133e-01
4.701209773705095074e-02
-9.340028821416268556e-02
5.647949166702401769e-01
-6.286747376596197867e-01
-4.717471946044025088e-01
4.547087620946754782e-02
9.446103851338536472e-01
6.081036363181899773e-01
-1.060543271238820751e-01
4.347343932825529222e-01
7.890329030549683154e-01
4.180702725742202475e-01
-2.075164573202448182e-01
-2.501378883078757553e-01
-4.458973644036037243e-01
-9.997383533609740525e-01
-2.515300685352706012e-01
-4.245593424357032575e-01
-1.969187552666005203e-01
6.374796982743387019e-01
6.283924710964781113e-01
5.842351414698567780e-01
1.023389722459969953e+00
-6.193678457450424446e-02
1.173084081076680718e-02
7.596168563111724836e-01
-4.834606626785209471e-01
1.004368803983495262e+00
4.010439240370224923e-01
1.789684481255351400e-01
-7.793997177292322220e-01
5.896252389617799849e-01
7.242458707667553952e-01
7.443201405877619692e-02
-3.083189495128744184e-01
7.260734498737564380e-01
3.268466743442601796e-01
1.989929629793607546e-03
-4.352392018554844810e-01
-1.785024959768239938e-01
-5.640004629300667816e-01
-3.811486925696510042e-01
5.607912696848149636e-01
4.926196176170059005e-01
-8.794404918799951787e-01
-6.442341796010513377e-01
4.968661622060093208e-01
-1.926378481349058092e-01
1.456648792540216064e-01
3.887100885728047572e-01
5.288671486749425554e-01
-5.674683847171380080e-02
-7.678906129070393050e-01
-1.801391720711222888e-01
-2.449032652216684980e-01
-6.388351435374044485e-01
1.243056724433984073e-01
-5.716166261237365376e-02
5.902585801560542578e-01
5.541327115205119114e-01
6.316750622670888049e-01
-6.801590397154662071e-01
2.639773083130405595e-01
9.327697202533302701e-01
-2.190417440531078341e-02
-6.409010014081228945e-01
1.991246878802144238e-01
-9.234662061379736997e-01
1.376896318565812294e-02
4.362223440995558477e-01
-8.404063049846062228e-01
-7.966291552637292384e-01
3.207900563294181495e-01
4.746287346160045217e-01
-6.719720543712650596e-01
3.063250266065145055e-01
-1.897700102276731471e-01
3.751302027655913918e-01
1.840082235141338174e-02
6.853536051346278413e-01
-4.139346160044734546e-01
5.146847944894776816e-01
4.040112872383332387e-01
-5.337102082067213260e-01
8.346954135172621747e-01
-3.121332472874769337e-01
-1.653391307209508554e-01
2.621148122926530988e-01
-3.928816809436632695e-01
-3.048301243420201700e-01
-7.961059971964523641e-02
-2.405212146387505356e-01
-7.707590464142786146e-01
1.040861475713383832e+00
8.434167461681099098e-01
-5.683610544481041416e-01
4.417857522988279939e-01
4.141512657753541049e-01
-3.524174854471295859e-01
-5.016391883517155037e-01
-8.844799744872311464e-02
-7.309264046009085192e-01
5.479017409108699610e-02
4.684782416557062845e-01
9.047508456839921109e-01
-3.969442044563544769e-01
-3.246446974550520892e-01
-9.480434269227773214e-01
-7.762506138311398018e-02
-5.052457100317999661e-01
4.436643486029083761e-01
-1.863210464613409556e-01
-1.004508850918408580e+00
-6.379301331692746047e-01
-8.310016759312004453e-01
1.541656971065066273e-01
-5.310327783398260948e-02
2.700275690632576442e-01
9.547660862891138578e-01
-1.496558393318876412e-01
2.585044588846141522e-02
5.671372117727457862e-01
9.391512817433733673e-01
-4.655133704105161030e-01
-4.458640970593616970e-01
-1.377298453724780103e-01
9.167000364314592531e-01
-6.104987401407608871e-01
3.935815133681259681e-01
-5.548375282393349650e-01
8.868008089439882724e-01
6.603333385327303517e-02
9.000553623578566587e-01
6.111774286051012695e-01
6.652063247880608543e-01
-6.286326990902146861e-03
4.445103059930630707e-01
-1.022934056592267105e+00
-1.267139054415462596e-01
-6.623903773747628065e-01
-2.014673135597710996e-01
7.891759915542841952e-01
-3.925570777261198074e-01
-8.280847127162038745e-01
-3.541583436750146419e-01
-3.104577322887358548e-02
4.512427295242922298e-01
-7.893639680240784884e-01
1.354025770909652593e-01
-1.558778685384245577e-01
2.794579022987502270e-01
-5.048156990250216580e-01
8.734892477136044775e-01
5.620844232257802275e-01
3.075685096207179114e-01
-2.979018335968124376e-01
1.460450010050866609e-01
1.507306919203479367e-01
5.262063658675408817e-01
-2.369395029025733734e-01
-3.884461104026124545e-01
-7.215338836086075958e-01
3.728399722565169938e-01
-6.806266687168207596e-01
6.786458228631033762e-01
3.520830660402873846e-01
-2.076390737430386935e-01
1.506728643091639341e-01
6.709853237954810368e-02
6.654896528047338222e-02
4.580480966299669277e-01
-2.542941452624045695e-01
-5.536262895955577079e-01
-3.372802006638044858e-01
9.165961795453894112e-01
1.031738675763786972e-01
7.666171416575826569e-01
6.693545689684583522e-01
-5.501260425802678711e-01
-1.066140948722402726e-01
-8.311309330531875261e-01
4.195892613817786554e-01
8.764876633047506971e-01
8.795005243965583475e-01
-1.488194387229837545e-01
3.019408229319271442e-01
-4.612616854155549007e-01
7.432437397434776827e-01
-1.634374910097582401e-01
5.934646386625708203e-01
3.087816065431949752e-01
-1.033507923283378815e-01
5.904233402057323943e-01
6.732277573325671227e-01
3.809288220162425631e-01
-2.171328449407221584e-01
5.434783327145122911e-01
2.225066660063426127e-01
8.635953014789343740e-01
-8.109164370735992833e-01
3.255855546724086835e-01
6.037108364236480895e-01
-6.679543688137812296e-02
-4.586715684381852398e-01
3.917299281364510222e-01
-3.066226164788323771e-01
-5.917724035001823424e-01
-7.299334868651019548e-01
-8.332776484294379671e-01
-3.651483608011476534e-01
9.523587890118907495e-01
9.070981392233621321e-01
-1.030340447643760537e+00
4.298073537398661159e-01
7.435917327239174313e-01
-3.018550535535045043e-01
-8.699648745333492528e-01
1.966279607757197567e-01
5.051584865071534480e-01
-9.733681217193392854e-01
1.673132007851751979e-01
1.864081537639261654e-02
-7.193898636014024461e-01
-1.023572352070659441e+00
-5.423010373914367577e-01
-1.026762889053844496e+00
-7.907435680382466359e-01
-4.117909032552260484e-01
-5.229262224431696637e-02
4.213371092753490643e-01
-4.676976330359590150e-01
-8.314652690874275720e-01
4.806986903501000441e-01
1.999653628876156830e-01
5.835016990439889639e-01
-1.438409355008261059e-01
4.741563126257597460e-01
1.303489091236205155e-01
-1.365700522630453051e-01
1.076067360451293808e-02
2.244157705347564757e-01
-7.974011383071379910e-01
3.943241900268823485e-02
-5.552405768042305567e-01
-4.278983776816502882e-01
3.593271319277064890e-01
6.715395275347981752e-01
-2.948208162823942047e-01
-6.965606750560704441e-01
1.578720539878366580e-01
9.419668112706673924e-01
-6.062763904520735991e-01
-7.442598868948433477e-01
1.272140426928469736e-01
1.104240816943482528e-01
-3.808106729294884474e-01
6.729498074697923826e-01
-2.371089905708245738e-02
-9.588261360170324821e-01
-1.660405799518649417e-03
-5.107471497082567424e-01
-5.580709735817155348e-01
6.796443759661086048e-01
1.247619125869814383e-02
-3.073425234549560514e-01
-1.775755200119402133e-01
7.471041233119590785e-01
-2.907302609988358100e-01
-9.194475504816974620e-01
1.010853951610966028e+00
-8.124600177313556770e-02
-5.023272962328970692e-01
7.828503146374643507e-02
5.455446557925611728e-01
2.979389045394578162e-01
-5.034001431892702882e-01
4.053982009088148430e-01
2.123809430049430347e-01
-6.039065981789892845e-01
-6.172756014736169305e-02
-4.490310884207335818e-01
-8.610482037343452077e-01
-3.846289309177182147e-01
-3.696639518687705461e-01
3.083820951233811059e-01
-4.943870772312450868e-01
-9.923615356156734180e-02
-1.165177190703845511e-01
5.654515400494819488e-01
4.780832965412873392e-01
5.843969977113347980e-01
2.811353603274575619e-01
6.183648737174021193e-01
-1.026660441965969284e+00
-2.957153533576759585e-01
-1.021983663118117391e+00
6.188081573132810931e-01
3.808333284877285507e-01
6.589370768382805110e-01
4.026511185773262724e-01
8.715201439948376816e-01
-5.039832545820903675e-01
8.146107599119813969e-01
-3.289261352421419815e-01
-4.646000785332979888e-01
-1.905682651303264308e-01
-2.629036391058061639e-01
-2.380104169115222490e-01
6.079980631795889323e-01
-9.742493624032473321e-01
-8.612406322867673936e-01
4.091472564772482556e-01
1.657521019848582355e-01
-2.325837895653117826e-01
-5.934312335274336547e-01
-4.646368424276481335e-02
1.061569587751884924e-01
8.890820942933963522e-01
7.927712285553596416e-01
-8.889592739066021210e-01
-8.869025390742093506e-01
-2.254517812790801656e-02
4.071296734256257821e-02
3.920453620546373585e-01
-4.034457006376461763e-01
3.589285798887456025e-01
4.855310859580077576e-01
-1.276413745179514336e-01
-7.319055475496956120e-01
8.614002883499622953e-01
-4.156485162839080871e-01
-9.848122335438631580e-01
-3.321766626002276013e-01
1.009847504931294715e+00
4.525505596818621967e-01
-4.181406891327625885e-01
2.471537298889625589e-02
8.998741643558751946e-01
5.069416257576309093e-01
7.790516009699075539e-01
4.747475048044114132e-01
-6.523558043976613874e-01
1.409447217462345137e-01
-5.065038585897472245e-01
-4.163031717680372168e-01
9.958010605825551309e-01
-4.926071547538617423e-01
2.166225307603921735e-01
-6.935558458456663189e-01
6.895566793910994363e-01
-1.550093146601350114e-01
7.810477782348970166e-01
5.749659170328964564e-01
4.912847056793463452e-01
-5.018755477749410332e-01
1.858424748423050943e-01
-6.972567577727470933e-01
-5.229717766987658223e-01
-2.485221105994037671e-01
2.401095124309922113e-01
5.964824103452981419e-01
7.544537351500490985e-02
-1.682624220990156516e-01
4.951091171841408567e-01
-8.489959593569826879e-01
6.079920934724638570e-01
8.204088567778189400e-02
3.027124346249383535e-01
-7.603535356644472998e-01
-2.344267061606162272e-01
-4.508825606525714846e-01
5.637997604338291779e-01
1.574816975456903023e-01
6.268342884690216721e-01
-5.776005233303926900e-02
-8.401824347284527761e-01
-5.681508022085646203e-01
1.033179668065873358e-01
-8.286813647741357869e-01
-4.623143513110763436e-01
5.293100848961715954e-01
5.430541119164953301e-01
6.726982750134880007e-02
1.454838250012215894e-01
-5.414364053071576421e-01
-4.089906875335653780e-01
9.257739524062351677e-01
5.126617999018030503e-01
-9.991883051783894132e-01
5.725168840683299010e-01
-4.188493967865802858e-03
-6.558887432326159228e-01
-4.898997757351333249e-01
-7.718533606229058819e-01
-5.333369720921155022e-02
-1.239842520667160386e-01
-1.154541970279732155e-01
5.778076039491333304e-01
5.908148733204825476e-01
-2.308604553009088178e-01
-2.195136362653213880e-01
-3.848158777273331665e-01
1.274453253489120641e-01
-7.525980209045757263e-01
7.491684446546029719e-01
-3.822968964107982259e-01
-3.891439661267837025e-01
-2.107499905003002993e-01
8.765555890457479293e-01
3.875031386209393247e-02
-5.906977446271541865e-01
-6.446951040920376741e-01
-4.611036822261898038e-01
3.158519703910833698e-02
3.642524844290830899e-01
-1.195586268622648163e-01
7.473046128996632120e-01
-4.142664259941764016e-01
-9.099630735615988897e-01
9.853001092124280547e-01
-2.686320248025131363e-01
3.475796745520050024e-01
4.809109146713055338e-01
-3.270048062248420706e-02
-4.269745812861680534e-01
3.569330947352966632e-02
