-4.098849782653459783e-01
-1.745511190546791269e-01
-7.481419475086479309e-01
-1.603726288344473616e-01
-3.019944929670135281e-01
-5.125759889484049481e-01
-1.016319965913794476e-01
-3.702686587342203239e-01
2.900405829112990830e-01
-3.351590083230702177e-01
1.356525389220477607e-01
5.779916234569419942e-01
4.859566432458519714e-01
1.434373288408208325e-01
4.917295845728748560e-01
-3.554719514692354920e-01
5.439783854441815336e-01
-1.046603886702754949e-01
-1.796700222464373553e-01
-3.582881110766757971e-01
7.382490283342875159e-01
-1.708778120495422215e-01
-2.486569522304620250e-01
4.067329813260744942e-01
3.191471636363623077e-01
-1.923886001065975293e-01
-3.090159110520040997e-02
9.493267110247671781e-04
-5.399801119337492850e-01
-5.715869600626861669e-01
-4.135412817597661217e-02
-6.612585152499717012e-01
1.962436494227679518e-01
1.392715854980668411e-01
-2.566668897817327988e-01
3.916863209480911934e-01
-7.268628433876500594e-02
4.950708527134670689e-01
6.195767536134422215e-01
5.259771522375462638e-01
6.825924846248474509e-01
2.091403655053367672e-01
6.516809682475601662e-01
-1.675161268231750711e-01
-5.855236717258236467e-01
-2.979374100171918727e-01
1.640836411206505474e-01
2.948976272426060419e-01
-4.628474705791987276e-01
-3.716524266835543600e-01
3.979336351102427116e-01
1.324887087200385949e-01
2.083250613619647140e-01
2.937358800827105654e-01
5.147379260606772533e-01
-2.150105586671884339e-01
-2.925483196365599170e-01
-6.295564211954616241e-01
-2.084781223081719759e-01
2.274128859327460006e-01
-5.898696536103118504e-01
3.142669758532683488e-01
-1.545708084507220192e-01
-1.770275397729905720e-01
-5.328098032277894802e-01
5.421800720171177090e-02
-5.350900229562149946e-01
-3.858761445791447642e-02
-1.611664626012592194e-01
-4.311335366617283782e-01
-5.184750810103579965e-01
1.848187648652244164e-01
1.709854484859274493e-01
-4.890637032536151452e-01
5.831288258396050139e-01
-4.667728622644062852e-01
4.439196971798597957e-01
-5.813754691947545794e-01
-1.081096680732898108e-01
-3.845616845108681403e-01
4.589461608763114597e-01
-3.584401255083928817e-01
7.364551394949003793e-02
-4.728091387493353892e-01
-4.485664448093045209e-01
2.769377623651205766e-01
-5.259449856481843710e-01
2.346700111865303029e-01
6.368541586945948296e-01
-6.992837972270393720e-01
4.277802891821380626e-01
1.121863088207719628e-01
1.323965765344103929e-01
-3.863598898033417939e-01
6.207337301660711404e-01
2.638469385348471974e-01
8.761071524785357667e-02
2.692183391450537755e-01
-4.101315542677017589e-01
-1.539981620347603553e-01
4.545158476771877787e-01
4.305466162513873485e-01
-5.307865551477490840e-01
7.117278417882566544e-01
-2.079022479336600782e-02
1.395221681357501353e-01
5.466088149907575300e-01
2.070088366721520856e-01
-4.108740076305146260e-01
-9.711212760829113222e-02
4.396605508242359406e-01
4.132497598656801330e-01
3.699106790099087050e-01
3.346568634760238581e-03
-4.099960853849751174e-01
-1.294426409537239309e-01
1.793622773068239695e-01
-6.947843088797611699e-01
-6.020643687752018636e-01
3.437750681548568110e-01
5.631830731035192272e-01
2.843612286990326865e-01
-1.874828624046074310e-01
5.265215979129145296e-01
-2.756364413515353107e-01
-6.916547533712185114e-01
2.923562718718706321e-01
-4.097343818989438446e-01
6.798350513094977288e-01
2.596487907350102375e-01
-1.656365303486193596e-01
-3.117239999104910453e-01
-4.072184913656657912e-01
6.845626454295477004e-01
-1.760891459042621676e-01
-6.261543110431286863e-01
5.719235060552900762e-01
1.565370862844517319e-01
-3.611876372888458420e-01
-1.279659266241415239e-01
7.929532990643117785e-02
6.686405268646167244e-01
-5.222855813722446783e-01
2.122260580092172333e-01
1.081296270682043925e-01
1.931960047861922547e-01
-3.530994245966292411e-01
7.517146077333691778e-01
6.330564369028168770e-01
3.061738858105567118e-01
3.253507327104614433e-01
2.087294125227669994e-01
-3.399229493530091517e-01
-2.797234747844177249e-01
-4.706379944246066316e-01
-2.212186481474880395e-01
1.715713863440324616e-01
-3.394210060582878441e-01
-6.445294008583601908e-02
-5.470317994161444375e-02
-5.392361893335060330e-01
-3.930309994995573319e-01
-9.773742828327680598e-02
-2.122690054042362107e-01
6.833946762225764360e-01
-1.901207398648701030e-01
1.777968451657985227e-01
-1.769852794720492284e-01
3.064872203086963509e-01
-1.319525794571951849e-01
-4.194549124629123327e-01
2.831215263933648529e-01
1.840326261709464006e-01
-2.638932747946496349e-01
-2.093509412580676354e-01
-1.069477464798280764e-01
-2.804184171144479265e-01
-6.408572926974347439e-01
-5.639788384132078392e-01
5.478550264174764095e-02
-6.439990380804019310e-01
-3.726787251871535034e-01
-1.256016355721492062e-01
4.416372569016138172e-01
3.196287548170131387e-01
-3.069162800392462032e-01
4.748545640051453631e-01
5.335292853275266367e-01
-7.959985663212254536e-02
7.559063675012644978e-02
-2.864298338113373532e-01
4.344052199150061355e-01
3.205780727668479102e-01
3.364144908185462413e-02
-1.009088171363456965e-01
-1.660504003112812654e-01
-1.475705614759004192e-02
-7.047734978598905187e-01
3.334733311890278884e-01
4.461638832599916782e-01
5.485848910443600346e-01
-5.794932414012876620e-02
-5.084023800283823391e-01
-1.938519497617026133e-01
-6.132380154681751350e-01
-2.310491668569882862e-01
-2.438910556896969339e-01
7.251947990904659136e-01
-2.910150528635115919e-01
-1.187327140846345941e-01
3.002819996061409924e-01
-2.021791649139688118e-01
2.110842985051730736e-01
3.359260197072906351e-01
-5.527225083151510177e-01
-2.538580411512283419e-01
-5.014174700916314009e-01
-2.925138777448399452e-02
4.475944244290550600e-01
2.390026025263312093e-01
-5.878535243822433642e-01
2.767752017626943228e-01
3.525700174499881712e-01
2.553863826672575499e-01
1.728054060494423894e-01
6.786533423790173103e-01
1.652057226635692544e-01
1.550099787790042427e-01
4.913068207747430804e-01
-4.691525950059709515e-01
-1.992799691986029131e-01
2.991377826138652551e-01
2.466848995686010682e-01
-4.172017658397253470e-01
2.704106217640358523e-01
7.336107786059926639e-01
-4.447213021172879976e-01
6.476854368164346454e-01
-2.865672503588374553e-01
5.889379168814450338e-01
-6.649983265687104961e-01
-1.936515939559582122e-01
-4.475909983051273855e-01
-2.083637921748451305e-01
-2.975298065622240529e-01
-3.114792553953265042e-01
1.566588466946825520e-01
-3.053205212897678322e-01
-3.923705217807604839e-02
-6.959676496986606509e-01
5.269164356273927652e-01
-3.684342693163458193e-01
1.052613543554752340e-01
-4.078615004102079666e-01
4.613241819496440854e-01
3.614731607001209213e-01
1.468182270786293486e-01
-1.694491493523990755e-01
-7.362677739725320691e-03
-2.059811461201297433e-01
7.401175445830885380e-01
-6.358472139612665330e-01
1.151913136981157493e-01
-1.528527068723359861e-01
-1.356891700196296568e-01
2.128181542815132943e-01
6.876156900076466627e-01
4.834642770006851720e-01
1.475344570860155358e-01
-6.181120789193688125e-01
5.863121349266675608e-01
-2.102108624631942035e-01
-1.133039163495475066e-02
-4.774878994744922167e-01
1.832319681155851754e-01
9.052267608640196528e-02
-3.606212829470969439e-01
-5.646186013785206015e-01
-7.496423493972947938e-02
3.451693787263820923e-02
-2.314970310915800411e-01
-1.614199839197150155e-01
4.650128463685270219e-01
1.448201572486862432e-01
-5.338715306703001318e-02
1.979591216310581103e-01
2.536144272607954164e-01
3.025968858692520413e-01
-2.782572947564840860e-01
-2.532107521835076369e-01
-6.128114481557123128e-02
-5.236509907966588884e-01
-3.870263844216417226e-01
3.006255356435572068e-01
2.342410948391364656e-01
1.908140632333363840e-01
1.441624037272504211e-01
-4.706866085556757895e-01
-2.311060152127435430e-01
2.359968493263231437e-01
-2.131478320355464362e-01
-2.393854192803637204e-01
4.356493891971293664e-01
-6.981732019491566632e-01
6.625388358234394204e-01
-9.237819642970901413e-02
6.561288458279452840e-01
4.650749968072798168e-02
-7.211622170229059492e-02
1.892251501074948550e-01
4.793207548078450841e-01
7.781268695631649024e-02
6.703095661114089054e-01
-9.026206249723500719e-03
-3.795640365789374471e-01
3.277833288433473768e-01
6.124443634233482925e-01
-1.941572499728856371e-01
-3.678551547967021662e-01
-5.088855135038823363e-01
2.109234913039568227e-01
-6.669035169500512339e-01
-3.285665294067117159e-01
6.657484786520484477e-02
-3.976614168767484969e-01
-5.036923548286376118e-01
-8.237777151527314601e-02
-2.711572997931899209e-02
1.578738214637471771e-01
5.671028575480674405e-01
-1.804295620827103264e-01
6.747178669862199385e-01
4.425501978702515160e-01
4.779887566698697299e-01
-2.804917869539957920e-01
2.391857514059658740e-01
1.754620228590280107e-01
2.551884581512293693e-01
-2.857599036059541575e-01
-6.076761463419568798e-01
5.612391497180713174e-02
3.886711701839873356e-01
1.965176059790234575e-01
-7.731190359469408691e-02
-3.580716159035066681e-01
1.956325828593268312e-01
2.642349169183688673e-01
-1.161033129354684945e-01
-1.837661749279693169e-01
2.406247179131426606e-02
-1.768096187776633244e-01
-1.018093010782621377e-01
-5.483867967126654364e-01
-1.228919723646448858e-02
-5.060873169182835696e-01
-2.581686111291725538e-01
4.386524469899182321e-01
-5.824096398669178498e-01
-3.311754359217831123e-01
-7.964920653754603563e-02
3.496986848265448700e-01
6.753237671911707096e-01
-2.303235231444364928e-01
-1.429405289024945347e-01
-2.705914579683783572e-01
-2.864722486287716308e-01
9.491182159358402259e-02
1.844578167839641125e-01
-4.635307367520082877e-01
3.445547930544279325e-01
2.416527080004016170e-02
5.318394624989144504e-01
-6.483601606696858255e-01
2.449508522918204534e-01
-1.693921677407486115e-01
-2.685392674780686662e-01
-1.304841341878377747e-01
5.776903526276635503e-01
-2.223704328272226860e-01
1.933496584291019005e-01
9.568651092866176100e-02
4.344611590911160448e-01
-6.352892042490871916e-01
-4.281138847371614986e-01
-1.257297363331257856e-01
9.553801823820240458e-02
1.757227981471842782e-01
-1.368697699138978763e-01
6.772025546540429985e-01
-3.394097788033727525e-01
-2.198314532988563386e-01
-5.033218444300207040e-01
-5.168112328487541873e-01
-6.130983741233535511e-01
-3.098032694868741999e-01
2.640322814441375954e-03
-5.128100437350653351e-01
-2.043771861787320177e-01
-3.408700259620101036e-02
-7.690816401810884884e-02
4.168033509362789601e-01
1.060141206274654024e-01
-1.784675522841618900e-01
6.392620047541051065e-01
-2.486246977270134551e-01
9.198892063015762233e-02
-2.966097787546679854e-01
-5.834800789807932375e-01
6.321788663931959817e-01
1.064268237754397717e-01
1.732732574533990544e-03
-1.278253221589409350e-02
-4.591877058163333913e-01
-5.370034489400552502e-01
-5.958123031882767151e-02
5.843768654802738993e-01
-4.846821733385944242e-01
1.903312524388001137e-01
5.156193687100074641e-02
4.870284465040537469e-01
2.848601956811780411e-01
-1.666964207160361866e-01
4.586570020175866347e-01
-2.958293430106913036e-01
2.202762793316459522e-01
-5.078560279977528680e-01
-3.467624943332898724e-01
4.073557718963538576e-01
4.949649280353494163e-01
-3.447270750977171616e-01
3.183834353146082208e-01
-1.220783530888169821e-01
6.742002837364964307e-01
-2.203579031650688691e-01
-3.571443262620963566e-01
-5.235700632758888418e-02
-6.882218563508821774e-01
5.813265397412230584e-01
2.493647839443298153e-01
4.615244552706680992e-01
7.255929591107790344e-01
-4.316522380759355570e-01
-7.300832707224742535e-01
3.726179570356684678e-01
-4.576524607888661222e-01
-5.414548234869123178e-01
-3.628109517963649111e-01
7.093235625913969500e-01
6.950012573152317685e-01
-9.343535671829972244e-02
-1.010840991148853618e-02
4.749581448630300073e-01
-2.564580339754760629e-01
-6.602095029359587031e-01
-5.156025710978831000e-01
-5.756169082667907944e-01
-4.823510270193480665e-01
7.570782239349576059e-01
-1.546013756316551024e-01
-2.376204843034805947e-01
-1.044394364328127267e-03
-7.089866865987026756e-01
3.481907593134803136e-02
1.262522984590299657e-01
-9.571478162560964620e-02
8.002561628334792232e-02
5.331962064611328600e-01
4.848789790333096761e-02
-2.471749281810611265e-01
-3.325126454416906796e-01
-2.988360694578524601e-01
-3.984553386366194161e-01
-9.515150794952553781e-02
-2.123651035076736804e-01
4.251314802116468172e-02
3.737295799323714363e-01
-5.838518630900857431e-02
5.255080564287180067e-01
9.135025587895917454e-02
6.697227802811189790e-01
-7.059104297498555169e-01
-1.485238541771147780e-01
-3.049890184602848109e-01
-9.069131315800760262e-02
-3.148955728389379871e-01
-9.652261409150142413e-02
6.456598424812582948e-01
7.313339739208277734e-01
2.562685103091215666e-01
2.301733746232725863e-01
2.107132495601007349e-01
-7.005195831126034278e-01
-1.981127920007885734e-01
4.096606005561698183e-01
-7.366867269790295936e-01
1.909717576887981494e-02
5.862670408258585653e-01
-6.958406642302676914e-01
2.349916247459660212e-02
-2.372372806817928392e-01
1.125343293046547899e-01
-4.312165591992132008e-01
-3.950763817536406819e-01
-9.420989803108881233e-02
-3.584773072368570013e-01
1.871300877487875880e-01
5.786098083840407469e-02
-4.093991538056060975e-01
2.984110331485148038e-01
-3.599364326863945251e-01
-3.302066782437176329e-01
-1.832075803591521890e-01
-1.397988997491363961e-01
-3.346899859933181176e-01
-5.862329089308371266e-01
1.199498950012216625e-01
2.377427525177022716e-02
-5.579002415389950897e-01
-4.113340247799346372e-02
1.743852525453304381e-01
-6.847832566092737494e-02
3.987326177328451848e-01
-4.700580065245603123e-01
3.165175279362379968e-01
-3.794493571005919108e-01
6.739585302672956857e-02
4.291290780874223998e-01
6.118672954792732099e-01
5.234440201906753742e-01
9.116435004753675742e-02
-6.622968218885212366e-01
-4.707226393537418119e-01
-6.404809167218985522e-01
-1.410471944703566294e-01
-2.096925601230186231e-01
-3.694909471378018395e-01
1.517229901473893250e-01
-4.502809626099839591e-01
-4.439269523984279431e-02
4.216647138627696023e-01
2.311290317704557395e-01
1.847632558729461749e-01
-5.357124642741268872e-01
-3.111308260317988683e-01
-3.456901878850695553e-01
-2.845439320457829879e-01
-2.826153002862170638e-01
1.161629564977033624e-01
-6.064074499602716273e-01
2.806318749066418761e-01
-2.233994646116119753e-01
-2.384521726416712895e-01
1.688649177640133558e-02
2.796591948051023735e-01
-1.622657991464420135e-01
-7.252870936849999950e-01
2.012593486264613318e-02
4.401178302940547127e-01
-6.989755745219952132e-01
-1.279851980351391916e-01
-4.258736116652084291e-02
6.219685440392863640e-01
-4.265770298687918682e-01
-4.645644688376915354e-01
5.067083788469330941e-01
4.897177183971832548e-01
4.443165729467875025e-01
-7.215691299463511399e-02
2.800729250134237347e-01
2.662880412827783871e-01
-4.127636569512747045e-01
-4.813055738749580925e-01
6.776920408451312383e-01
1.779944450131125677e-01
4.410563611069751033e-02
-3.858816139633303166e-01
2.242896452564977494e-01
3.285546040088860309e-01
-6.836305928941062149e-01
2.147688346587095509e-02
5.498708459512089419e-01
1.229671266386000994e-01
2.659258562570485651e-01
3.834450476860116197e-01
3.913573811763981780e-02
1.109467988928924953e-01
-4.156573485300185666e-03
5.699645076036556901e-01
2.155463960028303205e-01
6.705806154650684192e-02
4.478427451802389214e-01
6.442679449214701037e-01
2.322817254006164234e-01
4.021579210998229570e-01
1.301061566705428163e-01
-1.880519954485819767e-01
5.809775282625304627e-01
-5.761134496665318849e-01
2.809534987836848074e-02
3.385549101257048221e-01
3.150975952475505437e-01
-5.511992017030973301e-01
1.350750908128173222e-02
-2.791193046890985130e-01
2.694192530376673389e-01
-1.228889367586729620e-01
-1.996930745643696881e-01
-4.815898068677189059e-01
1.545680959001245469e-01
-1.451594898771304543e-01
4.952202112787400523e-01
5.614750929918077560e-01
1.348951331283991806e-01
-3.539888739168510767e-01
3.764754160125560745e-01
3.557948555368852794e-01
6.361294028602770823e-02
-1.895840281841092434e-01
-1.144525592551097759e-01
6.057256095549128361e-01
4.735506771555346717e-01
-2.671871982785205546e-01
-3.785913196163752659e-01
3.453998442013794801e-01
5.618986378274293259e-02
-1.635710383494526354e-02
2.453263311752778009e-01
4.538850645714287424e-01
5.560317497704829748e-01
1.222489296511488632e-01
-2.364347067650687251e-01
-5.085831624031769138e-01
-4.439802010378617325e-01
-4.228911066341307645e-01
-3.551629295782952056e-01
-5.451032794488241962e-02
-5.903617776932978956e-01
-2.512018810156035897e-02
4.302657805895426790e-01
-4.482702589826459416e-02
-6.114164397482051427e-01
-3.564467413768257487e-01
-6.236690813520322507e-01
4.612564163960950481e-01
5.794531765021559977e-02
-5.805700859654825408e-01
-3.542863806784950498e-01
-8.261874480646191898e-03
-9.745170507096645451e-02
2.234188200432809523e-01
5.725305183202475945e-01
-5.955833098478677812e-01
5.740390294304820173e-01
-2.632626827125941205e-01
-7.144693492998666073e-01
3.529471589209141058e-01
-3.181312684597044083e-01
-3.809649161432897557e-01
-6.824170300589456062e-01
-4.166001880900083165e-02
-7.021247393531027114e-02
1.054289251996065602e-01
4.346736167114446658e-01
-1.841239554258269351e-01
2.647227828432265895e-01
4.806715006099935295e-01
3.595455702018144351e-01
3.293909552543770047e-01
-5.998310232591039792e-01
3.167899204911499567e-01
-3.108691788453175064e-01
-1.283768613866467234e-01
-2.715856757842658453e-01
2.932195184275645516e-01
2.252800609998910630e-01
1.380990311825947003e-01
3.438515619134694390e-01
-4.775403869985437311e-01
-5.356674908430427706e-01
-8.799036968823781280e-02
-6.450817791546050728e-01
1.478572110787030880e-01
-5.794831643003020005e-01
3.150524780478658471e-01
-1.152052990791805342e-01
-3.799794098023339117e-01
-5.832463488993191447e-01
-2.975063044445143134e-01
2.660458319610414790e-01
-5.158275686515008118e-01
5.728773899734305175e-01
1.709859281359467076e-01
-6.513458116929404795e-01
3.487124114983251033e-01
-6.592052968980937067e-01
-1.603122251010109522e-01
-3.790247615918724833e-01
-2.113229496404400720e-02
-4.797887162876168787e-01
5.322964584494744855e-01
4.530386891405040473e-01
2.019857236131636924e-01
-6.664527241445039607e-01
-3.396519352788640589e-02
-4.784143520105832437e-02
1.395386232672981563e-01
4.217977824240151108e-01
-4.903077819282550820e-01
-1.871843624635110004e-01
3.301792238659473355e-01
3.174410905039826147e-01
3.703538872567619933e-01
4.071094092355762584e-01
-6.493980213677454927e-01
-6.682074577122731895e-01
-5.418626242624426936e-01
6.333549688078496942e-01
-2.508835611334960802e-01
1.548719667495515040e-01
-1.270618034894797077e-01
-1.828156347047329433e-01
1.835678512293892339e-01
6.601039080468362741e-01
3.734713063208516814e-02
-2.214466537211547958e-01
-7.136747704606793974e-02
4.426401483281718896e-01
-7.153692742076600553e-02
-6.985951725536470036e-01
-2.262996850360652346e-01
-3.437723187283072690e-01
-3.979040673332256972e-02
6.641107263962560125e-01
-3.761500418120533595e-02
7.229976775870774475e-01
-4.262054688460921170e-01
-5.971950549901805516e-02
-4.156575582083146259e-01
-5.395054005259929397e-01
-4.020710059479881693e-02
5.318180268556869095e-01
5.112198735667039529e-01
-1.830458104679069109e-01
5.026162852793225611e-01
-2.157473369830942289e-02
-4.570709209630585690e-02
3.766556737468800264e-01
4.483330774569163069e-01
-4.961660733740291818e-01
-6.906233405374759826e-01
7.476265416023588628e-01
4.003247651441022015e-01
5.511267334275178342e-01
-1.809318378110722492e-01
-2.798294733356279096e-01
-5.942814358933832253e-01
1.816208837922630437e-01
-5.820630843107128527e-01
-2.890997559990733379e-01
4.541271457988074189e-01
3.414515621230211906e-01
-3.761807682381750340e-01
-5.373034628085768816e-01
-2.950517623504387288e-01
4.389131356611368773e-01
3.810488898191932705e-01
-3.906177531505559131e-01
1.577965935946066267e-01
-4.163912680589785253e-01
4.998876639429772339e-01
-4.267838671107746507e-01
-6.295696191826927191e-02
6.483061281178414959e-02
-2.368451952955510365e-01
1.975095615452557851e-01
1.093115576930259181e-03
-3.793212626356794459e-01
-1.797510094535113012e-01
2.162047862270997101e-01
-6.242340097255496545e-01
2.226534290383526127e-01
7.282885321728471695e-02
3.892885075187759725e-01
4.717792186872742377e-01
1.241641438184135637e-01
2.854115552595963834e-01
3.570427537522142813e-01
-2.397830479961893246e-01
6.594972072706548616e-01
-7.289773848525626931e-02
-3.992842880740994360e-01
-1.714497185829246817e-01
-6.592770282328617171e-01
3.283467654008074277e-01
-5.536248929019143006e-01
2.039580968596963473e-01
-4.049990357125823337e-01
5.606205761747276028e-01
6.775188130225009431e-01
-2.979007235618915672e-01
3.491280188651524341e-01
1.805810950209973953e-01
2.781576519491490984e-02
9.350935876655164236e-02
-5.884218071159628138e-01
-3.759079789228971791e-01
-2.221610110105540770e-01
4.227748299592750669e-01
2.374543925277379230e-01
-1.178556086935271807e-01
3.513757362342069257e-01
5.678243045821806945e-01
-4.513846409916677516e-01
-5.699373340554290124e-01
-2.170513057281997504e-02
-3.971124103025411856e-01
-1.520944807591568804e-01
1.572663273902108472e-01
-2.661861456972642870e-01
2.315633733642492587e-01
1.158322014232817665e-01
-7.004320132301700141e-02
-6.685109614609183737e-01
5.740045844943839626e-01
1.417777111740008422e-01
-3.145367340058191630e-01
2.381128572445279090e-01
-4.292854647918682431e-01
4.000224865854704603e-01
3.979744577482691170e-01
1.072642124397642505e-01
-3.697893678885790791e-01
2.939529904000188765e-01
-3.733302458867715501e-01
-1.406666760060559795e-02
-2.695428311048821968e-01
1.995834116833394845e-01
4.117614582623332353e-01
-2.215838097956259745e-01
-1.200183947833890485e-01
-1.637011217571844313e-01
1.547083660411558981e-01
-6.737779045984382265e-02
-6.830767398438908344e-03
7.103240407775102128e-01
-4.196963210845927605e-01
-3.286705264288958261e-02
-4.569397066376481575e-01
-6.785905103076022016e-01
1.615913752501079159e-01
2.482053305511264796e-01
2.247383076951301462e-01
-5.427906105012620941e-01
4.505107241786818761e-01
5.987971511285454795e-01
-1.001541504958671780e-01
-4.477431184500417771e-01
-4.235315024725760935e-02
-7.158295345015730504e-02
-1.833475705226517150e-01
3.112620950522249075e-02
-4.403815634770760212e-01
-4.962553247868335404e-01
-1.116313520222957933e-01
-2.384659452720594430e-01
5.087319077430674241e-01
-2.042676364543885015e-01
1.533513813877762644e-01
-3.488396498380916810e-01
6.411051281280908398e-01
5.650577745081193370e-01
2.038324964050639565e-01
6.276380701908106374e-01
-3.175102185193248161e-01
1.380993561930985436e-01
-3.702904886233433501e-01
4.347976685452534795e-01
-8.337181908594004653e-02
-6.450373671433107248e-01
4.256090392916238585e-01
-7.122306700609151164e-01
2.712337824986192913e-01
6.833468961990876167e-01
-3.288043295082392348e-01
-4.925916483667327483e-01
-1.492796173174895102e-01
-4.784361139257340412e-01
-1.241562773770112926e-01
6.232581662761376151e-01
-6.595535076458105550e-01
-5.522975903044891055e-01
-4.077390476131990127e-01
6.553242906575071913e-01
-3.120530221633259771e-01
-3.839679029177336389e-01
-2.844345241126511326e-02
5.197527896001696845e-01
-4.244932606516655937e-01
-6.489552960526836500e-01
3.046773402176752299e-01
-1.775566681127314084e-01
5.947023803773738848e-01
1.282272957790233647e-01
5.053151873610222111e-01
5.251181633667503235e-01
-3.827359633486047130e-01
-8.973657776120447238e-02
-4.320577963532850063e-01
4.706778066356909207e-01
1.045096097238662480e-01
-5.618156524689013054e-01
5.372518639590362355e-01
-1.549448909633630578e-01
2.945409758173074266e-01
5.431582671052961331e-01
-6.629983552076641473e-01
6.852353309851864083e-01
-2.188003007522922871e-01
3.373693913864315164e-01
-1.447527005965802971e-01
5.408179608707541774e-01
-4.716083329891915810e-01
4.729218630572917803e-01
-2.392729206304338163e-01
5.615631988431735167e-01
-1.601545627793399262e-01
-1.963113666007219038e-01
3.181829586589088876e-01
1.403059333553713373e-02
3.314861071340526877e-01
-6.562388727351784468e-01
1.013442443615168997e-01
-4.392642063421945409e-01
-3.508386183334017971e-01
4.569750633702849285e-01
-4.399613789811267495e-01
5.935622176292341123e-01
-6.983534058411011713e-01
4.388043114367388142e-01
2.834843718503554655e-01
-3.027888969897851723e-02
9.647030936457134942e-02
-1.194607423902649401e-02
-1.146416422781557642e-01
-7.271940162435477362e-01
1.313409762063546538e-01
-1.421503833417370188e-01
-6.358171486334098788e-01
-3.374907902705244211e-01
-6.978574350194115539e-01
-2.295930496793747722e-01
3.995389175977503982e-02
-2.309356289585977606e-01
2.669413440125554260e-01
-5.833281571556678813e-01
6.669613415357291686e-01
-3.517807818167577594e-01
1.052625376713649530e-01
7.390041471914354787e-02
6.796116039540232023e-01
4.729123171069282705e-02
3.099985473021398263e-01
-4.638904997874897518e-01
-4.484609901177840641e-01
4.198066021619331067e-01
4.518457839649183683e-01
7.057441781649220758e-01
-5.966868107738036997e-01
-2.157508921661825951e-01
2.715563223840744556e-01
-1.994976871346221259e-01
-1.999452957360565719e-01
-6.447858227663250119e-01
-2.730061404845329776e-04
-4.643936627951541496e-01
3.520922294310846468e-01
1.958687071700913052e-01
1.596068733381965643e-01
-7.987106397743826136e-02
-1.554422291207551154e-01
5.503810954079995099e-01
4.862645558923608391e-01
2.929029772225142381e-01
-2.401864737044263620e-01
4.806493977705557086e-01
5.932757995859088140e-01
-5.064163001826269550e-01
-5.520514843119128656e-01
-8.363429963911972465e-02
3.202547798869197493e-01
-3.155365302806600880e-02
2.983365682131040586e-01
1.167187196725727460e-02
4.843083503384351118e-01
-1.355051508723903453e-02
5.373236178916682704e-01
-6.098602685164697945e-01
6.838090530065716877e-01
-4.521692859610233484e-01
2.524183253622531709e-01
-2.535754627271291639e-01
1.261726506790381563e-01
-4.251630521528877438e-01
-6.389635950898719940e-01
-2.150899474883996021e-01
4.072406782862616481e-01
6.537082910639435696e-01
3.840334846366220134e-01
-3.427959271955129950e-01
2.269678593730786176e-01
-6.213905927304086418e-02
-2.797186759706589143e-01
-6.738103753604445245e-01
5.680236284303941119e-02
-6.515154779347662739e-01
-1.916082943179562292e-01
-5.561046014579673624e-02
5.332185068561043906e-01
-2.271435998800575007e-01
-5.029400411191229381e-01
4.786551016870053132e-01
2.068875567289172324e-01
-2.799331322226610297e-01
-2.298589741473193726e-01
-4.100364594594267942e-01
-2.531333944810345571e-01
2.206530334444645192e-01
3.017410353246896548e-01
6.333582355714817425e-02
-4.814364469260397073e-01
-2.351698630553560321e-01
3.948011385594210054e-01
6.556478885179952698e-01
3.514513343771099585e-01
1.034303385934478570e-01
-1.176719133195600620e-01
3.384978415512751582e-01
8.648226912059353566e-02
-3.537505951276394001e-01
-2.144039657710772318e-01
-7.617313422671045942e-02
6.838954999251551925e-01
3.494469212320616691e-01
-7.188389838605928617e-01
5.865603391725766613e-01
-6.405436764372076652e-01
1.201582777734575558e-01
-7.293478290355270843e-02
-3.631835821098707839e-01
1.143209822995672198e-01
3.338455717839741155e-01
1.114831834069818228e-01
-2.260596682779683064e-01
2.369869654638288026e-01
-3.117682521021301056e-01
-4.351935181690320675e-01
5.270755683467758246e-01
-2.899061699567786476e-01
-2.129754901623215346e-02
-4.440643556358425670e-01
-3.913217175457770480e-01
6.206712532129090576e-01
-1.380589404728596037e-01
-1.361022519797741026e-01
-1.182274850693794122e-01
-6.820792773073236503e-02
-5.186774590840688148e-01
4.157274689946586221e-01
-4.418051782965264351e-01
5.038129210578627948e-01
-2.906417274805219719e-01
5.219826125658020288e-01
3.817208529621209934e-01
3.365946707713884933e-01
-3.269273871722671032e-01
-3.259339829691771939e-01
8.105734008624487785e-02
-2.750261342548823151e-01
5.805310864749664290e-01
-3.069442156098620700e-01
-5.759789466443905326e-01
-3.709226244436170106e-01
-4.762243123815785850e-01
-5.463544767829633386e-01
-6.468025239153849526e-01
3.278063390932217658e-02
-1.411297847158561325e-01
6.306434329796593019e-01
1.400795715666260932e-01
5.699311505632458363e-01
3.783465933989136332e-01
-2.071528247147904622e-01
6.571561485614907383e-02
-2.109846065668783410e-01
-4.139635029991772797e-01
-3.381709338135339138e-01
-2.395721291853742940e-01
-2.671170520397012638e-01
6.252940212584530144e-01
-3.255857039813818687e-01
6.681613327275961467e-01
1.163189824297141683e-01
-7.489721781780662724e-01
3.372837240991319874e-01
4.699557764091171208e-01
3.772136354155550819e-01
-5.263810335111376304e-01
-2.412188830229160530e-01
-4.143121679238639388e-01
-6.930490916381524258e-01
-1.946103961930800708e-01
3.211039420197447924e-01
1.752868040277739681e-01
-1.665430272170134174e-01
-3.945469641583532194e-01
6.882579180808541253e-01
-6.586973710703665219e-01
-2.395716326578316568e-01
1.842587061257381364e-01
-5.570708113504139192e-01
-5.170070198560949848e-02
-1.466027025323839439e-01
-2.584621567861553615e-01
-6.696716260958002209e-02
-3.732304916243425197e-01
-9.088538367803877804e-02
2.381810768893757313e-01
-5.045835321978042742e-02
1.878878562185581913e-01
4.322220885763004006e-01
4.959358407165836979e-02
-4.122353157816673885e-01
3.483141479841247445e-01
4.377955424816359908e-02
-2.406221697377546320e-01
-2.473833289880165154e-01
3.137199384601174756e-02
1.289769845042076923e-01
9.561972224406112275e-02
5.948098827452472648e-01
-2.456674836118741823e-01
-6.001235530976778421e-02
-4.072535027739512259e-01
-1.640402316402083116e-01
-3.630738535824518110e-01
3.635841494573792687e-01
2.201935394931489043e-01
7.577423742825999398e-01
-1.010458563838803059e-01
-9.030503967944270016e-02
-1.601882718079306045e-02
-1.864278770962037868e-01
-5.165894296536945873e-01
1.994151251112459278e-01
1.146049118706748970e-03
3.705133502483182184e-01
-4.350177450165180204e-01
6.154949365074724454e-01
-3.008061450941941217e-01
1.762828294823126640e-02
4.076629415580352855e-01
3.548154092252282510e-01
2.165853682784257828e-01
1.097117409034629176e-01
-2.741118942597893238e-01
-9.542820060197421128e-02
2.941742185415332500e-01
1.176938810965832971e-01
-6.940295425428129050e-01
3.543316682507402504e-03
3.355567702163053667e-01
1.491834995399532460e-02
3.931841001841522854e-01
-6.739032137655502908e-01
2.060442924935745879e-01
4.731610049270065232e-01
1.408093611653580268e-01
2.124072129530230058e-01
-6.955466876395455245e-02
-5.193096798691145821e-01
-9.936940148381445681e-02
2.855471674610301491e-01
4.383785677098313016e-01
2.231521276277117494e-01
3.504505801278590127e-01
5.494307448060133936e-01
5.217530434019668206e-01
1.852301295021865357e-01
5.680740390599456902e-01
1.821164496482277073e-01
-1.396620708278630829e-01
-4.779469659977122475e-01
-4.835439789846782688e-01
-5.490501211556733097e-01
-1.207735975236881032e-01
-2.568782183737141622e-01
-1.591949407511403791e-01
2.705663851326391978e-01
1.247954641568931322e-01
-4.315336706131054356e-01
-2.913648264660562148e-02
2.027293943346508698e-01
1.329193490167543956e-01
-3.191556332724179157e-01
-2.266566596605770201e-01
5.918939207036828520e-01
-1.918552032792026907e-01
7.269061857955092520e-01
5.772871188775123841e-01
-1.635602270625184929e-01
5.417031830458114428e-01
1.925511276064248989e-01
-4.637164738666026409e-01
5.228445245051061008e-01
-1.655999672738230899e-01
6.572118052591280346e-01
-3.143005738488895418e-01
5.062695447227980594e-01
2.373170831213879950e-01
-9.058859522767015449e-02
2.765118301300919512e-01
5.977666782519364119e-02
-1.179312590834555863e-01
-2.964146698594101181e-01
-6.188140614907471360e-01
3.784002070579726151e-01
3.753625279020980088e-01
-5.541552101620519366e-01
6.790289202259458534e-02
-4.912725772441151051e-01
-4.441328406256541683e-01
5.835651795837106803e-01
-4.902381325567359838e-01
3.681688034494099426e-01
-4.991192915822839637e-01
4.040476728070707679e-01
-3.177652119638469941e-01
-1.085508655269551426e-01
-7.019480645031981325e-01
-3.172318998155301273e-01
-6.658645254278914294e-01
5.877407268597174550e-01
-4.794928387078023491e-02
-2.231600239142128572e-01
5.597296759361958252e-01
-2.816586932540756649e-01
-1.478608345314036399e-02
5.514214273980577730e-03
1.548534647231463168e-01
-3.768398971520543483e-01
5.150397544850076059e-01
6.756757346380908302e-01
-3.134008523396092372e-01
1.269113119449922777e-01
-5.180610910437817296e-01
-4.135250437755484398e-01
2.004957599708232507e-01
2.663428262557276938e-01
-6.927085135974566654e-01
1.229010736476823240e-01
6.750036974631425934e-01
5.364281733718891942e-01
-3.878821316527965024e-01
3.513783291943708420e-01
-4.422298502647938889e-01
2.952462039508425562e-01
-4.427876357267166441e-01
-2.755685660289053374e-01
6.464080621936885152e-01
5.624642616983255294e-01
-7.098435782714709319e-01
2.645935533893055691e-01
9.198118950062816879e-02
3.210047617060123315e-01
3.843202533222882522e-01
1.889579544057751193e-01
-5.941059628468785547e-01
-2.201594152898334045e-01
-2.709001261363468416e-01
-8.570170461954695895e-02
-3.045999221233577359e-01
6.330139705771662406e-01
-7.997418528550426231e-02
4.518169876336051161e-01
7.115929734358168446e-01
-3.194408491435130060e-02
-3.958638895749864162e-01
6.313666817341356818e-01
-1.578413850668844987e-01
-1.841169409065726015e-01
-5.585036188674701307e-01
4.039518060530546961e-01
1.345661929274655222e-01
2.025535758061280944e-01
-5.341828434145448057e-01
-5.632187753040067690e-01
3.395833300675707989e-01
-2.282615630615723035e-01
-3.942662226550686100e-01
-8.669646301753974882e-02
4.884638429204448684e-01
-5.693771441998567440e-01
-2.798113215668101006e-01
1.968723645481853524e-01
-3.028219722268659098e-01
4.019301720818138079e-01
5.231828944088903199e-01
-4.323288539697554000e-01
-1.376882910892476275e-01
5.733923897352619647e-01
-2.964973974845364069e-02
4.965605533212924527e-01
9.769821405556911031e-02
6.104998760712323502e-01
-2.398776084742983983e-01
7.113203867201276509e-01
6.582372475953555124e-01
-3.014237965868389324e-01
7.636691192905864511e-02
3.771630656580446939e-01
3.688953224864368607e-01
9.528419607658200619e-02
2.686018482539740404e-01
1.404591201564411307e-01
-1.226725845954845795e-02
6.646747719407919419e-01
-6.440510514973221134e-01
1.631022714972854004e-01
-5.094589039642567485e-01
-6.187362179786601857e-01
-3.508003491677147423e-01
-1.604165855484094294e-01
1.269240863267162567e-01
4.327403211697529173e-01
-7.026442478799683755e-01
2.361309367942174831e-01
6.070969710791507268e-01
4.300903808238665249e-03
4.155762690969169171e-01
3.035125791356483305e-01
-2.180302341945292710e-01
-4.930768115063486334e-01
-2.654349052299194156e-01
1.857709236000504305e-01
1.416924721613330718e-01
-1.009082446831008895e-01
-3.806623164301417006e-01
2.732863470824176133e-01
3.328239004085702391e-01
-4.007853688878544318e-01
4.213896626937394529e-01
6.210674291426441229e-01
1.282496388151095346e-01
-6.396090602184223428e-01
3.582794410042922095e-02
3.293143842316483827e-01
-1.394328309136358968e-01
5.254480016712879120e-01
5.905216956312688836e-01
6.664639856775780302e-01
9.476643007286789100e-02
-3.206816696300638370e-01
2.371227108711941867e-01
-2.344425909200245073e-01
1.055658924666857956e-02
-2.535876262032576989e-02
1.739663183762374388e-02
-2.224659110014037822e-01
-6.430169417051221359e-01
-2.196560519663464106e-01
1.858867018979202257e-01
2.471295023462918294e-01
1.400533555513705508e-01
-2.509629582999624020e-01
5.252547389621131657e-01
-4.407565603352248118e-01
-1.627423416229110131e-01
4.460911357777375130e-01
6.618683565702276894e-02
3.827211678630124680e-01
-3.307356702850601238e-01
-2.844512881821712469e-01
2.619050142819023819e-02
1.122305688034170856e-01
7.264284999168051371e-01
4.045899179738343676e-01
-5.997360177467765396e-01
1.971540460535958772e-01
6.235972223562402661e-02
-2.190420515448643357e-02
5.377977227238783797e-01
6.979932162970339249e-01
3.674353972347779163e-01
2.460573182945013926e-01
3.870395698166486653e-01
-3.937622085549499218e-01
1.083321024132555266e-01
-5.718435436937827632e-01
5.771138177632870736e-01
-5.727823638363753744e-01
2.559143802958985248e-01
-1.890010494619813741e-01
-6.312925625020611164e-01
-5.793903164537681505e-01
5.118021449799030620e-01
-6.355363008857866092e-01
-2.218995319117755827e-02
-3.580904955591552863e-01
-3.604010421226604421e-01
4.705439411835410368e-01
-2.426121100521339002e-02
3.250842020443549529e-01
-6.731445004115332864e-02
-1.056381765955975993e-01
6.693827640498017928e-01
2.667418678499542395e-01
-1.424134400507099940e-01
-5.684852048421902282e-01
5.123493060970503166e-01
4.260441417104834372e-01
3.865177021356123177e-01
6.567831309424398967e-02
3.944806384254082587e-01
1.802635572979758294e-01
-4.177969192071877558e-01
-6.746984661169097564e-02
-6.283385694053649217e-01
5.762873146510116840e-01
-3.582859798888371472e-02
-9.501466636160316170e-02
-2.735682315348340055e-01
-4.448712755568298149e-01
-5.904167868151288801e-01
-2.809346381817947602e-01
3.533085062949172794e-01
5.501937764716560153e-01
-1.277132998939389807e-02
3.361213941325917887e-01
-3.634489716052904384e-01
-6.424836116773668948e-02
-2.419440282756015748e-01
-1.511531165282544720e-01
7.365685670076160818e-01
-3.597830718272447825e-01
3.877954332082378386e-01
-6.361727373088266191e-01
1.765339377252308495e-01
2.401888923006758603e-01
6.816264237322533504e-01
-6.054807310990710789e-01
-4.041389283136078703e-01
-1.762929946225231248e-01
-3.123425328712237103e-01
-1.649740643887156466e-01
3.145063768918410219e-01
6.770434239577127755e-02
4.829397321602266757e-01
2.397707281141503444e-02
-7.944831761897397371e-02
-2.497321425074776613e-01
-1.889907993352242244e-01
5.321888522817097567e-01
5.775368965886862327e-02
3.778251894989193005e-01
-1.989715934600368996e-01
-3.987466263695154112e-01
2.573114793692301561e-01
5.256021530732670755e-01
4.303749058243155901e-04
3.247813799077272634e-01
-3.299632687508093909e-01
3.235103855286727281e-01
7.094648306263362514e-02
-5.945367867314867993e-01
-4.051916119355194468e-01
2.337859635825436655e-01
-2.442017906842686159e-02
-3.340135176426164421e-01
-4.749408871588203240e-01
3.162963644331906465e-02
-4.823841523233038941e-01
1.813287642820711199e-01
-2.266836830248877277e-01
3.549882636789192247e-02
2.403994063139958115e-02
-8.215617605929725897e-02
-1.425135443914093969e-01
-4.447575388812143871e-01
7.284132426072744693e-01
5.071375675574127939e-01
-5.732294902828565242e-01
2.570409762181435909e-01
2.895326710766834566e-01
-1.507082691992156498e-01
-3.278320106819654356e-01
3.220891626191662027e-01
-4.189892648109072582e-02
9.782993433193443167e-02
4.278422270234960578e-01
4.253421366788323610e-01
5.716764762873260963e-02
5.009910176189169562e-01
-3.481086677885425473e-02
6.193221609750239054e-01
-1.928195805815233754e-01
-2.982381303892909230e-01
1.190003739221712209e-01
5.908617616931799432e-02
2.597511965797139055e-02
-3.431754630776406856e-02
4.747039771434371502e-01
3.359300481127220905e-01
-4.667453881720735609e-01
-4.011959870236800896e-01
-3.637263403351909119e-01
3.847376971661571332e-01
1.211671452599052401e-01
7.099113177184346313e-02
-2.751326904237805238e-01
8.072008907186312143e-02
-3.764411020177433898e-01
5.281136305087823501e-01
-3.893106156805234974e-01
-1.017799313123521898e-01
2.009957608649592942e-01
1.255360863585348596e-01
3.073842195324649751e-01
5.635400078770960164e-01
6.598202310894798472e-01
-4.435018751161399209e-01
-6.251363293473479743e-01
-5.753122303459701214e-01
1.633671162820640177e-01
-4.506056340637751845e-01
-2.708914383071263643e-01
1.851592534561650183e-01
1.283278345870275672e-01
2.013830927624802314e-01
1.904692575510500419e-01
-5.452081805482658083e-01
-2.178668190974999419e-01
-1.121719549660973314e-01
3.136954519767112259e-01
3.918216411721857639e-01
3.221048796861953889e-01
-7.083025311008128710e-02
-5.384434006356189073e-01
-1.570339689897144453e-01
-7.019721377453693734e-01
3.538657469671537825e-01
2.256073950236325842e-01
1.487129496819026286e-01
4.529881822403840630e-01
2.852991022074924388e-02
-1.454428427143472646e-01
2.471065165023862420e-01
-3.224148070332057969e-01
1.493863922103697561e-01
-5.748873330235877432e-01
5.148877912416143232e-01
-4.199691829223990425e-01
-2.107911912114808217e-01
-2.265263297251705055e-01
4.222659532025376805e-01
2.163241211141109233e-01
-1.084054678233439262e-01
5.281902175311889991e-01
-2.871184214124538059e-01
6.745039425713912351e-01
-7.070250209338633240e-01
1.487255403514318175e-01
8.040442415940241006e-02
-9.714515887255359416e-02
-2.985529418509056399e-01
3.791065288482728945e-01
1.186442320780241033e-01
3.976213921406159812e-01
-4.297600318844461142e-01
-3.460390703368352305e-01
-5.332828448817661382e-02
6.581831988075581563e-01
4.338633445451947068e-01
-2.225852339156695336e-01
4.700037926457625304e-01
2.327830876427157136e-01
8.704874066743695238e-02
2.489737426681495336e-01
3.301168929289222120e-02
8.285196538524175480e-02
-5.323607203317202163e-01
5.557827072532273149e-02
-4.870732978269014524e-01
-2.018892484767995654e-01
4.621703825517222697e-01
2.869105353579026740e-01
5.964071537078021734e-01
7.128857896799525307e-01
2.869136885185685770e-01
-1.872465511287586537e-01
3.679316920578923344e-01
4.850038610998108624e-02
5.710504244932499418e-01
4.472361231977082241e-01
4.794894323100340472e-02
-5.214160673624572695e-01
2.669383537312999266e-01
1.682482216161726996e-01
-2.655460950283652366e-01
1.430334605405434445e-01
6.834430337929990884e-01
3.259752730992717673e-01
1.885100561624959425e-01
-1.911097791904223797e-01
-1.529217377670049061e-01
-2.290254402728848504e-01
-2.187154743727024453e-01
1.874993571729888231e-02
1.141997445027733704e-01
-5.162856173658241232e-01
-2.720845962055440381e-01
-4.126792847979920964e-02
-3.098479881370383993e-01
3.133909394418097349e-01
1.950044935441042071e-03
3.367366932360145171e-01
-1.810299623024320681e-01
-6.889214351282255677e-01
-3.938179226744047412e-01
-3.161388991608955479e-01
-5.593317815753682254e-01
4.263995261667483661e-01
2.989115565806947927e-01
8.319404799809504425e-02
5.540204865495130804e-01
7.439705989861344904e-02
-6.513562340551901642e-01
4.471866784549174412e-01
5.605955121391499318e-01
2.577632062788195455e-01
-3.948102894020717457e-01
2.759046690149276060e-01
-7.561696733445648633e-01
3.102617574210064788e-02
-4.691134815386543977e-02
-5.994238892264522889e-01
-2.888688737542874918e-01
2.843313329692200853e-01
5.823627847364196697e-01
-5.851519250629921842e-01
5.183188225480854783e-01
1.289208098230076871e-03
-1.805946323237250795e-02
-3.664166233353238766e-01
4.755232991390290209e-01
-3.439056909715025867e-01
3.640987755471112308e-01
1.367385477145113271e-01
-1.661371642507072366e-01
6.868894079475618142e-01
1.091435593961032069e-01
-2.167301237168404171e-01
-1.105553354696855450e-01
1.073729817085222749e-02
-2.022323804196117791e-01
-6.487984333557594852e-02
1.969973323013585187e-01
-6.573641446341067507e-01
6.420552274549562455e-01
5.999453156776493046e-01
-5.799093939710164847e-01
5.840344953418741270e-01
2.120324036679841484e-01
1.318437633385993735e-01
-3.740932572252670951e-01
6.039859181074103134e-02
-6.032881659606808000e-01
1.328591336254456579e-01
2.085780928221065977e-01
5.156525024208367114e-01
-4.239628697389097312e-01
4.365244054135963836e-02
-7.163747047036093107e-01
-3.529293955527181836e-01
-5.394648094271445871e-01
5.162155148146494454e-01
-2.905108259523565550e-01
-6.072326662883682502e-01
-1.610363003060415465e-01
-3.085754875356361282e-01
1.046452835495781386e-01
-7.391631573188917059e-02
-1.378484538028086348e-01
6.525270682956971768e-01
1.988454718996655046e-01
2.620370094383162041e-01
6.224954678731027258e-01
4.856573431071433689e-01
-1.691952406085075467e-01
2.743675151418489833e-02
-9.270465012905848567e-02
7.493352453556934023e-01
-1.476389664575661342e-01
4.506704644683594552e-01
-3.223776542727190275e-01
3.485058723424163674e-01
-2.239706239711063418e-01
5.771622941373379945e-01
3.557634251528458691e-01
6.433596672073571554e-01
2.386956681399290403e-01
1.146806249387468668e-01
-6.270237958678812618e-01
2.754799905140821181e-01
-2.885318623163044549e-01
-1.582417620645824030e-01
5.114756035503953413e-01
-2.876308386617827395e-01
-3.337533249658219958e-01
-2.024103416694931212e-01
-2.587856765250364788e-01
-6.355012878336196991e-02
-5.854405395527839673e-01
-5.111289102903793236e-02
7.549911136833031833e-02
4.770122218231360733e-01
-1.657742015361307608e-01
4.879414109557833612e-01
1.801564532949626596e-01
3.820995019078079480e-01
-1.193756777702814631e-01
-1.779917664882564310e-01
-1.276802491416191287e-01
2.512259541573005350e-01
1.852158399590040361e-01
6.955917151524548814e-02
-2.513545094141571568e-01
4.444801042420021275e-01
-2.458902326655207915e-01
4.151989491057914705e-01
-6.103460301291985246e-02
7.277350675855132067e-02
-2.397444534931683080e-01
3.247325483886633890e-01
3.325781966331415873e-01
-3.955179954643472939e-02
-4.911006967589068850e-01
-4.768931915208218797e-01
-3.982081828198609230e-01
6.982710047191016400e-01
-2.472242095632442016e-01
7.172547323310425327e-01
4.706674998631354967e-01
-2.052235212440391976e-01
1.731031093075472427e-01
-5.702803510831486733e-01
1.558270286248664149e-01
4.783782644331395772e-01
4.008256095402309427e-01
2.950228433569721531e-01
1.442114444278299601e-01
-6.018567587045451361e-01
2.696962404206164621e-01
-2.681296218147242172e-01
4.382858858470575214e-01
1.677736764792232549e-01
2.153229701288559284e-01
5.199398267860448897e-01
2.587553154312551840e-01
5.567266630472111899e-01
-1.864782099245489988e-01
6.464346045768412097e-01
4.752243864062126733e-01
6.746346074224618405e-01
-5.731499555849701721e-01
4.810431617711783403e-01
6.483754233750449458e-01
2.495810542406138310e-01
-3.832195731299572472e-01
5.116831096364293785e-03
1.061246042078796137e-01
-8.384942267220019119e-02
-6.121688690244848630e-01
-6.497185840300039317e-01
-2.037545756238401395e-02
5.969233427393874081e-01
5.374953467269669716e-01
-6.513221996652189816e-01
2.704691408153667709e-01
6.795977639879824395e-01
3.432515457495100009e-02
-5.764188119406146171e-01
-9.024210680361210990e-02
1.820110387357321002e-01
-6.232726991572423714e-01
4.471010198888407672e-01
-6.369547734341374223e-02
-4.466844912277334601e-01
-6.285352674810589235e-01
-3.235641222562799513e-01
-6.560496593724387537e-01
-6.439997466199356424e-01
-5.041556631895574014e-01
-1.270808902581395117e-01
-9.460258970460166950e-02
-2.747327174427818264e-01
-5.526124359005999409e-01
5.068099363927958123e-01
-7.987834572352525697e-03
3.634404623379836607e-01
2.906284431134338320e-01
2.656695517781297866e-01
1.814353993113160257e-01
-1.878302858137459452e-02
1.511219409306550077e-01
1.334697808375038264e-01
-5.882859293201114781e-01
-3.647250279818159413e-02
-4.833383142483613781e-01
-3.809214935824725146e-01
-3.601156950482220509e-02
1.135969646447998471e-01
-1.352032249592216573e-01
-5.637701288596055349e-01
2.358034440306688850e-01
4.407417946201448444e-01
-6.421836312876871844e-01
-2.442232508979333971e-01
4.240264743503230349e-01
2.437972961092205182e-01
-1.530254326798559106e-01
6.015225936007126961e-01
-1.159097111571458782e-01
-4.750661516908039061e-01
1.728528301076401874e-01
-3.147599273051504554e-01
-6.029233157234967777e-01
3.463877230110785632e-01
3.343952035464621275e-01
1.262405999754898644e-01
-3.577116256117367499e-01
6.504136591118996336e-01
1.580914887035733685e-01
-3.719962580610349789e-01
5.382229209895594835e-01
-3.496762903166601433e-01
-2.417593225910295018e-01
-2.326937357434699649e-01
5.054429016520156637e-01
1.237556146760532272e-02
-2.532252033972923755e-01
5.888281295422963524e-01
4.884973953718052542e-02
-6.745412676534909835e-01
1.671415814615997419e-01
-2.641495334955088481e-01
-5.836373223565969326e-01
2.298322525827867224e-02
-1.097069544592583767e-01
5.142070142488108786e-01
-5.019797875058706893e-02
2.572632165608190746e-02
-4.029860501381188342e-01
3.637181063189798280e-01
2.084191750417314637e-01
6.207147419309446690e-01
4.339290081433579971e-01
4.098982558285868549e-01
-6.328500486788053436e-01
-2.838333174972564876e-01
-5.432696613228671367e-01
5.454705518338069936e-01
2.638781594103081218e-01
1.661525857168921760e-01
4.233872129233171577e-01
3.268891642232745198e-01
-5.582539915058157831e-01
6.027259350657097059e-01
-3.011929197873008945e-01
-5.822990621823826984e-01
-7.442466843717632230e-03
3.209077267579552029e-02
1.308883102263749265e-01
2.644511551065136246e-01
-6.455681724538875343e-01
-5.432799824354450635e-01
2.162792980552641353e-02
1.823818583993084275e-01
-2.283757097576719630e-01
-1.436012979531202660e-01
-3.251894246342201811e-01
4.173291050926764001e-02
5.855109332942127764e-01
3.911119077982929682e-01
-6.940781863502687443e-01
-3.529093215844305576e-01
2.100268061811219056e-01
1.949218575452658087e-01
3.722362481469012607e-01
-4.326420452685706408e-01
3.069088063089377982e-01
1.272505590853159063e-01
2.158571391476211687e-01
-3.793948673277522943e-01
5.068151265121159099e-01
-2.148672307646180002e-01
-7.003510664497927252e-01
-1.319908081686698154e-01
7.005389171929543579e-01
2.535076520705263903e-01
2.094772907584729893e-02
-4.069928325691840598e-02
3.548247570607205859e-01
2.801121038666316565e-01
3.113013979537200271e-01
2.914213456506118405e-01
-2.684935600612323725e-01
8.533102900075917319e-02
1.437470027334963873e-02
1.083656018041967428e-02
7.407731999928923727e-01
-8.897868321678270576e-02
3.942185269143472226e-02
-7.200989113038112066e-01
3.663867230352320092e-01
7.454100796218643410e-02
4.493157499190054693e-01
6.723895452425949770e-01
3.997432539145666652e-01
-3.347896243219352641e-01
3.682769262981890890e-01
-1.999525990112536178e-01
-1.866607126795001292e-01
-3.440086357240934589e-01
1.210214875929702671e-01
8.325398906523062692e-02
-2.563407403822370867e-02
-1.270822388901624578e-01
5.366358002546061101e-01
-3.308603792814635014e-01
1.350491278785312943e-01
-2.750009081796997989e-01
3.159163032054568276e-01
-2.811557268352808947e-01
-4.202378414207101898e-01
-3.025986730701033522e-01
1.047832599913860463e-01
-5.662721546526494620e-02
4.211706479312358198e-01
-3.514656547885488536e-01
-3.168897158521541968e-01
-6.350299555799860940e-01
2.996265388390320084e-01
-4.678294143496239954e-01
-1.412399010711684610e-02
3.923765811353208122e-01
4.161666624119897406e-01
-2.974234684955394670e-01
1.871171145663375057e-02
-4.610535543645033485e-01
-4.434231446726091264e-01
4.414498275231926172e-01
4.456658791419592092e-01
-5.847094871214792988e-01
5.981576280193827699e-01
-2.147897568290222381e-01
-1.865345885956015692e-01
-9.618669455926109890e-02
-5.524925512881448952e-01
-2.149539194750014204e-01
-4.488424332077558532e-01
-1.371398050552032899e-01
3.306603944404997719e-01
2.774119471358211797e-01
-1.754431465042625149e-01
5.138553741485996085e-02
-2.911915462690775058e-01
-1.200131075793100521e-01
-3.525742212926310515e-01
2.697670293102234496e-01
-4.702939438325861587e-01
-4.912401199861440304e-01
1.083026504195512274e-01
3.643807868432364927e-01
-3.668293625453555862e-01
-5.113602820070726196e-01
-6.119716870531313191e-01
-6.194386746577693614e-01
2.438203848894264780e-01
3.084201369403904991e-01
-3.110409004879945982e-01
2.909466281660533227e-01
-3.678052717854027875e-01
-6.929991323251485369e-01
6.659368047263294343e-01
1.841716160766013743e-01
2.388311085648098242e-01
2.773390489961542471e-01
-3.384407081887434998e-01
8.221719303365659925e-02
3.011210932709937893e-01
