6.789000000000000000e+03
4.881000000000000000e+03
5.430000000000000000e+02
5.180000000000000000e+03
2.524000000000000000e+03
1.543000000000000000e+03
4.039000000000000000e+03
1.026000000000000000e+03
8.210000000000000000e+02
4.400000000000000000e+02
1.869000000000000000e+03
3.850000000000000000e+03
6.674000000000000000e+03
9.000000000000000000e+02
4.640000000000000000e+02
5.500000000000000000e+02
7.890000000000000000e+02
9.960000000000000000e+02
2.354000000000000000e+03
2.408000000000000000e+03
9.534000000000000000e+03
2.230000000000000000e+03
1.145000000000000000e+03
3.072000000000000000e+03
2.094000000000000000e+03
1.783000000000000000e+03
9.886000000000000000e+03
9.237000000000000000e+03
6.640000000000000000e+03
9.281000000000000000e+03
6.210000000000000000e+02
1.026000000000000000e+03
1.786000000000000000e+03
6.240000000000000000e+02
3.355000000000000000e+03
9.741000000000000000e+03
1.905000000000000000e+03
3.049000000000000000e+03
2.025000000000000000e+03
8.250000000000000000e+02
3.783000000000000000e+03
8.951000000000000000e+03
3.774000000000000000e+03
9.892000000000000000e+03
8.690000000000000000e+02
5.060000000000000000e+02
9.315000000000000000e+03
1.019600000000000000e+04
6.970000000000000000e+03
3.421000000000000000e+03
1.920000000000000000e+03
1.746000000000000000e+03
2.234000000000000000e+03
6.580000000000000000e+02
9.119000000000000000e+03
1.391000000000000000e+03
5.099000000000000000e+03
1.000100000000000000e+04
4.890000000000000000e+02
5.762000000000000000e+03
4.254000000000000000e+03
5.290000000000000000e+02
6.530000000000000000e+03
9.702000000000000000e+03
8.000000000000000000e+02
2.815000000000000000e+03
1.432000000000000000e+03
6.316000000000000000e+03
3.101000000000000000e+03
9.493000000000000000e+03
8.910000000000000000e+02
1.237000000000000000e+03
5.190000000000000000e+02
9.012000000000000000e+03
2.643000000000000000e+03
2.282000000000000000e+03
9.399000000000000000e+03
9.627000000000000000e+03
5.680000000000000000e+02
4.467000000000000000e+03
4.836000000000000000e+03
8.372000000000000000e+03
9.621000000000000000e+03
9.607000000000000000e+03
9.460000000000000000e+02
1.591000000000000000e+03
2.124000000000000000e+03
2.380000000000000000e+02
9.525000000000000000e+03
1.307000000000000000e+03
7.990000000000000000e+02
9.272000000000000000e+03
9.257000000000000000e+03
1.256000000000000000e+03
5.610000000000000000e+02
2.708000000000000000e+03
2.734000000000000000e+03
6.281000000000000000e+03
1.820000000000000000e+03
3.825000000000000000e+03
