6.789000000000000000e+03
4.881000000000000000e+03
5.430000000000000000e+02
5.180000000000000000e+03
2.524000000000000000e+03
1.543000000000000000e+03
4.191000000000000000e+03
5.314000000000000000e+03
4.310000000000000000e+02
4.840000000000000000e+02
4.524000000000000000e+03
4.670000000000000000e+02
4.871000000000000000e+03
1.923000000000000000e+03
4.785000000000000000e+03
4.691000000000000000e+03
2.091000000000000000e+03
7.095000000000000000e+03
4.172000000000000000e+03
8.021000000000000000e+03
2.243000000000000000e+03
2.397000000000000000e+03
5.170000000000000000e+02
9.500000000000000000e+03
5.363000000000000000e+03
3.112000000000000000e+03
5.630000000000000000e+02
2.342000000000000000e+03
3.737000000000000000e+03
9.807000000000000000e+03
3.084000000000000000e+03
1.435000000000000000e+03
9.407000000000000000e+03
1.278000000000000000e+03
1.850000000000000000e+03
9.280000000000000000e+03
3.647000000000000000e+03
3.530000000000000000e+03
1.159000000000000000e+03
8.896000000000000000e+03
1.484000000000000000e+03
1.511000000000000000e+03
9.838000000000000000e+03
2.166000000000000000e+03
2.265000000000000000e+03
9.688000000000000000e+03
1.018900000000000000e+04
1.932000000000000000e+03
9.193000000000000000e+03
2.771000000000000000e+03
4.809000000000000000e+03
4.142000000000000000e+03
5.940000000000000000e+02
3.110000000000000000e+02
2.086000000000000000e+03
3.015000000000000000e+03
3.068000000000000000e+03
2.706000000000000000e+03
8.940000000000000000e+02
6.250000000000000000e+02
3.276000000000000000e+03
9.446000000000000000e+03
2.850000000000000000e+02
1.166000000000000000e+03
9.299000000000000000e+03
5.804000000000000000e+03
1.309000000000000000e+03
2.653000000000000000e+03
3.597000000000000000e+03
2.202000000000000000e+03
5.110000000000000000e+02
1.375000000000000000e+03
9.692000000000000000e+03
3.573000000000000000e+03
3.275000000000000000e+03
5.710000000000000000e+02
9.526000000000000000e+03
9.929000000000000000e+03
1.427000000000000000e+03
9.043000000000000000e+03
9.060000000000000000e+02
2.252000000000000000e+03
1.230000000000000000e+03
2.371000000000000000e+03
3.129000000000000000e+03
1.997000000000000000e+03
3.339000000000000000e+03
3.981000000000000000e+03
1.009200000000000000e+04
3.662000000000000000e+03
9.420000000000000000e+02
1.025200000000000000e+04
6.869000000000000000e+03
9.891000000000000000e+03
1.313000000000000000e+03
7.079000000000000000e+03
4.228000000000000000e+03
9.305000000000000000e+03
5.036000000000000000e+03
1.452000000000000000e+03
