-4.483653137861853821e-02
-3.994673668857267046e-01
-4.155611637182063944e-01
2.584841965661333063e-02
6.113891111915403798e-02
5.098835950304083653e-01
-1.282683171403946609e+00
-9.541763165940411184e-01
-1.184769694443268406e-01
-2.731175703013128953e-01
6.829149383901960135e-01
6.226571918737375810e-01
5.537252914429302564e-02
-5.909934342935372342e-01
1.134097765783874223e+00
-1.266739896998622328e+00
9.314924184038115840e-01
1.144984090634880047e+00
9.173468125023731545e-03
5.179938373786185934e-01
4.363725824295254796e-01
1.058398524930113105e+00
-1.762643532738952246e-01
9.837175419716768232e-01
-1.091667167530898652e-01
-2.835709522786089565e-01
-7.650487411876945032e-01
5.028100472548233668e-01
-1.312176713350403645e-01
6.780029988219027359e-02
5.206086351394976219e-01
-1.460392793439329040e-01
5.651621726196633944e-01
2.249251028761021232e-01
-1.148240039529061285e+00
2.253399543421430451e-01
5.276256763542477302e-01
6.595006760898520781e-01
-9.657802398869730354e-02
4.956642362364771515e-01
2.396662943523271139e-01
8.985721375946242873e-01
9.616363108508041435e-01
1.092653990862821445e+00
-5.837706422158905895e-01
-6.099836874364328310e-03
8.259835539531223958e-02
1.956634831038339684e-01
-6.191203691874527237e-01
-1.257221334268499024e+00
-2.905379505091509884e-02
3.657991027297811115e-01
2.201277225171480723e-01
-3.210166321708562975e-01
2.074519799163283551e-01
-1.062172247560563498e+00
5.889013807684531088e-01
6.300814686790534580e-02
-3.123048144013704785e-01
1.121035419702554492e+00
-5.443791205025183544e-01
-7.933157944642346138e-01
9.407809540400950965e-01
-1.273720332342145767e+00
-9.296488608060036185e-01
1.145524912944666518e+00
-1.094772033898189001e+00
1.154815668758336855e+00
-8.245530478237768079e-01
-8.430213226055549569e-01
3.813079909333314532e-01
-1.311385476150572771e-02
7.311646956239226114e-01
-4.063011066832853402e-01
1.921633193835621256e-01
-5.891583201235652822e-01
-2.646144171148270274e-01
-7.391533167260320170e-01
6.023293334550885447e-01
7.905118946395717217e-01
1.179709984378368048e+00
2.626254915211188035e-01
9.319371451455671362e-01
-1.121679508555022409e-01
1.230567917704856740e-01
-8.872038754634292701e-01
4.548183744448275334e-01
-4.786965279679575858e-01
5.713293580938483274e-01
-1.265966349730183182e-01
-5.280557113376174172e-01
-7.794521641002045698e-01
5.748498166828683864e-01
-6.521562847274360308e-01
5.045344350296865343e-02
8.159978964342826657e-01
-5.187500923820609344e-01
-8.306533724401141683e-01
-9.771874799895154950e-01
-9.907903074520536535e-01
-3.140346005362282256e-01
-7.914480954019875725e-02
-1.112718654417723663e+00
9.579205721535464235e-01
-9.418166059602244289e-01
-4.968936589807420035e-01
1.919249054491780626e-01
4.282833770538152507e-01
-2.027812368168930846e-01
-4.806707118891919706e-01
8.594251891199213844e-01
1.083595112713116038e+00
-1.145460882691766713e-01
-2.265127011912442256e-01
-4.844478057096708312e-01
-8.413634908027720627e-01
6.060747578787051282e-01
-5.361670651373380281e-01
-5.852832652049784201e-01
3.249077942590981039e-01
1.534611008075259520e-02
-1.266869619569952476e-01
-2.112010045407970438e-01
1.060754883098469215e+00
-1.236511817151439097e+00
-7.264580683619374923e-01
8.319943695188314337e-01
-1.285698997485466677e+00
2.070035367196449982e-01
6.124034890038574375e-01
-6.533888364419020434e-01
-4.530877751500206330e-02
1.604106477645670381e-01
1.434522061408927129e-01
4.335716545268830657e-02
2.069680275387328905e-01
1.740584845195281005e-01
3.365159136548232510e-01
-9.877609539248277670e-01
9.408198725150072050e-01
1.135173033588662506e+00
-6.181186397196647420e-02
-2.964666192920404342e-01
1.044355826473891469e+00
5.336351024027630174e-01
-5.291595824464856435e-01
-8.327397686429423018e-01
3.813111851936774599e-01
1.095231125182527521e-01
1.293848443406497850e-01
-4.886852985654250858e-01
-6.908089102408982995e-01
-3.723675511171355978e-01
-2.336982850708437809e-01
-8.982240623321056106e-01
-6.333734889089921438e-01
-6.175945516099901056e-02
-9.971511925540168519e-01
-4.753529970964471829e-01
5.995461538123745271e-01
-1.069226815949732678e+00
7.655273170111689396e-01
-5.579050112364569713e-01
2.871038702057360226e-01
7.690171087945536499e-01
7.192207855830279328e-01
-9.815322158875625647e-01
7.505477161987093027e-01
2.803818381531719695e-02
7.786406804271024384e-01
-6.260371656754255554e-01
-3.606792555050946092e-01
-9.402077025652912923e-01
-1.337590578963075316e+00
9.135134168508631802e-01
1.070014096990422381e+00
-4.004414265118638738e-01
-5.832312650858630931e-01
-4.968243493047594939e-01
7.851128511988081371e-01
-9.127735562692382842e-01
-5.839266832629599335e-01
-2.822588881660106352e-01
-3.812098297038701844e-01
2.362786585789597993e-01
-7.799960615104009065e-01
3.061898665866902292e-02
2.559302353230030747e-01
-1.091251018138782669e+00
8.707074405388270932e-01
-8.854900619979471088e-01
5.665994396852340742e-01
2.204840466095507878e-01
-6.623952623117101979e-01
6.436555755344457452e-01
1.070191578317842840e-01
9.805330528946010205e-01
-3.582323141329917249e-01
2.159016909198516743e-01
5.739848012227763974e-01
6.086870170157867577e-01
5.472733109311640476e-01
3.352907860982234922e-02
2.364420678040932700e-01
-4.354374872441235667e-01
-6.143642948203797971e-02
-1.358566023120266308e+00
3.454737069158841933e-01
-9.524668051109426159e-01
-2.610550338814077165e-01
-8.965223466326071033e-01
-7.138779822782215234e-02
6.772646535772350873e-01
4.740776239955639682e-01
2.146479048287162072e-01
7.819395354233122930e-01
1.893600021582386717e-02
-7.925897156409265065e-01
5.521947144690546594e-01
5.058703857122086589e-01
-6.661341658134203314e-01
3.633331719484624855e-01
-7.819743447401599212e-01
1.234184578623728434e+00
4.519356724689149729e-02
-5.817551719843017111e-02
2.451206393819465035e-01
1.282759808230471421e-01
1.026909713679186709e+00
-4.909523943664160228e-01
8.548621502567641528e-01
1.940144754587977971e-01
-1.346225882024132403e-02
-1.111061653072987099e+00
-5.424809432706769741e-01
4.481742454560286859e-01
2.532977678074548322e-01
1.110623255379401542e-01
-3.006271257121966300e-01
-3.268279067325705611e-01
-1.011332618233246272e+00
4.788356640296438371e-01
6.540683432310778755e-01
-2.674605169965271756e-01
2.429637141740315087e-01
1.287044011558258205e-02
1.248957686831060343e+00
-5.121036012761486234e-01
-5.061199385402384010e-01
-8.898948570121323343e-01
7.963262253208185371e-01
-4.755098771047219230e-01
1.212851044612060392e+00
2.167221215885817287e-02
1.216561395851279315e+00
1.286612907804183692e+00
-1.209199272868408670e-01
9.100116748279400980e-01
-2.519168103176641083e-01
-5.412031357078452842e-01
7.087656682423615351e-01
-5.274413554847505736e-01
-7.267748288469144669e-01
5.604430560961137786e-01
-3.662087936890126016e-01
7.798099477959397063e-02
4.780620934584023374e-01
5.380192575030209312e-01
6.378390751824580818e-01
1.487523577395517549e-01
-5.788465966325961887e-02
9.221165097666297328e-01
-1.042920859727853866e-01
-3.110593930846503596e-01
4.727233733982059150e-01
-6.423559203098063719e-01
-5.982606026802388399e-01
-3.678685454862362647e-01
-4.827118012580191575e-01
-5.838695190544216373e-01
-1.241748227541306537e+00
9.741080044853838160e-01
7.154354027563574192e-01
7.021091035914750478e-01
4.834084734578318887e-01
-5.895461546477607229e-01
1.616623148363665052e-01
1.243163564200171933e+00
7.851125114058765675e-01
-1.761759616722526900e-01
-1.524761519118893460e-01
2.122518302359921449e-02
-1.729014555891987825e-01
-5.266806283864333693e-02
7.215849439668886589e-01
4.091154457975498815e-02
1.540787243225594239e-03
-3.207350663211707698e-01
-5.994080566777553187e-01
-9.413830174936137496e-01
-9.870118942101369086e-01
2.176432637391396696e-01
4.206598657978286582e-01
-1.504847437058280946e-01
1.002479448770018600e+00
-1.001493025152769611e+00
1.080516925368510961e+00
-1.058877076519852967e+00
-1.202351027375370585e+00
1.189315743551261129e+00
9.203909979241675643e-02
-2.924192161399421508e-01
4.114073462171425888e-01
-3.450186372124379730e-01
5.164069434414013671e-01
9.060468971638986346e-01
-1.407098365698837839e-01
-9.212200946185049588e-01
-5.915228422666043429e-01
-7.169499800168024350e-01
-6.456162578272319763e-01
-9.599569367172238188e-01
-2.738570225225567256e-01
9.841953172773525438e-01
-7.293960750932573234e-01
-1.489098759921514414e-01
-1.508808014960543176e-01
-1.018702951414630853e+00
5.996945489702198984e-01
9.867022246303669419e-01
-5.387082094232633622e-01
7.627385795085315223e-01
8.581492231524565639e-01
1.713375587357717222e-01
5.283225875073247479e-01
1.330732315990209358e+00
7.948633342493014453e-01
-1.744007842413948239e-01
-4.544633420861297068e-01
3.688916313300261152e-03
8.381985121796393656e-01
6.974132606284211278e-02
-5.381604031757483142e-01
3.341604043262256241e-01
4.438936250719063281e-01
1.564083241505542787e-01
-2.462228415564835515e-01
-1.073299284679030574e+00
7.958418793979129546e-01
-1.141288895015315941e+00
5.298794131791417783e-01
7.977285228681267881e-01
-2.689681004393662533e-02
-9.312212273037188126e-01
-8.634089826155486591e-01
-1.170696119472019348e+00
1.157504921423868183e+00
-8.681097151104983922e-01
-1.029182368657033830e+00
1.319384110240466867e-01
-1.534166171323851913e-01
7.623956959970197289e-01
9.610967696700978280e-02
6.414426304845477489e-01
3.559950274935550496e-01
-1.032925679553495790e+00
-5.587786266378884648e-01
1.269533387712038497e+00
-1.169682371495390338e+00
5.774919340602018281e-01
1.061856642588244526e+00
4.574569711641984782e-01
8.415709243516644733e-03
1.096485165511209559e+00
9.269204347088759732e-01
9.683019153318728200e-02
1.088751581354262754e+00
7.289998274065823125e-02
3.697445660559299796e-01
9.016494965892345448e-01
-1.943856441999480822e-01
1.395714807562740134e-01
-3.109040804028442295e-01
-4.130592599113969143e-01
5.745304145438812071e-01
1.155517389915030613e+00
1.317101942559347094e+00
-3.350215168868242444e-02
1.061414757971870237e+00
-6.650307640916590657e-01
-3.619684698274774348e-01
-6.729494583342567893e-01
-1.025481107040010720e+00
1.052334215329686629e-01
-8.930264351422909641e-01
7.004610212904838207e-01
-1.389711881630173451e-02
-3.937716861992290873e-01
-6.798327149213116982e-01
5.306953378251115794e-01
3.258017551744405438e-01
8.423187236660325539e-01
4.469391122193924204e-01
3.991751373026231065e-01
-2.060562731752026977e-01
1.652613965249720707e-01
4.655803575480366163e-01
-9.690677491899437612e-01
1.027977717093520482e+00
-3.940157914574120568e-01
-7.328102911316891621e-01
-6.562972162647149332e-01
-9.136662105969648451e-01
4.583115963802253390e-02
-2.420702588326930638e-01
8.953897069247513940e-01
-7.126605239579841822e-02
-5.740414697939248967e-01
-1.692879265104982878e-01
1.196874887614395533e+00
2.749611317805307209e-01
-1.821852751820962624e-02
1.122139629214881751e+00
-1.289091248035121762e+00
1.716491420591061967e-01
6.137815772118671021e-02
-2.279993461578353475e-01
3.637301094849938465e-01
1.756865775453508860e-01
-9.286993373300669319e-01
-6.344890739458559636e-01
-1.049895366776754546e+00
7.037512446374396546e-01
-6.224670219768837498e-01
-1.027101338309805545e+00
4.070638842524569867e-01
-3.980980713171966556e-01
1.200481008190815047e+00
3.667032220303365619e-01
8.695516590324006145e-01
2.607971465375840125e-01
-5.469046811305053879e-01
-5.268338473522380383e-01
9.591559818368295964e-01
-9.414920309649943420e-02
-1.543551637107274388e-01
6.025891029139840427e-01
1.883130774540422436e-01
2.964348119878703613e-01
1.955259520435870257e-01
-1.691592731975148922e-01
4.993750191147583450e-02
-1.075180082461839604e+00
-5.798450261786323168e-01
4.409854497917446992e-01
-2.461383019117029392e-01
5.033320574646840129e-01
5.206338858572259198e-01
9.742289690309018368e-01
7.087480184489827195e-01
-7.061321044830046745e-01
-7.039229333555878654e-01
-3.613438830305151228e-01
-1.036847241956388110e+00
-3.670444365679124132e-01
9.466542365096044520e-01
4.747367310182015743e-01
-1.201577553296799827e+00
3.649210749616660365e-01
-8.583618843851068547e-01
2.710331414821336438e-01
-7.782887711737531689e-01
7.671248981786398247e-01
7.888519055782383660e-01
-2.655056215374287376e-01
-5.764109242583357329e-01
8.867951605992789865e-01
1.118984692767281963e+00
5.765873336859161924e-01
1.049737469673990731e+00
-7.027156063412318687e-01
-8.536871392067020281e-01
3.147662607058698825e-01
1.098997352717444365e+00
6.048273254178830882e-01
-2.294256884303784716e-01
1.793809587720147647e-01
2.154003784055440462e-01
2.381099077988189094e-01
1.105556969845309823e+00
1.304036185630987887e+00
-4.116330668578829233e-01
7.165772612175658196e-01
1.182670795503078409e+00
-8.394067385915926494e-01
-5.039458824192735165e-01
-1.833531057847164192e-01
-1.339171656188060666e-01
-3.179497677737055383e-01
-1.224643118501509420e+00
3.991128331066580159e-01
-1.067045109746711518e-01
-2.481708780949833937e-01
-1.095641745200530703e+00
-1.996441568736821992e-01
1.175963631477685567e-01
-9.890286569876067801e-01
-3.800493358021173051e-01
1.151882425988592473e+00
7.964678830067057902e-01
7.068655794564735473e-01
1.967773680020812321e-02
3.943155573593601915e-01
5.020564176640887055e-01
-1.110773362868221703e+00
-8.075869313603973865e-01
9.250930861695847440e-01
-7.878979855502521445e-02
-1.071021930345082751e+00
-1.985539931322755081e-02
-1.245699472685126707e-01
6.890680282693475434e-01
5.904914028531145220e-01
-8.655042536514869767e-01
-1.345700953057162863e+00
-2.237407116604988033e-01
-5.533578769711970935e-01
4.197637664344533448e-02
1.116401019062868372e+00
-8.958181705654988392e-01
-4.915943461745682086e-01
-9.597452702443707295e-01
-1.746930230009464680e-01
-9.038911391409154561e-01
-1.263895544060105181e-01
-9.123296830202338725e-01
3.899983421048389687e-01
-9.149942261352466133e-01
-1.247949647536079620e+00
3.606516034525295566e-01
1.107057152031210023e-02
4.421535603015431803e-01
2.638473022332101792e-01
-1.164606681944873490e+00
-1.035636741624073043e+00
-1.225291252587634716e-01
-1.228142920658808368e+00
8.806118132749674032e-03
-1.139759477041752955e+00
9.450476229357063218e-01
-9.427513394611075626e-01
-9.173030482873878455e-01
1.228692153862826153e+00
-3.663153709066842012e-01
8.649786291886822909e-01
-1.774254942178243866e-01
6.349856832430500475e-01
2.831642356206192090e-01
-5.699170664280277521e-01
6.612221604685295517e-01
-7.237451475147569369e-01
6.531205434210392013e-01
-9.291847059491242788e-01
5.582453344215201341e-01
6.071749400139792030e-01
9.928304601374717819e-01
7.886173656432324819e-01
-1.299428878354236261e+00
-6.309341036526081581e-01
4.125411790546982260e-01
-8.064028895740236180e-01
-1.143242363198060385e+00
6.284563068610875547e-01
-2.391303106297097969e-01
2.839189917623405890e-01
-1.262107764521608999e+00
4.675590485936256258e-01
3.150585936711189916e-01
-8.253451725512075399e-01
1.040729668547571762e+00
3.326526939682459272e-01
7.888559071851188875e-01
-8.300123210124992212e-01
-1.963912969668788477e-01
1.864818989293830498e-01
-5.534715770941680546e-01
1.126479722590643995e+00
-3.217351049389538531e-01
9.305615736763854784e-01
4.930590019669782720e-01
1.092085236460410336e+00
2.256036559126863850e-01
6.482791296192669250e-01
-7.332529658687567675e-01
-8.834708848056083141e-01
-5.128618693024460384e-01
9.585358055167532143e-01
-1.217866220210037209e+00
-1.038146220185074409e+00
1.225334319370348091e+00
3.014688661550515292e-01
-7.261460460566144803e-01
-2.454323823768973512e-01
-1.001238020580881294e+00
3.916922720087079313e-01
-1.247129143631023229e+00
-3.991598870333659121e-01
-1.534558091570303873e-01
1.326640415996221734e+00
6.851184710402762335e-01
8.167515032921119911e-01
2.298725100867349269e-01
1.241706943245252326e+00
-6.323699058020775254e-01
-1.458279932236816734e-01
-5.090324882961088093e-01
5.829341874080036234e-01
3.786322693565269404e-01
4.185757867898587392e-02
2.857051075956951181e-01
-5.217885776183086577e-01
-8.478280943988911744e-01
-5.412421011368175883e-01
9.704108207900450367e-01
7.117117521183597972e-01
-1.327502569295377910e-01
-8.010292654736588247e-01
-2.249775344480600126e-01
5.527832736498483612e-01
-6.752663312546767216e-01
-7.881611790616016577e-01
-8.745373054407785673e-01
-9.936119949426505116e-01
-1.258143588145274272e+00
1.377123298457849643e-02
1.098233365272252016e+00
-6.826331021284026690e-01
-1.126976918066979305e+00
1.033229881285489427e+00
-5.348044575305461734e-01
-6.722003064380279724e-01
-1.701893732724588659e-01
1.036024892654481278e-01
1.186672995467464631e+00
5.932257715856614766e-02
-1.216775563889680445e+00
5.967302780903160908e-01
2.855925098907841075e-01
7.067126626275577195e-01
2.685349967397421267e-02
1.359498514731019014e-01
-6.602999172589747445e-01
4.196207214537324148e-01
-4.433938817671636556e-01
-5.416815161403985002e-01
1.359266176212829080e+00
-7.218903740917914647e-01
7.807627490479864818e-01
-7.111429632194870010e-01
6.437877785145573739e-01
7.109181079780260148e-01
6.420793057283722405e-01
9.526944555933631875e-01
-1.060463958608744761e+00
-2.287579153002727850e-02
4.442968006922241031e-01
-7.500463225474245377e-01
9.217395076224255135e-01
-4.499939437412532328e-01
-3.712700077344086580e-01
-3.039549108454098203e-01
-2.081998000997753451e-01
-5.875298729923166263e-01
5.296672994001196955e-01
1.172319110409119070e+00
-1.025808736327046944e+00
-3.091394598407157801e-01
-5.850429305231488186e-01
-1.242137062975867678e+00
-9.442293303947044691e-01
1.649589032040559289e-01
7.324682440764789249e-01
-2.610342107336895978e-01
1.153703512413100540e+00
-9.119126378266884103e-02
1.674640396615014737e-01
-1.082065574155629761e+00
7.152461882962137807e-01
1.100364530175623301e+00
-4.607265941929323816e-01
1.199148529011928588e+00
8.983680235413515902e-02
-7.080973129844094771e-01
3.559697761726265952e-01
-5.819169858484238844e-01
-2.767200649478338548e-01
2.971133013016586943e-01
8.045896898293669608e-02
1.781584163296967560e-01
9.598546286159335139e-01
-6.669790015439556186e-01
2.863010363235840572e-01
5.312829836349397539e-02
2.245896967426128654e-01
8.234924613395886439e-01
-4.877251544970420127e-01
1.379096139879454341e-01
-4.835648551899627279e-01
6.396514602922049875e-01
-4.360406115152102302e-01
-8.151871497498230923e-01
7.583951363632754905e-01
-7.438365646892419747e-01
-3.614927116408930274e-01
-5.498035548500856962e-01
-1.244055471832346438e+00
9.432838223024733182e-01
2.001853280371248545e-01
-9.331047032556085696e-01
-6.832838988731593233e-01
9.605502058583059721e-01
1.062824580483301418e-02
-2.180258024895298519e-02
1.824741387982324881e-01
-1.152423451836325885e+00
-4.058952628966796539e-01
6.899512799251459327e-01
-9.840165061773875621e-01
-8.226751058829453456e-01
5.033453228448898642e-01
1.389462450881389088e-01
7.797747277226854123e-01
9.645037750192777537e-01
-2.395239768828814064e-01
2.457809004092741390e-01
1.592795484621234436e-02
-5.561033213467743153e-01
-3.565798422036392523e-01
-2.990137979381550792e-01
5.570147306007120491e-01
1.055654009268032212e-01
-2.989995019469171567e-01
-7.097395181540928633e-01
4.341759572294350278e-01
-2.260946089947886151e-01
1.598910655132970149e-01
1.032522714474795045e+00
1.031360594027480815e+00
2.796060050366566685e-02
-1.817245101611764113e-01
7.562863349139270497e-01
-5.432663442719336544e-01
-4.097899402527644952e-01
-6.241324310281921584e-01
4.463743532061368313e-01
-4.239143228895354554e-01
-2.970419133412471879e-01
2.689664601310735037e-01
-1.051545026984046061e+00
-7.922485370376008973e-02
-2.045953708959693529e-01
6.594692370929067238e-01
-1.210278715143281225e+00
-6.457022434309029890e-01
-6.147282124115180935e-01
1.331600249364823796e+00
-7.870582572786242181e-01
-2.759185588571098080e-01
-6.119176848748129061e-01
7.081425755793517851e-01
-1.221940377334545413e+00
6.747073241281098532e-01
3.665505078857371757e-01
-9.468679394358536783e-01
-8.458236118375808132e-01
4.337678608211064102e-01
-7.448777465489246907e-01
7.867887464660601182e-01
-6.921251287880805236e-01
1.290567367676462851e-01
8.721470270528879354e-01
-3.699228834756427275e-01
-2.368837094819733480e-01
7.218236213874344998e-01
1.066303565518207819e+00
3.733240630031158247e-01
1.262168460977363793e+00
8.195730448504567889e-01
5.719045199417909231e-01
-7.031738819733144297e-01
-6.259986579640086646e-01
-1.025122442569506021e-01
-3.607528301755724698e-02
1.261744660068330859e+00
3.164310363288622696e-01
6.527117408380176400e-01
-2.241417440767969893e-01
2.637343794434752198e-01
2.977989866982380107e-01
3.592174626308599628e-01
-3.438868647881534457e-01
1.142762666787281667e+00
3.986544329241645812e-01
3.979309441784781853e-01
-8.584549594383066307e-01
1.682817815582735577e-01
-1.217378273484477802e+00
-5.851133800154961762e-02
9.473971782905676875e-01
-1.573599964643239701e-01
3.658433985790203735e-01
4.047597926680124303e-01
3.387332555664093192e-01
-3.786769986543188082e-01
2.613468477078786378e-01
-1.052321048979971252e+00
-1.032891392528553887e+00
8.275083612960010271e-01
-3.041656625885220677e-01
-1.004950916435510599e+00
-1.130083823844385549e-01
1.023247876137212131e-02
-2.380578272498929948e-01
-2.267135709030059232e-01
-8.786675409370658940e-01
-5.315082643468374002e-01
3.821920792015305324e-01
-2.998551715271968732e-01
3.922748947675005482e-01
9.692086576513379015e-01
-4.125696618026521989e-01
-4.967535077776643604e-01
3.338643690458011903e-01
6.915026719608787786e-01
-1.343827388304692505e-01
-3.505210406656003030e-01
-7.000610632737576111e-01
3.791388738420309323e-02
-3.081784062638330823e-01
-1.041150431409989974e+00
-8.324724416143647332e-01
-4.713583333061972525e-01
-6.099714993480542802e-01
9.714504529238681130e-01
8.574604660787423782e-01
-1.984730217950199105e-01
-8.104356066248090684e-01
-9.285634834763403234e-01
-1.143578642593583439e-01
-1.482972038023095962e-01
9.296464265042363451e-01
-5.310382508972741888e-01
-8.707137035971772576e-01
-9.186078474780678960e-02
4.328781689237608532e-01
-1.498019088601338922e-01
-9.210108289404947968e-01
-9.724976293233176250e-01
-9.197918850011701508e-01
-5.308379407198469124e-01
1.231264086998771212e+00
-1.641345017534154849e-01
-9.556653471324363380e-01
-3.749263852704114441e-01
8.771407709450951273e-01
1.112143435616737897e+00
1.042854591791942731e+00
1.324387417187997684e-01
-2.742670889420120162e-01
-1.136313245946372064e-01
-3.732697042222392625e-01
1.629459856757176084e-01
-2.074030191505489285e-01
-4.055653243813353015e-01
-9.075600651477877534e-02
-6.333954129106071917e-01
1.257738001819897811e+00
5.139991108116710450e-01
-6.021338485620395531e-01
-1.106399888525713138e-01
-8.747988373162378650e-01
6.804382678825149355e-02
9.655477429910419573e-01
-9.446559810432919591e-01
-7.719027362647965518e-01
-1.286900380147298684e+00
-1.409148053657203192e-01
-6.647888510460830958e-02
1.567574012319150611e-01
-6.879212985130092051e-01
3.190686492065886171e-01
-6.272717839939359052e-01
9.286685631836446575e-01
-3.103316053170885880e-01
7.364261486247194455e-01
-1.148267708979905599e+00
1.261782283603835708e+00
4.004308536338809787e-01
2.034502967605966717e-02
6.940677206738374849e-01
-4.093148097023391330e-02
9.924062087945806354e-02
1.225734721399810212e+00
7.352429475926953728e-01
1.140012457662882284e+00
5.165418255387077551e-01
3.453391705028030501e-01
1.384186732399053099e-01
1.218638582696263128e+00
1.917481726471610415e-01
-1.062018606573897905e+00
1.443779773491558061e-01
-8.632671168987382515e-01
-1.227421465787434940e-01
1.156513486414593395e+00
-1.985486130652276415e-01
4.518025758988937213e-01
9.455448032872650899e-01
3.634635671333974472e-01
-4.878659244572176590e-01
2.924267847174704116e-01
4.997876506459189017e-01
2.351108157753847294e-01
-3.512514417235861330e-01
-6.497180892083154191e-02
2.697485535431560777e-01
1.010398483676835824e+00
1.347435980114811471e+00
-1.201447955362044961e+00
-5.038893140879894261e-01
-2.581123521751909067e-01
2.131947377582328329e-01
-3.608291635094857952e-01
7.913013797940244842e-01
8.726149883829688036e-01
-7.084782040114134816e-01
-1.412500085230119495e-01
-4.622017232589739066e-01
8.852775506010441831e-01
-8.540674003042418860e-01
1.484415254482653879e-01
-8.198734797739977154e-01
8.662198195482195828e-01
1.043878552024653850e+00
-2.049102228719599239e-01
-4.281992226775690469e-01
-2.714712324249060060e-01
-8.798965533114184723e-01
-5.418344281536615625e-01
-3.128547487621462508e-01
-9.789788252732014584e-01
-7.787671289405881936e-01
6.113552654219436278e-01
-6.821721182414819395e-01
-7.292283606401408491e-01
1.489600508918531574e-01
-1.369896545472637062e+00
6.778931840683970478e-01
-6.927795018403060112e-02
6.070925339812127675e-01
5.516551287529614100e-01
1.149010170560423205e+00
-5.084274716624035406e-01
-1.261911596639722521e+00
-2.461681946085292338e-02
3.501184010455897777e-01
9.703869232345336826e-01
8.764616223865484557e-02
-6.156831022679503107e-01
5.493091474344256042e-01
9.537183178013890483e-01
-1.082502208557441392e+00
1.378977922537840684e-01
5.845273176280425531e-01
-1.300072732324052183e+00
1.210371887023842241e+00
-6.080680743355690865e-01
4.057502475087879645e-01
1.084500517424515920e-01
-4.402664170158843149e-01
-2.891264751437798708e-01
-5.704650331347762560e-01
7.980482434016256121e-01
4.184629892642277582e-02
1.283830681250302419e+00
5.606044620717653970e-02
-1.173725720981637188e+00
-9.034240026964273085e-01
-2.393423856745044986e-01
-3.269562435621589103e-01
9.223614074826507192e-01
-6.516925187829318844e-01
-6.566100543851227656e-02
4.679419347550881625e-01
1.036726478733482892e-01
-3.444538326557839980e-01
9.468221770696771955e-02
6.497723926538165884e-01
-6.187624393596822259e-01
3.330692105413639581e-01
-1.835317597194237038e-01
-1.069247103195739790e+00
-9.735740160991985803e-01
-1.052969119905402540e+00
-1.267694484399839450e+00
2.274073868783785812e-01
8.464042133423355097e-02
9.568580397022046213e-01
-3.252070522671939301e-01
8.485768324063514001e-01
4.824051192662883736e-01
-1.228852097307603586e+00
-9.178203388690313602e-01
1.052916262966102856e+00
-5.524590220462588519e-01
-6.706910299264929876e-01
-9.558111669462929783e-01
9.548341794460402099e-01
-6.415120016173929685e-01
-2.606460021510361713e-01
8.308768162841939642e-01
1.800121471630609093e-01
3.381674549569346766e-02
-1.014844568626436239e+00
1.807155066006345123e-01
-2.425544857390402598e-01
-2.662182194740205787e-01
8.769806647093822960e-01
8.990729677844164769e-01
-7.949640034834093427e-01
9.783865850778949991e-01
4.400163611792864415e-01
7.314050221847514521e-01
-3.700239585085123295e-01
-1.013411448413241711e+00
2.192197028650593182e-01
3.562264289149572605e-01
9.492458613592358319e-02
-7.760758031236321131e-01
-2.298505368117353953e-01
1.044639193305244795e+00
1.065199479362624047e-01
-7.448632240127386339e-01
-8.293276274400378512e-01
9.190366492696782075e-01
-3.286400944344691766e-01
3.774576931718600648e-01
-4.619294089303664919e-01
-2.076584641848420176e-01
1.867864397703229429e-01
1.257097177922451792e+00
9.607726487893017975e-01
8.834561691621010127e-01
-4.140559745370753220e-01
-9.157926910758531491e-01
5.489961453872229669e-01
9.823092432117084272e-01
-9.997939716990567049e-01
1.027043682019145976e+00
-3.181783148148893403e-01
7.547261933004101309e-02
2.525562060245620799e-01
2.817122489079082470e-02
-1.249387013431660698e+00
2.313925568065711147e-01
-6.420208346062539206e-01
-1.948847312529675690e-01
1.015645943068246737e+00
-8.859553788615315284e-02
1.141700593660185170e+00
-6.995313009909720492e-01
9.667053382413755003e-01
-2.855752505399573593e-01
1.030502360983391874e+00
4.315404025638081009e-02
-8.775082088217347476e-01
3.793769506765372057e-01
-2.123299799301223700e-01
1.318512935805529196e-01
-7.480515649160413005e-02
5.346165388664303464e-02
2.065845349365531547e-01
5.657651207172742502e-01
-3.957630090947130697e-01
-8.475326189562908397e-01
6.773660160360384097e-01
1.001204613035890034e+00
1.033394958600689861e+00
-5.303959601514609545e-01
5.288666745644832190e-01
-5.392753982380309452e-01
1.034706221818395555e+00
-1.025158409752600974e+00
-9.339990082792635206e-01
6.900324155104478052e-01
6.638349623991075532e-01
-5.819304071200779305e-01
-9.745653095882857997e-01
2.640636938640028575e-04
3.568536806905395764e-01
4.987424730803500239e-01
-9.498452253594633632e-01
-6.663043237468500024e-01
7.231949694168715581e-01
-4.352840135319793191e-01
5.278427930030229476e-01
-4.394190939177802235e-01
8.305044980353226691e-01
-1.000785601443835660e+00
-4.593372561248276753e-02
2.777644834450079259e-01
6.432231683569273883e-01
4.127464799392246420e-01
-5.216492596006681026e-01
6.831322927396987765e-01
8.112248062944296123e-01
-3.643202407495174100e-01
-4.964970586788401974e-01
-2.321994721136064754e-01
4.277657156169558661e-01
-5.745112506855267753e-01
-1.812005601342923100e-01
-7.520777040041126682e-01
-1.010147398244020778e+00
7.710535060923664474e-01
3.430472208757509023e-01
-2.401767476592375772e-01
2.306361387435913457e-01
2.300521981869980692e-01
-6.134798434761634667e-02
-9.052379370327807706e-01
-1.061148900617991053e+00
1.129258512333031206e-01
-2.737968133509438573e-01
7.731130828973267199e-01
-9.356472683231604748e-01
6.275477069233463823e-01
-6.016445821940443750e-01
4.083299081229050387e-01
2.687700677228210822e-02
2.655106296660374454e-01
-3.107805239635226258e-01
-2.101305877840022873e-01
5.270892162333904452e-01
-1.142594733005303897e+00
6.477358000634207968e-01
1.070416589267502161e-01
5.638282261670211071e-01
2.456727188387430871e-01
9.018909156179972797e-01
-8.809098305767850690e-01
2.308667654471836528e-01
-1.946441254583417546e-01
1.219360505451994037e+00
-1.044916993603556499e+00
-6.918533271079851943e-02
-4.703051997972007570e-01
3.121328408086077033e-01
7.954772826420564158e-01
-5.108623876325886215e-01
6.844922741944916567e-01
-6.280995400643210047e-01
9.665393023486146262e-01
-4.180735515159375026e-01
9.626263406578061677e-01
4.044364908970781158e-01
3.453500302955951895e-01
8.842833309603435055e-01
-5.065351921041774119e-01
1.216911334715068627e+00
-3.335609284669205366e-01
-2.229222974434739157e-01
4.716118162094273814e-01
-4.905887885402053783e-01
-8.685261717054792996e-01
3.945459678746301435e-01
6.358977326460779622e-01
1.118398881224235808e+00
-1.697817903926868155e-02
-4.732868107510430633e-01
1.119056852780442313e+00
4.939516418930853803e-01
-6.042404292196978943e-01
-6.601979935785742271e-01
-3.815368286956148935e-01
2.803976231763467553e-01
1.753904402814487895e-01
9.143580989549331406e-01
1.068939833641380233e-02
3.163532875559473823e-01
-6.585288888972762322e-01
-1.167563168068039392e+00
3.834667253318313485e-01
-5.159710396124461695e-01
-1.089672753513303505e+00
-1.366829250529113970e+00
-4.112997560176614442e-01
8.520144231659259049e-01
9.827249745993968943e-01
2.660750752967526722e-01
-1.237780999959710471e+00
2.141337648677046346e-01
-7.479550926989286808e-02
-1.221206129041681798e+00
8.717344942197531310e-01
4.176779314615188810e-01
-8.683109827411783499e-02
8.911790716799927736e-01
1.021007987412973606e+00
9.350542739525637970e-01
-2.622495056471434438e-01
2.711769353738446853e-02
4.851307465334269153e-01
-3.905470004517965776e-01
-4.801991919284196442e-01
5.327828230552364985e-01
-1.024841045550593854e+00
8.902658599721746668e-02
1.764522486811994639e-01
-8.934076234656265214e-01
4.688049863355256974e-01
-2.788531999809222839e-01
8.130442179085335397e-01
7.478414458944087073e-01
-9.710966424781632966e-01
-6.831066658688564885e-01
4.977825194871350334e-01
-1.065852451618013674e+00
6.376672025573784097e-01
3.234954422590412548e-01
6.745497478607100916e-01
2.751461341516776571e-01
-1.636211460327752221e-01
-8.070344434880638573e-01
7.837854775345576286e-02
9.253301050752646972e-01
-6.472076938505537669e-01
-8.761379883240625333e-01
-2.054404768865030206e-01
-7.799298122969533509e-01
-8.144211081072940672e-01
4.749692540454573120e-01
-6.505096937672538715e-01
8.141889352872286878e-01
-4.842109030918173573e-02
-4.019983838556351330e-01
-5.933279334133594318e-01
-1.177681526986034566e+00
-8.306653087900510712e-01
2.849185379581218314e-01
-3.218653131103694776e-01
8.944163297131542123e-01
2.251072755895648925e-01
-1.477061816082096968e-01
-4.348335052164937764e-01
-2.955186106833442850e-01
-2.935589101055979810e-01
-8.768886347095019573e-01
-4.503146877539228043e-01
3.306001726084861758e-01
4.273105415241849059e-01
1.275743470474380636e+00
-6.301811866402333706e-01
1.025289668411800470e+00
2.518179591624498670e-01
9.594807647838301534e-01
4.073950012226204009e-01
8.241574799618067715e-01
1.177391562435623484e-01
1.061700935676537227e-01
-3.033824598996064381e-01
4.508439406000084304e-01
8.095908970784897463e-01
1.368466529186527225e+00
1.271533670273497840e+00
-5.659281219097964666e-01
-1.021358713233696314e+00
-1.287178798145711678e+00
-1.502955481188230635e-01
-8.235518893419078168e-01
7.002889705376427187e-01
1.096280698838883794e+00
3.629270519514982141e-02
5.728716594430816045e-01
1.709139273697388717e-01
1.051203027599787454e+00
-1.129346160307320712e+00
4.535960972083756815e-01
-4.659843412676751839e-01
-5.081249278831814209e-01
-4.243772592181755954e-01
-1.562006721773112616e-01
1.116818133271319624e+00
6.533041324411090756e-01
-9.992401703301263538e-01
-5.637092443168363332e-01
7.005358241443557787e-01
-1.466401710376814549e-01
-3.301736370442629465e-01
5.939743228437421863e-01
8.723725634155439224e-01
-6.098937851241537089e-02
7.476640660330255983e-01
-2.591175459379222445e-01
-3.146756234158267773e-01
2.135381444427029152e-01
5.873136930456954730e-01
-1.118950189361733294e+00
5.940532204676607364e-01
-1.953074554546887498e-01
6.352037940493504564e-01
-6.054456875070535204e-02
1.241601135399637457e+00
6.424754899459266255e-01
-9.424681189647809987e-02
7.308643927873257340e-01
3.441312155202851386e-01
-7.049815471596865279e-02
-9.200476429700099601e-02
3.183276106533305949e-01
8.637303323802383304e-01
-1.039985114355512774e+00
-7.825076497084992866e-02
1.753387827588159809e-01
2.902553394820532873e-01
3.297392268447616459e-01
-6.425424644475903335e-01
5.293212542779617280e-01
-1.650983446293423640e-01
2.025435544806866162e-01
4.622367795033612836e-01
5.945489809563273553e-01
9.151890845287358189e-02
-5.647413234159879281e-01
-2.593910930247007585e-01
1.541402022834557073e-01
3.255793459818310254e-01
-4.575981876533052883e-02
-5.578415161688745627e-01
-9.222110205810531980e-01
-1.174968955452167840e+00
-5.451106908631704329e-01
7.749332710275673719e-01
1.320023310464395472e+00
-3.547408899227271206e-01
-3.337569050747362098e-01
-7.060272571908399186e-02
1.898434647605888870e-01
-2.655567861870977708e-01
-8.155474026507114615e-02
1.308688782490020408e+00
9.790654544568653250e-01
7.636184374385983631e-01
-1.827133206461244441e-01
-9.111406685893435053e-01
-5.626338481642605416e-01
-9.385709260828631884e-01
-5.048011158902756534e-01
-4.762257267131619898e-02
6.334057259769787507e-01
1.052038097460278543e+00
-8.832133692339896314e-01
-1.205282715751003764e-01
-1.808405151056646787e-02
6.726326530143165172e-01
1.987167693007085845e-01
2.384207948940222366e-01
-7.121831289059237236e-01
-3.110360224279098418e-01
-3.807200979420546361e-01
5.169422387732680590e-01
-1.773953121136120359e-01
-1.032028886205616836e+00
5.544467427795796155e-01
3.429379338645732744e-01
4.153994621939851584e-01
1.093607262015935611e+00
4.070876084577035314e-01
9.439530914394547167e-01
4.898707250846694450e-01
5.669814626555975678e-01
-5.352427817682334776e-01
-3.752206126167010325e-01
-6.542418489270129811e-01
4.149804890954058578e-01
5.176301201344042369e-01
1.184687028848809831e-01
1.778762032055114517e-01
1.044615572690865690e+00
6.027140744508674430e-01
5.705758315037776640e-01
4.422888466882488601e-01
1.164531706204181560e+00
-4.182088130252639147e-01
9.437010387570978764e-01
-5.704801792296088081e-02
-1.096581903009723469e+00
9.166963505856351446e-02
9.858055631656306161e-01
3.490434485835827161e-01
6.000743953915694817e-01
8.819493945411327473e-01
-2.295954032145877122e-01
-1.174787469748359570e-01
4.852342545318322209e-01
-3.589847376381936073e-01
-5.259689697115010887e-02
-5.279217415673542746e-01
-1.084858892060887925e+00
7.931529199046423173e-01
9.323520858349354512e-01
-5.015343279388737585e-01
-6.775156189037989662e-01
4.912389049194239021e-01
9.630512427528898911e-01
-6.444595558543575464e-02
-3.301833072768722843e-01
8.346213766451615612e-02
1.174648885521806463e+00
-1.594099023248389813e-01
5.360194354309575360e-01
-2.985020523765431477e-01
1.333279849293563579e+00
-5.808896137111370095e-01
6.739948452310153826e-01
1.959269269389025681e-01
-3.713410354998973872e-01
1.043586591186596024e-02
-1.196826715086323212e+00
6.410143198810356324e-01
-5.958009414667984061e-01
3.843655609038680865e-01
-2.982417192526831684e-02
-1.123893771796999896e+00
2.424025897722721368e-01
1.084330557362381597e+00
-1.197673410501871594e+00
1.367469966925833447e+00
-3.669983416696185330e-01
6.051502598050175763e-01
-9.469791616498337561e-01
1.056779472351552229e-01
5.601998215628301026e-01
-1.258106482746125465e+00
-7.756253906725412151e-01
-9.029128817287350728e-01
-2.617998472948199762e-01
-7.702906255142680791e-01
3.202936757794860867e-01
1.258873028982412379e-01
-3.166784304281300422e-02
9.933155046795842935e-01
-8.326539002155284308e-01
-1.073849164362524089e+00
1.190171782793170152e+00
-7.680574040936569702e-01
6.922793237743629646e-01
-1.734133294028623595e-01
-2.425310715056756550e-01
-8.671258685313869563e-01
-1.617680394069509475e-03
1.701294755181326224e-02
5.041688613769110816e-01
-5.237718628447298741e-01
-5.678647517813351087e-01
-7.839944036502739522e-01
1.187719232250498358e+00
7.709066571019773662e-01
9.560953802496285903e-02
9.825463565086032247e-01
6.979812380101737546e-01
8.112303015894681835e-01
3.835786692075258131e-01
-3.599607876433275067e-01
5.224827039900610259e-01
2.695664219367088776e-01
-4.760190576527856265e-01
-5.517751042323109090e-01
-6.431788160100690988e-01
3.324140061623968023e-01
-7.844999714439468974e-01
6.991120718846088877e-01
8.150990191986267064e-01
-9.922690531096298727e-01
-5.297827697091292976e-01
-1.331338777054646982e-02
7.285601989815866375e-01
-1.635930884647907035e-01
3.380597684711572626e-01
1.682905791999642631e-01
-1.785524386474524050e-02
5.694293569716712966e-01
1.148099722579816628e+00
-1.214194560038327708e+00
-1.301403747645744069e+00
7.446429956629438962e-01
-1.234418791226279399e+00
6.212238969023067270e-01
-6.562084098873723903e-01
8.287948475182540520e-01
-1.599674057470128474e-01
1.143714584199958750e+00
3.499340414870344418e-01
-1.888529685896624954e-01
1.721158121802677243e-01
-1.069296381732578904e+00
9.225181225071281688e-01
-9.473881630077407578e-01
1.205241771991176769e+00
6.912597540077571878e-01
-2.748818714914005312e-01
-7.717490651443625893e-01
-8.740638433621761294e-01
7.074479581675552353e-01
-1.817169324613931991e-02
2.315922292508556524e-01
8.607131743667251200e-01
2.081974421191468139e-01
-1.340488654367200994e+00
-6.888517428764435735e-01
-7.214857361174695782e-01
3.651072953606346871e-01
-8.955025420552695792e-01
9.056036211123519308e-01
4.882479104984893681e-01
-6.555607462698631593e-01
1.190526270232403760e+00
7.580934686269724665e-02
-9.646102376041199022e-02
3.965056621777831580e-01
-4.368235338109194288e-01
-8.625946004726277039e-01
-6.826414301523886508e-01
6.360009237365797929e-01
1.042315952117274236e-01
1.323705703909823228e-01
1.038634354228181955e+00
-7.532844552523716430e-01
-6.604704586372616149e-01
-3.480089509572676931e-01
4.087884241289208020e-01
-5.400677042937802597e-01
-4.625917402748358498e-01
5.580876299968506871e-01
5.170675224628862310e-01
7.235683746458949628e-01
-1.227071635840558450e+00
-6.180550666661002168e-01
-5.257845627371722230e-01
-7.389158067350400927e-01
5.572190819003042250e-01
5.531789305094969578e-01
5.440720710503548219e-01
1.125841557128678616e+00
-1.052108386588001654e+00
5.546136727239456832e-01
-5.950508911723586536e-01
1.225289259332940084e+00
2.589616174063102960e-02
3.992500620885008900e-01
-1.054048371298628606e+00
8.913881576537274753e-01
4.865141217096535797e-02
2.035648127082865244e-01
-9.036270775054049409e-01
-1.165547330178354990e+00
7.116209859751476685e-01
-1.239403902032628402e+00
-5.486694568505168235e-02
-6.151795704312137403e-01
-7.778909343356765760e-02
2.674881962037822802e-01
1.496196176400621525e-01
-7.358030756683042739e-01
-3.733919121573983091e-01
4.512079933915735808e-01
9.039455202072552709e-01
-5.648196647510257407e-01
2.264592856876106453e-01
-6.504924774229801088e-01
3.483604327820106761e-01
-8.752645436576145244e-02
2.547295785087122511e-02
5.382219501787872673e-01
1.102267570423638432e+00
-2.692832556647264397e-01
-7.124918208610715453e-01
-5.447109752342971234e-02
-6.945123942789832583e-01
-6.427927697126403217e-01
-7.893281417254893739e-01
-6.501675094598704518e-01
-1.019819243858513413e+00
1.217422349485773658e+00
-4.464931549052764126e-02
6.757788378099451876e-01
5.995778790235277711e-01
9.007349687832455487e-02
-6.370448092617220226e-02
7.525131160109914674e-01
-8.812508827708676051e-01
5.692311069207365293e-01
1.016929442488248014e-01
5.807202292538535815e-01
-4.321130702403888080e-01
-1.458947503685683600e-01
6.952533853872830960e-01
-1.823415740140017505e-01
-9.598989212862765186e-01
3.592662897618206230e-01
8.744184955268741177e-01
3.266456799334669370e-01
3.386813269051982545e-01
1.727008390040296604e-02
1.794423383165533181e-01
5.752555901329081678e-01
9.197744415628283932e-01
4.692086552863985460e-01
-1.294110506123801407e+00
-5.209525825123275666e-01
7.748226781750275904e-01
-7.690377532829568707e-01
-3.862880350530595308e-01
-1.234892202539885631e-01
1.027758153877059044e+00
7.531219368592614316e-01
-7.019941910855065359e-01
3.230281325998083375e-01
-2.961303456281729751e-01
-3.011749758847672709e-01
-5.399164882771803065e-01
1.159184415905869514e-01
3.376131391591430386e-01
-1.902739320796449363e-01
7.490138877290046793e-01
7.642398488214574570e-02
-6.788810256637072271e-01
3.117675307531664330e-01
9.612173412785018911e-02
1.503913685027864489e-01
-8.105664049827314699e-01
-5.060898980246673062e-01
-9.726074304377716473e-01
9.735061386424739283e-01
-6.269627760049889531e-01
-4.346816412706351329e-01
-5.721143436084732414e-01
-3.578114701288273025e-01
2.233635685194501619e-01
2.906656803039577852e-01
6.396763902271285218e-01
2.504487827312571468e-01
5.405481349012539738e-01
9.727936543653781243e-01
6.159616238580634118e-01
3.661995699111697533e-01
1.221052349643795054e+00
-1.336158314441875383e+00
4.143144421370266173e-01
-1.650122150512585151e-01
1.744139982364556474e-01
-1.362298822930014808e-01
-1.197859566927395036e-01
-1.144392907912062274e+00
6.214296262493466116e-01
-6.230612954109240320e-01
-9.221681068976117501e-02
1.064480557964738949e+00
6.625815527469214317e-02
-8.279753967333558506e-01
-3.151437891172443884e-01
1.050677894664993062e-01
-9.511748530710146809e-01
-1.172348097192062788e+00
2.330482848569381815e-02
-1.009045006168138858e+00
-7.826774821285127359e-01
2.096545663076030408e-01
1.008120313564287329e+00
6.085619366871544145e-01
-9.545241941492728088e-01
-6.285545400459149334e-01
2.360332031410941056e-01
-7.825050449334911562e-01
-5.082824558927203640e-01
-4.561980576604973692e-02
-9.056314881147944362e-01
-1.177284596943706685e+00
-1.243450941506554219e+00
4.574596640061221464e-01
9.191654010366683281e-01
6.492068791842129372e-01
3.986850657560978561e-01
-2.754251712627526771e-01
-7.258516350706214482e-01
-2.368149737003726329e-01
1.270535111423914287e+00
-1.129364298076364737e+00
-3.869125097843193473e-01
-1.037894009760123470e+00
6.917517214797861413e-01
-3.823352687105927572e-01
-1.521538019990611446e-01
-7.555585874639536570e-01
7.186805771190538650e-01
4.815936844367492142e-01
1.053672309630466764e+00
4.969308098226647985e-01
4.919861460238408313e-01
-1.010937276014873820e+00
1.316547473080267316e+00
-1.057399547315120980e+00
-8.348935796706022927e-01
-1.307892217453188177e+00
6.246737955136918430e-01
9.438917308450314181e-01
-1.005796725834844363e+00
-5.291567551977633954e-01
-6.177461368448353696e-01
-3.050344857788065411e-01
8.880032465791369845e-01
-1.008103378522017479e+00
-1.371607598850506093e-01
6.670223041945977371e-02
2.414374654007520604e-01
-2.455782238989918653e-01
1.013635951832761783e+00
1.258859882444473222e+00
4.795832574511118551e-01
-1.082429514007483551e+00
-5.430558155058573533e-02
3.203347189651770677e-01
3.323670618371483698e-01
-7.477286479833340493e-01
-1.074087876765275507e+00
-9.429133809754643991e-01
6.506753957990678572e-01
-3.659953522089303135e-01
1.188699758447077315e+00
1.093403673948420085e+00
-2.396939572773657545e-01
4.015415383279652417e-03
4.444657934426698986e-01
-7.028346979615669454e-01
7.124979699171474223e-01
4.968256951216565298e-01
-1.057580192052800960e+00
-8.816527954773247799e-01
6.150295004251473685e-01
3.967665853366062478e-01
6.231654115874940558e-01
9.278929003003675291e-01
-1.311432292715469572e+00
4.398176457476266066e-01
-3.459341698489435402e-01
-2.930712076543375844e-01
4.521150953731156719e-01
7.143032281414569695e-01
-5.381903007729871291e-01
5.267935126387275346e-01
-2.307823230053891450e-01
3.148131564333445098e-01
7.387122839644355565e-01
-3.231082551806618852e-02
9.174197710046714249e-01
-9.496714576525118190e-01
3.447468815586498536e-01
1.355078084608106082e+00
-2.111153967170711354e-01
-1.045307204835823178e+00
8.435879205569118966e-02
-1.431620934097264097e-01
4.680981686135030628e-01
-7.095299772235268421e-01
2.859766794962563807e-01
9.566748577093164840e-02
-7.815970661236981698e-02
2.775344567277375774e-01
4.545579025636339310e-01
-4.499082443399782250e-02
-3.458123913950199579e-01
-9.955402055226132418e-01
-1.038026523301718740e+00
-1.617099522997564875e-01
9.893272386180989031e-01
1.046254972689592222e+00
-7.219896941715555627e-01
6.044652756756594414e-01
6.946094931212698498e-01
-9.868410809649548199e-01
-4.523743553285495267e-01
8.786234433639892316e-01
2.224116812640950513e-01
-5.583922071897848838e-01
2.298619272813740011e-01
-8.599978515728734507e-01
1.243450749122487764e-01
-8.544088515853731636e-01
-1.243894654212309714e+00
-8.295026414657975522e-01
-8.740821258136532990e-01
-4.460291662822903902e-01
-1.259049340180942167e-01
8.347258099890915162e-01
2.130514372970520043e-01
-1.126092943004195490e-01
8.356904664152740025e-01
1.034878409771625485e+00
1.237142896277178217e+00
-3.876215951873671628e-01
-3.684850789717630803e-01
3.161754432919625657e-01
-6.992109588698536271e-02
-1.030161807115844042e+00
-3.704744386546154900e-01
-4.843641594436309816e-01
8.059535556541241874e-01
3.177819423623766681e-01
3.263004716793265203e-01
-1.493012331808873938e-02
8.220881839302833782e-01
-1.207351058359618090e+00
-4.989310902304051609e-01
6.988841739557036803e-01
7.273093446377885130e-01
-4.159261257647051124e-01
-1.280170960915421041e+00
-2.182328022894353126e-02
-7.328423131968024862e-01
4.951350545365338363e-01
-2.165582349392112249e-01
6.821771069395747844e-01
-8.020536749481621541e-01
4.242151524677062469e-01
1.189434728283309539e-01
-2.374919967828139633e-01
1.264928047217890317e+00
-8.200155655710901215e-01
-9.071130885980345226e-01
-6.289722217925621806e-01
1.862831413730789976e-01
-4.634857201044475516e-01
-1.060936308657092653e+00
6.952350861529685844e-01
-3.404614025920125187e-01
-1.047945774287621035e+00
6.893699238249322292e-01
-4.215160962737707351e-01
-3.203369759668426298e-01
-7.560642042484877479e-01
2.646937372510631548e-01
1.068997136108830404e+00
4.747156029623056384e-04
-1.034827049358637563e+00
-1.539981350778916180e-01
-7.580463436883952966e-01
6.856878531141585853e-02
4.388065367944546935e-01
2.113408631276669780e-01
-1.084797875401961598e+00
5.959527057856011112e-01
-2.725793856856464359e-01
2.367151947465240269e-01
-3.669787202106835622e-01
-8.962683158419171292e-02
-1.046455420608554121e-01
7.815138797791165715e-01
-5.841125102700974736e-01
-1.032774200588124636e+00
-1.092048330036545334e+00
-2.477536742913208911e-01
8.130072796146219360e-01
1.205031921226459524e+00
-4.369453814794574953e-01
9.201104630807925844e-01
-6.855838931577453721e-01
5.876804949834220082e-01
-5.748197177478333586e-01
1.896270943029696454e-01
3.177107987336489359e-01
-1.200217482826182014e+00
1.841738373236871951e-01
8.445476392429132062e-01
-1.126626102178235556e+00
-4.060266059784476411e-01
4.051970942409610643e-02
5.358108436824320364e-01
5.217477148478630866e-01
-5.419436166995490467e-01
-1.959270357291300613e-01
-1.239808023979174223e-01
8.720463314499902197e-01
1.270127925169846073e+00
-9.553233491146420064e-01
-1.100209470744328843e+00
-2.370908554474473462e-01
-4.255341377880235143e-01
4.890945261318835335e-01
-9.246965934361668360e-01
1.028623409736628247e+00
1.229751120873334713e-01
-6.257836322866534573e-01
-4.876633200937341428e-03
1.081349693208304430e+00
-2.896800550992741918e-01
-7.214756470246470599e-01
3.796418775574892379e-01
9.032744962388417065e-01
1.180361002164989515e+00
-1.163660777186729334e+00
7.989828143388200132e-01
8.291537248815705752e-01
2.102794900933835365e-01
1.091745245906253992e+00
-4.374174485724715566e-01
-5.440502340770994039e-01
-7.357215579897502522e-01
-7.370046928204683212e-01
-9.980854311830009706e-01
7.363317893091405608e-01
-2.660072983004972969e-01
2.538376980411136685e-01
-2.837549342416521014e-01
1.922287632678205682e-01
4.668299784881613235e-01
8.347481485430243708e-01
1.082289783527574656e-01
2.227239884382274937e-01
2.352040397767716229e-01
-8.182507984704301407e-01
-1.195751916682513460e+00
2.154805824429271155e-01
8.005877123339564250e-01
-5.179755183274199482e-01
4.629649225464707030e-01
-1.759496770751978190e-01
7.554459206343189237e-01
-2.259081060613894465e-01
-5.418698227060341210e-01
1.276602754288512998e+00
2.254130208416462722e-01
9.889061955445139773e-01
-6.256140526252549350e-01
-5.427467479695549102e-01
5.264013251932713189e-01
1.245388787201947345e+00
-5.032494602158532615e-01
-2.399548343905930636e-01
-5.227739886321902674e-02
-6.558119594426763399e-01
-2.425927409236745547e-01
-8.945874678913945388e-01
-2.938996683377528285e-01
-1.155049627808060198e+00
1.170151320813719309e+00
2.414230492743243417e-01
4.539858289413256642e-02
-3.878139019766608797e-01
3.557260559787778220e-04
-6.288746847304222953e-01
7.036186553179266667e-01
4.091407594327201025e-01
-1.016605094700429035e+00
7.691409972903029413e-01
1.026430493933416344e+00
-1.309664938848924542e+00
-1.296832074527560330e+00
-4.678774834610779365e-01
-4.354844944426208286e-01
2.550056083303680055e-01
-9.707820519935861370e-01
-3.167087309587364174e-01
7.210235333572416749e-01
2.298196586555469878e-01
-1.190448534354615617e+00
5.308983314186521696e-01
-3.230025865386014772e-01
-5.055857281872597753e-01
1.119635877288524206e+00
-1.549834528190885408e-02
-4.337469070678743321e-01
-4.668680325039531454e-02
1.251001027149265532e+00
4.543365574472932877e-01
-2.712813215883640439e-01
-3.291110422385008505e-01
-2.432400707318693733e-01
-8.741530067075746757e-01
1.107339542276499778e+00
-5.322885006311475209e-01
2.442366800455566533e-01
3.114813509721203744e-01
-9.501762412765293320e-01
7.390132957661252888e-01
-3.933409132441596512e-01
1.120707331816007901e+00
1.193820684403872789e+00
2.927577296282910524e-01
-7.721709233910107884e-01
-7.920174650895077662e-01
