2.256853050674187955e-01
-1.149025340225717784e-01
-2.528731314723886570e-01
-4.861727085834868234e-01
-4.393565726609560684e-01
-1.743079254500585762e-01
-1.947046996332453261e-01
-9.072068732438243188e-02
8.625339317214120172e-02
-3.838257970642278138e-02
3.445206169415371278e-01
4.846224494828703655e-01
3.396365923789161911e-01
4.000567419122358359e-01
3.878501913007346147e-01
-3.411577894072372885e-01
-8.663855400378661642e-02
1.188853275243619834e-01
3.187190916455318046e-01
-3.184746628453307693e-01
1.140920323712633078e-01
-4.828148732481452043e-02
-5.023749670240036380e-01
-7.146134819142968553e-02
1.491969046343406546e-01
-1.790643616556195639e-01
-2.101894351845547959e-01
-6.602218277928972867e-02
1.615323244078616938e-01
-2.307004115688879864e-01
-3.332698990882612122e-01
-1.166311355006559580e-01
5.281022107843424962e-01
7.662823950509789483e-02
7.326296980994584374e-02
4.243174564959284467e-01
8.542147118320553290e-02
-2.017340374660960833e-01
-3.927674779333756305e-04
1.719754640924318068e-01
3.554525878366998626e-01
-9.933940340170899219e-02
4.362316806063493146e-02
5.398875714006567961e-02
-4.706593688873379477e-01
1.055112510242040003e-04
3.544695587720632091e-01
-2.917826206980755899e-02
1.764413456382341039e-01
-3.524675627214337581e-01
-1.145730525448982462e-01
1.168128013877209881e-01
-3.038782229417780201e-02
-3.334882834354768733e-02
-9.087260845546829557e-02
-4.052919225645759127e-01
-1.216971675725364577e-02
3.821159340102386892e-02
-2.463139587171845335e-01
4.032155420935907841e-01
-3.262555202131753873e-01
-1.368578337032637648e-01
8.714676820437716742e-02
-2.164950452281049209e-01
-1.973742581565689491e-01
2.944097216151124741e-01
-3.674764190836015132e-01
1.627288552345751427e-01
-1.609456188337823335e-01
1.913504392073903659e-01
-7.834430940817682654e-02
5.134471512914817737e-02
1.777643958726287110e-01
-8.368114451174690771e-02
6.770257239062349441e-02
-1.231489118893902557e-01
4.174291769915940975e-01
-1.381707303258830066e-01
3.471307017783642479e-01
-9.116562971223185485e-02
8.126447899203359526e-02
3.182185534203529897e-01
-2.767831992146021491e-01
-4.686663335314671386e-01
1.143080654577026678e-01
5.060777828385454313e-02
-1.666601719519444913e-02
4.020661353957937223e-01
-6.566273281755208302e-02
-5.554749572854955630e-02
7.819023015308168567e-02
2.057393431346632440e-01
5.109962244650052554e-01
-7.361764027965023161e-02
3.866551724734019757e-01
3.562491956583730968e-01
-2.114669113304188386e-01
-1.519371806715721362e-01
-1.112763940045713440e-02
-2.375600219579405703e-01
3.907218900935758299e-01
-1.869881556961043856e-01
-2.628961360434880490e-01
2.436053752701088371e-01
-3.581276484318571818e-01
-2.531470059119458327e-01
4.552954115379383992e-01
1.346723243502259137e-01
-4.526831941931135361e-01
2.140322451552858496e-01
4.927317582609491708e-01
1.348434957727286942e-01
4.704097010989336525e-01
-2.101089581298705156e-01
-4.354301407799754386e-01
-4.724682083458313642e-01
-3.121096897099358003e-01
-1.168666515860623534e-01
-3.113938578090369447e-01
5.444058439354719781e-01
3.883937008008597758e-02
1.705731172861124634e-01
-2.005084782804331667e-01
2.299529034138334538e-01
-1.696432708486081964e-01
-3.932089516741186230e-01
7.805983182762155081e-02
-9.063913323642402986e-02
1.749169198208555542e-03
1.649494936724025251e-01
3.278958424877185251e-01
-4.232205661354466741e-01
-1.669544684095498610e-01
1.443658878537945611e-02
-5.089779404971910282e-01
-2.309656358929315090e-01
3.775634745379710111e-01
8.983275811355273532e-02
-4.674132999431277469e-01
-2.290152934593789880e-01
-6.740083175043665165e-02
2.303050484920889929e-01
-6.187294875181059695e-02
2.035962444245864589e-01
-2.747735557306913989e-01
-3.769649560525927257e-01
1.459302729088136630e-01
1.976613417581223331e-01
2.340462505803131421e-02
3.340503457506285301e-01
1.531327098978714218e-01
-2.314765202514994513e-01
1.582561417513517199e-02
1.141202223836943475e-01
1.540022803375684646e-01
1.118802076917830846e-01
-4.378841036421636801e-01
-4.543882642535521654e-01
3.648165773542206836e-01
-3.217758211706449600e-01
2.671433770325037926e-02
3.271863481327841328e-02
-4.873470049685471039e-01
6.857656832847336403e-02
3.638612460158716644e-01
-2.851411191363313336e-01
1.738411041507799126e-01
2.162853535843600739e-01
-2.304801960569022867e-01
-2.614450431459207635e-01
-5.330529559443411003e-01
2.812223499793820025e-01
9.096771863446129203e-02
-2.414750604911368725e-01
2.164856325278901039e-01
4.085566053780809170e-02
-4.055981351467190521e-01
-4.175914277070589264e-01
-4.380141356444609002e-01
4.279731267520370253e-01
-6.691775970089253178e-02
1.393543863473372113e-01
2.499927242662502991e-01
2.701562129335517426e-01
-2.193017831327672695e-01
4.599365901026430947e-02
3.122581120597311966e-01
2.918700504332445433e-01
7.396021378275552394e-02
-2.772235843757178131e-01
-1.340426816481858907e-01
-2.591158479957114125e-01
-1.596335697830433276e-01
3.553905758500466305e-01
-1.282472934693501543e-02
2.870015447736609104e-01
-1.045232674693172825e-01
-4.059576850585155938e-02
2.383381972118474579e-01
5.263573822412315195e-01
-8.090855174975430941e-02
-3.752111605393695370e-01
-1.941960302810930017e-02
4.187815350711616702e-01
-7.767143301940127031e-02
-2.517597823150605763e-01
-8.892822866025085204e-02
9.949347031389876861e-02
-4.598074136591083771e-01
1.606905303743246805e-01
1.232525551274585851e-01
-5.037798033530851427e-01
1.984104180527932471e-01
8.646049749449069566e-02
-3.471235410456134929e-01
-2.747356645808016751e-01
-4.465028413540226282e-01
2.848893618359094049e-01
5.195045399380759932e-01
-3.647141690601483077e-01
3.333030193436670174e-03
3.226820838894006727e-02
8.576857620311262309e-02
-3.173028163184277162e-02
-9.924171249175373077e-02
1.552383644015007391e-01
1.353169341126969627e-01
1.393981518774545236e-01
1.445826206096976208e-01
2.104445134922805494e-02
1.480956154317141227e-01
-3.575142034333298469e-01
5.214117252503776001e-01
-3.542660694269752497e-01
-1.772134946920278509e-01
7.883354122133212627e-02
-3.016880918138920009e-01
4.042712187719565975e-03
-5.190039618364847840e-01
1.161104817821732027e-01
-2.361287864682921622e-01
2.781072355298608301e-01
-2.294584410206379488e-02
3.321624904065263451e-01
-1.586714458176849973e-01
-3.944852381815842080e-01
-2.398253861802501774e-02
5.671506124181124875e-02
2.497151378600026561e-01
-1.154061894149185363e-01
2.899532829209245932e-01
-5.405047349628944175e-01
-9.165675262302119819e-02
1.761738237203918089e-01
3.673997170785670008e-01
-6.966669960837279518e-04
3.681735751638948173e-01
1.034827526003851972e-01
-4.020704731247084496e-01
3.647350760757408494e-01
1.443294241194115202e-01
-4.469040511466548793e-01
-3.765741801524011834e-01
1.936276382109110017e-01
2.352460077736528987e-01
3.837129421869871493e-01
1.415494722273429318e-01
-1.602454294900894638e-01
4.865507514908991027e-01
9.253225182249913416e-03
3.186817772680159422e-01
-2.066560819130085491e-01
4.103838245394104689e-01
2.373138746076728367e-01
-3.417480815848801257e-01
2.904509053932979867e-01
-4.326437406633845129e-01
-1.084059919698399099e-01
-4.767784816059679187e-01
-4.594203278009896252e-01
-2.751114307780051504e-01
3.010738699312653921e-02
-9.214701315804951776e-02
-2.859794800684074545e-01
-3.664925027385379508e-02
2.877079553417871693e-03
-3.987008457115681637e-01
1.031286873396251025e-01
-3.005862591698260644e-02
3.920009648122100288e-01
-3.931597051764477158e-01
-3.024704116492227257e-02
7.134164827897659933e-02
1.001166643126492062e-01
-1.273052238735514763e-01
-1.185693385338675299e-01
-4.362426113743183009e-01
2.022296190073298305e-01
2.477911535161423373e-01
-1.133843976857367153e-01
-2.886933497519468261e-01
1.478090779425009771e-01
4.491387647368805247e-01
-2.423151042855735682e-01
2.107855691109765672e-01
-2.978667579797740217e-01
2.340482600934121749e-01
7.539793855098597675e-02
-2.725971867522511971e-01
-1.034220297120826970e-01
4.910231817104442342e-01
-3.655525470025677848e-01
-3.418296462539327507e-02
4.500823898170711601e-01
-4.835234029998858318e-02
3.739266630832949190e-01
1.031749144487648095e-01
-3.490742532812918242e-01
1.142841773186065168e-01
-1.182032061003726042e-01
-3.363590152969235803e-01
-3.638160466152111638e-01
-3.749581589883330679e-01
2.384242289636064882e-01
-5.085923663073979029e-01
-7.863180027027105723e-02
-3.249768077947825518e-01
-6.948603741874226358e-02
5.219884484038592731e-01
4.342242436370735703e-02
-2.305288777885028395e-02
4.273348339178895117e-02
-1.874521218545783796e-01
4.157110766768132848e-01
3.009901038769315917e-01
1.263144494551839969e-01
3.201216047656876285e-01
4.767837196104913744e-01
3.462001424827088059e-01
-3.772366949963839033e-01
-2.206972700358056372e-01
4.761892752811958118e-01
-2.981648609701572639e-01
2.518252039738744230e-02
1.654031566479297055e-02
5.328937938008149189e-01
-3.488343020393651628e-01
-2.552411438493935592e-01
-2.353048515556990239e-01
-1.912673503557043020e-01
-1.609819795033802237e-01
-1.990651602815987076e-01
-2.131257086284570335e-01
-3.704366530562657189e-01
-4.349577752168478639e-01
-3.638433279431625422e-01
1.276143336308708243e-01
-1.539385934936756684e-01
1.330233349840437285e-01
4.459258637167877737e-01
4.061274007846558121e-01
3.666401099082587933e-01
1.711830826232310088e-01
1.021683025384128030e-01
3.639958549333757176e-01
-4.125268471320255870e-01
1.766789143377511806e-01
-2.285420684314676265e-02
-3.010296032181951631e-01
-1.429804837276718033e-01
-2.024703904750646544e-01
4.566721209588999741e-01
-2.941520035082962892e-01
2.772939764588304712e-01
-2.303510147190159785e-01
-3.434583206853734083e-01
5.509398831199341373e-02
-1.035647964557560030e-01
-1.284697212023653279e-01
-1.583912296125591368e-01
4.920620141126246239e-01
1.026675380531667514e-01
8.154624351294526008e-02
-3.504384333825250053e-01
2.997994052583603519e-01
7.493188787289817299e-02
8.630541774973821134e-02
-4.262580617996549748e-01
2.057548629434444720e-01
7.906808657565456144e-02
2.585644958238022539e-01
-3.227580963692124882e-01
-4.441855601418005506e-01
1.188886396019128711e-02
1.391823450782663230e-01
5.598300055533123043e-02
-4.228971823132656738e-01
2.156261496375444509e-01
-4.338067574106574398e-01
2.144895368670507452e-01
-2.057455887440671205e-01
4.617507586041389445e-01
-2.590863196579009653e-01
3.639808642154918061e-01
-1.256902596078832701e-01
-4.610515238202372856e-01
-2.846463900248421552e-01
-4.334359631010897829e-01
3.581847146615038113e-01
-2.249251362094568663e-01
1.384593727997529555e-01
-4.626879823974441308e-01
-4.078637794102348835e-01
-2.329356496249559427e-01
4.597704757623422012e-01
9.912302581610887842e-02
-3.191891793603378602e-01
9.482132846376778446e-03
4.876976196006266306e-01
2.954110785643218051e-01
3.306540188597173469e-01
-5.061658423654806782e-01
4.058666909233155096e-01
-7.073984750356565598e-02
-3.576034806815542311e-02
-1.397404311789847142e-01
1.233397212943980747e-01
-1.744875532240328653e-01
-1.386512359079237200e-01
2.025046094006288655e-01
-2.377720980139139684e-01
2.164548135784913896e-01
2.133857822710609753e-01
-3.845446011337489978e-01
4.159387006967563138e-02
2.442778501224420751e-01
-1.901996549380493562e-01
2.828779984156089000e-01
-2.178071983684937152e-02
6.250786219255655141e-02
2.031650121626444871e-01
2.045886643491012791e-02
-1.084968298799777742e-01
2.469817014381723297e-01
-4.455198303618388422e-01
-4.220475247826227516e-01
7.598504639877567968e-02
6.195777384685907663e-02
2.567717516139325085e-01
-4.930975822440561984e-01
-4.469858509973301253e-01
-3.033980120028534344e-02
-4.196708172249481450e-01
-3.613069753646120930e-01
-2.182171944637190109e-01
-3.935569583824314321e-01
3.208578067537892764e-02
2.161681541462447953e-01
6.618992804298784449e-03
-2.994396400015135740e-01
-2.854643037312474263e-01
-3.570454031998879785e-01
-4.770408141595794405e-01
-5.640269607754078152e-02
-4.979463904473213631e-01
4.226733195554741584e-01
-1.975107888260874134e-01
-1.366007682269509971e-01
-3.519634618962532713e-01
8.701414791730588405e-02
9.872680451372328747e-02
-3.960088637057532779e-01
-3.353160530811738482e-01
-2.671942170630456914e-01
-1.395898251163814052e-01
-3.912258943019963908e-02
-2.139987777786416245e-01
3.468389610779540888e-01
2.696440722613466789e-01
2.388011034802026700e-01
-3.338192394603760604e-01
-4.375335982027106496e-02
1.689983925309537227e-01
4.803886061763584792e-02
2.636817966093207843e-01
-5.247537318116979321e-01
3.967383073092110024e-01
2.234616918952614384e-01
-3.480204096906023281e-01
1.729813627531466835e-01
2.487330542455818971e-01
-5.144499843148775398e-02
2.118827567781416121e-01
2.665771244874051149e-01
-2.497457042284807471e-01
2.032709245316777213e-01
1.521623255348822923e-01
-3.032789659845462893e-01
-1.265396213455085572e-01
-3.064661764404910116e-01
-1.794378685015916020e-01
-1.841585022380511916e-01
-6.096427923594394116e-02
-2.330049004871144191e-01
1.932861758467190327e-01
-2.879268184119530005e-01
-2.319554468330204955e-01
-1.699163261002478720e-01
1.503170198811609737e-02
-1.546970587421716559e-01
-1.631489024718302261e-01
1.177201151127160728e-02
-4.530428568257800492e-01
4.968042600381217255e-02
-2.243522328535449972e-01
-3.122269795589351915e-01
2.192482054787516788e-01
-2.575911400375208160e-02
-3.520596491618119828e-01
4.950069701471813133e-01
-3.247406110412560665e-01
5.228792520134293298e-01
1.711977309670764669e-03
1.422323963144345171e-01
-9.759192468969413170e-02
-3.823368919650826925e-01
2.800777202409365785e-01
3.000885195950413475e-01
-8.086988270513906230e-03
-3.455919065978045879e-01
-3.586250609254237887e-01
-4.176032972543657351e-01
-3.967738392368769240e-01
2.763599822225373259e-01
-5.348833082275898931e-01
-4.845991555488105007e-01
4.633346334408532385e-01
-4.843965382179931112e-01
-2.227907249240956844e-02
-2.818270372115190270e-01
-4.067350100432429727e-01
4.737375916455119906e-01
4.229792746115546009e-02
-4.068047054254506634e-01
1.287401692738416870e-01
3.858162930491797482e-01
7.967116675032936968e-02
1.687368593206546308e-01
-2.894917292186738322e-01
2.469485216201174893e-01
-4.560760170707913730e-01
-4.538485993146457176e-01
1.484923238781323818e-01
-3.605332152951019609e-01
2.494401685729163987e-01
-1.385323327873733135e-01
-9.621433315007177356e-02
-2.064973962178893174e-01
-9.322365627404050059e-02
-2.117826212156037613e-01
2.587148193927344408e-01
3.898516583781832523e-01
-2.815637737346623481e-01
-1.807819416400189283e-01
-1.964031129748935456e-01
-8.003786812934166051e-02
3.921789752463524792e-01
-7.401558386548501289e-02
-1.991228983864017366e-01
5.124443904734867772e-01
-4.198875583768248987e-01
-1.784784126976015628e-01
3.885114438558332495e-01
5.274836809609695365e-02
-1.575160220142208800e-01
-1.635556345511410825e-01
4.129589034525213975e-01
-1.307991176682312684e-01
-1.218445067219517952e-01
3.311364058094259377e-01
-8.443502086011278607e-02
1.762425938438543227e-01
-1.325330155913366781e-01
-3.067595879389175551e-01
-2.493454771797196656e-01
-4.259871811614051040e-01
1.678928868347773218e-01
9.969780664562044592e-02
-2.031004003372194333e-01
2.543749179754879464e-01
3.435717107655689162e-01
4.002505554746882410e-01
3.082371234688254802e-01
1.268669518113343386e-01
2.750284362056909515e-01
-5.025131053711309193e-01
2.635019129704661012e-01
-1.589797434487234540e-01
1.186086698916213322e-01
2.081815591953635192e-01
3.504588107900419303e-01
-2.127506352656007849e-01
4.703858307088513158e-01
1.338017864192817541e-01
4.674823325579682276e-01
-2.802835861077266344e-01
-4.979719098727297677e-01
-5.560781178869422803e-02
9.777574058038318583e-02
2.886311670683472386e-01
4.480425260104192731e-01
-1.219798603840693829e-01
-7.595284130861568173e-02
-2.102858397340749974e-01
8.737377841088989072e-02
1.685795040153816871e-01
-3.760415316557086385e-02
-3.736137389757550054e-01
-2.134797586449774798e-01
1.694509942602886454e-01
-8.002159740285907930e-02
-4.786227933609454865e-01
-2.796146184218013531e-01
3.368541999639926843e-01
2.928930869403298942e-01
4.836171167203326959e-01
9.007077328579704556e-02
-1.271065265787294507e-01
-1.172716010173822099e-01
-3.967530538487729075e-01
-3.226068957103169765e-01
-1.771138819135664733e-01
-1.688154947122271210e-01
-8.617861862826181607e-02
1.387664344183416887e-01
8.877332927958292430e-02
-4.066698349641288956e-01
-1.295789271975262835e-01
3.886113775198865028e-01
-4.967066222770650796e-01
5.137025669125705463e-02
-2.279104068520174664e-01
-3.004162956064675427e-01
3.891040446767064509e-01
1.354508913705743112e-02
-1.684060405450056308e-01
2.282330621978463370e-01
-7.792045510999567881e-02
2.170613501507840937e-01
-1.245707906845998636e-01
3.715372964876113571e-01
1.151275609382249598e-01
1.347120933250520736e-01
-3.562615057284332920e-01
-1.333570498803045012e-01
1.275751649739671478e-01
-5.152432406727331937e-01
-1.298266132012191321e-01
-3.912483774969359729e-01
2.355517813021865692e-01
1.244053343111772847e-02
-3.743853757792132697e-01
-1.008445459824329760e-01
-3.202700431659284419e-01
-5.709330877377372104e-02
6.639882989867018637e-02
-1.185864890735253141e-01
3.533846285722965774e-01
-9.997136323362809662e-02
4.153652572024126854e-01
-2.234441349652360742e-02
-3.540032026243009611e-01
2.803375138329533556e-01
3.723332044979628108e-01
3.826850323218087269e-01
5.093814095484816562e-02
4.452420835360451079e-01
-3.329398573932911276e-01
-2.408878926738502457e-01
1.396629742203661095e-01
-2.087159110879515111e-01
4.281895498614920470e-01
-4.026217632491748688e-01
4.081832431085068436e-01
3.112632552913368045e-01
-3.590482855974741483e-02
-2.657485894244056013e-01
-1.056414443507129874e-01
1.198868555604875041e-01
-5.036127109506765009e-01
2.276940688717896677e-01
2.020884478872950751e-01
-2.817430683771942057e-01
5.405395093440752419e-01
-3.189007567829902356e-01
-5.292008842974009752e-01
4.314368193213269365e-02
-4.380527459509195864e-01
1.941728143715613086e-01
-3.712361678750220051e-02
7.833805485921363498e-02
3.026126535850508503e-01
-1.606951236083400403e-01
-2.071527570042954736e-01
-1.102691582009089899e-01
-3.570964569454035953e-01
-1.862849943870354963e-01
6.524301272212085223e-02
2.285189284410904520e-03
3.874261371809630816e-01
1.796455808109245211e-01
1.624604078208635727e-01
1.199250639571722843e-01
6.091623979947424772e-02
-3.428452676810174182e-01
-2.896966668684939350e-01
2.263258724984673620e-02
3.972385472859230049e-01
-9.802103120978422623e-02
-7.899626236348389341e-02
2.275960096174767244e-01
-1.788231551797672125e-01
2.706745580640941284e-01
-4.648135283729519784e-01
-3.383266774114623843e-02
-1.502583945273343602e-01
3.270112837507852532e-01
2.042867362142555265e-01
-3.355843749371683060e-01
-5.702215427736856412e-02
-4.877810404991418380e-01
3.979331723420687084e-01
3.608267664073387948e-01
3.475989375980930163e-01
1.736758976524752640e-01
-3.619669446728952522e-01
-4.399206245281108707e-01
-4.340231715589588646e-01
-4.302433904888127714e-01
4.105947685646889056e-01
7.688794240257923462e-02
1.445176751126435732e-01
3.250260915943279372e-01
1.745858610176487247e-02
-5.031324527905738364e-01
4.506126321336108020e-01
3.488973410214537552e-01
3.832171319270294418e-01
5.696313084826165607e-02
-2.884177773060923045e-01
2.496516446182406312e-01
-1.946762390129226361e-01
-2.011742508805092200e-03
6.853806098939863034e-02
-3.923136335478334402e-01
-2.133710830929240743e-01
1.296781789775494076e-01
-4.652809794716272762e-02
-3.841928055237966433e-01
-1.724780452687673105e-01
-3.323024269690506571e-01
1.609847145007536895e-01
-6.735504840645578639e-02
-3.406599430951589014e-01
2.246482884851790374e-01
1.115558488935564085e-01
-1.203464117541503953e-01
4.794594653630799286e-01
-4.011006112701540616e-01
-8.410034671388899596e-04
-3.533780804053012758e-01
-3.393139736113255367e-01
-4.421603835175140773e-01
-3.324797251707671819e-01
-1.798723642457744631e-02
-4.320278926759550941e-01
1.126134539646539423e-01
2.882724704799493054e-01
-1.761617839782640971e-01
-1.847729503933583928e-01
2.482939962906272058e-03
-4.023924538319612054e-02
-1.745034879876197209e-01
4.675390717188143697e-02
-1.499568884936861579e-01
-3.658213457648749056e-01
1.210694479645919586e-01
-1.923792701281774598e-01
3.610082353784749287e-01
-8.870596035361622000e-02
-2.529289507298235762e-01
-5.306291884029734618e-01
1.192262765685114800e-02
-1.649258257026353647e-02
-2.533743783139295047e-01
3.518281916188303882e-01
-5.232330245392216028e-01
3.773179606563132893e-01
3.083311206611059063e-01
3.377719461948380797e-01
3.888555630835677235e-01
-2.861786899889384728e-02
-2.865777864483973758e-01
5.156179185100571161e-01
7.030404037491333469e-02
2.958607923771063852e-01
-3.452953819461370699e-01
-2.097291548629893754e-01
-2.447151016765776177e-01
-1.943896688617821056e-01
-3.260285113533862855e-01
4.543073602124181321e-01
1.266380741793424747e-01
-2.550191719400523027e-01
2.507315019550038215e-02
-5.184253992668352851e-02
-2.732355164409847603e-01
-1.973053135831186466e-01
-5.439592216996604890e-01
1.205924044215755941e-02
3.503373140949106457e-01
3.896356480773306430e-01
-1.065732072241765138e-02
-6.636079942550399124e-02
-9.864224749968819594e-02
-4.827338165513381796e-01
-7.079842064482289032e-02
-3.859944563702661924e-01
4.338086211802583136e-01
-1.580587831017838951e-01
2.534127917019723952e-01
-5.286147999535693032e-01
4.953026728751108720e-01
-1.647861080145665014e-01
-1.091310374948868400e-01
-5.465233749902678184e-01
3.443282631367043933e-01
2.163728753081990419e-01
4.010054849804101096e-01
-4.356089824136866184e-02
-4.374253041361608751e-01
-1.812002218788490993e-01
-4.913891604300966165e-01
2.678034661045387566e-01
1.138512485683662590e-01
2.944703138658377739e-01
-6.399809628328601008e-02
-3.829793322229066987e-01
-2.990771358162893634e-01
4.354383265363619415e-01
-1.622458940378024295e-01
-1.598866482008460821e-01
1.008604916933331097e-01
-1.641417481274096701e-01
2.504374156379283178e-01
-3.510943997761559743e-01
-1.979746392134220656e-01
9.022773432199127086e-02
-6.092354735957616896e-02
-5.271909689829437085e-01
7.394924716766837491e-03
1.611350646103106854e-01
-7.556899498458502507e-02
-3.404216037328673394e-01
2.159732623104311244e-01
3.894302687866257884e-02
-3.808099651316876333e-02
-2.797348258171332702e-01
-3.023072509941835406e-01
2.132116736925500078e-01
3.640044129971187203e-02
-3.120170497996221926e-01
1.135865609954826994e-01
2.792248826094576586e-01
4.475089165785428591e-01
-5.232044293442674743e-01
2.419661150717704601e-01
-3.488201984427377056e-01
-2.600951830210700422e-01
3.245414017044270238e-01
-1.858708180996302417e-01
4.888179913448009728e-01
1.480615403032423671e-01
-2.224384870953786120e-01
1.171217483997724074e-01
1.109270794252026349e-02
-4.886951195104725088e-01
4.243629373926367521e-01
-6.683367537129747404e-02
-2.100849352830458372e-01
-2.774191912670662674e-01
1.589378799917859908e-01
2.955232971313108692e-01
-8.312105608059283668e-02
2.933479739963829047e-04
-2.775676035572951506e-01
2.871003001917324937e-01
1.415302306513357422e-01
-6.519449780094888069e-03
3.817137148845457517e-01
4.822627443494198474e-02
-9.240481206105766177e-02
-7.679962845146626194e-02
4.980510751817828208e-01
3.911049234868180235e-01
-2.251895611621099746e-01
-1.920932940225474894e-01
-1.676961585775256225e-01
3.181484234335023586e-01
-3.362007460241063228e-01
-4.053599925700286377e-01
4.621629430913296588e-01
2.958492639453318418e-01
-2.430583878166201472e-01
3.519361370553806267e-01
-4.658025895249640058e-02
3.382174270000302130e-01
-9.265929421154694978e-02
4.292490777178894490e-01
4.007359453111591918e-01
3.575005414396592585e-01
4.467158400223958381e-02
2.637932714003667911e-01
1.250210521539152353e-01
2.752574577114206278e-01
2.217832950506277712e-01
1.614014040800597627e-01
7.198519459842156465e-02
-1.977194917672413510e-01
2.713150619893633930e-01
6.373266616541339857e-02
-1.588088493476860208e-01
-4.842748044675246888e-01
-1.512061448153030341e-01
1.539781116817051654e-01
2.818176104970060436e-02
6.175194654403526329e-02
-3.747641729450705839e-01
4.663863365921123716e-01
-1.744302117310692068e-01
4.867665174800137606e-01
2.884962866376277191e-01
-1.108636073787829801e-01
1.364903613136556615e-01
-1.311482029284096740e-01
-9.352803746550986119e-02
-3.695428058178853448e-01
-3.201254377762161596e-01
3.167426991512254375e-01
-1.122764082191469726e-01
-4.377135668990188577e-01
-1.009574963848436369e-01
1.178625124187595574e-01
-2.423160903292460588e-01
-1.843204711534927043e-01
2.972191512301769478e-02
-1.699660986854505396e-01
-2.012022844928793575e-01
1.963422582616818346e-01
-8.799618915970697230e-03
5.245464410991029780e-02
-5.948786785938953159e-02
1.263728505765797649e-01
-5.146761435544267016e-02
2.687397283836601147e-01
5.161013182300226987e-01
2.421265330907971247e-01
-3.297038072540878773e-01
-6.350965211788484055e-02
-2.012801150299416975e-01
1.519073162903730179e-01
-3.887429975463474463e-01
-2.078066638475570826e-01
3.725682919409596394e-01
-1.811871921856065271e-01
-5.755225784213457985e-02
3.185297254951544588e-01
-4.107984283706640483e-01
4.316673001736255344e-01
-4.178811445580761230e-01
-9.041999863153371564e-02
1.788655792782147813e-01
2.396111223985810668e-01
-5.147262688033285016e-01
1.403054351041532755e-01
-1.084765659125164206e-02
-1.043875855328906255e-01
-1.234322526695352806e-01
-3.365730376523208278e-01
3.356180591224386944e-01
-1.177107356038122887e-01
7.506893785516055573e-04
2.295366693106002387e-01
4.141005731093008180e-01
4.579539748326366677e-01
2.187771151399608982e-02
5.413648846638174916e-02
8.836355751646784995e-02
1.494714653103663693e-01
5.458332459992405461e-01
-1.944727032815807277e-01
-1.736941901900825869e-01
-4.787662907659413492e-01
-2.636744645024888811e-01
-2.811140796801909758e-01
3.756175824105278949e-01
3.523430036789125808e-01
-8.144796252674346704e-02
-8.559108154204775332e-02
-2.746711653122693164e-01
-3.622098529853623461e-01
-2.213639454557245756e-01
-3.395050192145880885e-01
-1.744571296145025485e-04
5.636782575873056089e-02
3.312452471168487733e-01
-4.087272211537884559e-01
4.378007577990619126e-01
2.848463884219878395e-01
-4.028686258906031270e-01
5.004897215963266532e-01
3.496286246686794996e-01
-5.073851980386372418e-01
-4.145396626777593241e-01
2.873912644260556704e-01
-4.782112598089227617e-02
-5.951830102176458581e-02
4.929892090283471973e-01
3.637532551258928493e-01
-1.702604576701816086e-01
6.050611052023313619e-03
-2.959734958897906054e-01
2.013087180574153479e-01
6.392464939476738550e-02
9.899554985957959019e-02
-4.838293990736390882e-01
2.554140144740282281e-01
1.428026578832506388e-01
-1.751880654234696522e-01
5.264289651423936789e-02
6.634237151800270738e-02
1.910376902702504154e-01
-1.160437442407422637e-01
-2.389215907750248391e-01
1.819404417223546844e-01
-8.934499634276260593e-02
3.241147647552669042e-01
-2.714392243902805646e-01
-2.917122762148753878e-01
2.702700153865267296e-01
2.726805953651725289e-01
4.327542052538211337e-01
1.550359103329146393e-02
-4.385462338063828014e-02
-6.431389855737101868e-02
-1.118996846936717304e-01
4.476310678999499970e-01
-2.808392412180502618e-01
2.702253810822199398e-01
-4.919411887153906093e-01
-2.852602315405707856e-01
7.888062873400158992e-03
4.541125395945089238e-01
5.292288534494016261e-02
-3.510554618179426711e-01
1.950291204923768618e-01
-4.565599500733341642e-01
1.459765543836883950e-01
-3.537324755927206965e-01
3.548024858515148594e-01
2.767110524623976886e-01
4.192246778559427511e-01
-1.766911621486126904e-01
-1.753680374306991752e-01
3.185890413897860540e-01
-1.573965090054771920e-01
3.459945255408936049e-01
3.724822427258018820e-01
2.698389226201225455e-01
-1.323580881230608242e-01
-4.556289648551548055e-02
2.952391723209863983e-01
-1.016370066520035920e-01
1.839434813041052053e-01
-3.176967766658460590e-01
9.042270441790556390e-02
7.472543917792506818e-02
5.191448759252104139e-02
1.909062677755990478e-02
3.853459599669513125e-01
8.336635186753404980e-02
6.167638786388707217e-02
-2.546683780824583465e-01
6.876974114324330145e-02
-1.420130193393278617e-01
2.068760651512002724e-01
-5.343871518081577676e-01
-4.663901505814997961e-01
7.712282375328616268e-02
-4.225247119558090958e-01
2.930632772191232860e-01
-2.929688567583941250e-01
-2.325844062028243897e-01
-2.691557413748979499e-01
3.825434738665478562e-03
1.825040290588137992e-01
-2.629351099823820093e-01
2.453118409162877711e-01
1.525681049787488419e-01
-1.456982700434164002e-01
8.866101320963259980e-02
1.702838208839096978e-01
5.381091905379964402e-01
3.196724347280879286e-01
6.777529523995262650e-02
2.641318682133766416e-01
-8.185233353287202362e-02
3.189275582607304926e-01
-3.401986831044574444e-01
-8.573052870416830729e-02
1.684474079990039286e-01
3.660637753720932253e-01
-4.172106154168915282e-01
-3.329673032613564843e-01
5.016746210809230888e-02
-2.483144041558702497e-01
-1.354924430013753067e-01
4.386581711775585646e-01
7.508688810673902481e-02
4.636391402794171057e-01
2.121214138397373716e-01
1.275212240350933612e-01
4.683762209666557652e-01
-4.252805847476821555e-01
-2.374373207747639825e-01
1.657122121985548091e-01
-3.653019974276716653e-01
2.447655739653198381e-01
-2.456463654635214766e-01
2.567327719238843287e-01
2.689258215455456735e-01
-1.433775043156817475e-01
-4.983270722599915104e-01
-4.058238905862632251e-01
-2.019617442615881941e-01
-2.618087417705341480e-01
-4.280153902044148140e-02
1.800272661436270738e-01
-4.442463891501677864e-01
-2.660551256467647008e-01
-1.573056435537241171e-01
8.778954604232591663e-02
-1.184214435964152656e-01
3.363216565528235336e-01
4.417050308192393970e-02
-2.615396421293736395e-01
2.716188950283928705e-01
4.404772009976891667e-01
-1.798276568917325235e-01
4.243374235465502409e-01
5.243913453010105030e-01
-1.737226853343720734e-01
3.442872372717182827e-01
7.025214975810989415e-03
-6.335235574082886956e-03
-4.524922873905987686e-01
4.475161919903536401e-01
-7.406222971479081707e-03
-2.500580291268121869e-01
5.495712324896562251e-02
-3.240504117153006902e-01
-7.400328612393902716e-02
5.408667444768067156e-01
-5.272981546114330342e-02
-5.098115846888617853e-02
5.202430757763023550e-01
3.200581558725570375e-01
2.869329556238087164e-01
5.530817042660451932e-03
1.860286702780253876e-01
1.717468151548047217e-01
4.821484351007736535e-01
1.699526561409463454e-01
-2.736607858226776102e-01
-2.974091962311664616e-01
1.329204506489372051e-01
3.228019602843996694e-01
8.396754495979852351e-02
2.069652777188357717e-01
-4.125590715221978400e-01
3.470544085115481181e-01
-3.873753008891878125e-01
1.575486468178208810e-01
-1.743086492991299252e-01
-3.082117982850913762e-01
-1.601947501718914424e-01
-1.578188920563858844e-01
-1.728702384244469314e-01
3.816990887088387296e-01
1.419472663900549492e-01
-1.677377077782225001e-01
2.851571279316971186e-01
4.150354679182957085e-01
-1.846942845800372268e-01
2.369169594789966027e-01
4.640524441563700364e-01
-4.102199554818213301e-01
2.287376343980662696e-01
3.854143511115379894e-01
1.496553625816545718e-01
4.959755725940784288e-02
1.923154252753223048e-01
-2.459821172250826748e-01
2.701706521832312191e-01
1.741061771222387478e-01
1.708679106790276236e-01
-4.496581888117772152e-01
-2.197527639136680477e-01
-3.905827812748361438e-01
-2.078313378769198749e-01
4.718633863442196485e-01
-4.673398947619240573e-01
-3.117491826859488668e-01
-3.453939195087585290e-02
-3.147641951132698068e-01
2.456514867477803676e-01
-4.584326751227862928e-02
-3.638636611172669788e-01
-3.380279493677367242e-01
1.696605892221754175e-01
-7.547286436650146868e-03
-1.550714297691699883e-01
-1.111078944571346483e-01
7.931024809050502000e-02
1.761916553759421689e-01
3.585121445803993723e-01
2.741176057138190458e-01
-4.831550933947692528e-02
-1.009664476959386548e-01
-4.865518832328872278e-01
-4.018959175035830000e-01
4.699661933708219053e-01
-4.485533074899930028e-01
7.271200732217675267e-02
4.011383253320346398e-01
-3.830512617524846064e-01
-2.874050538754060469e-01
-9.814954395890751471e-02
6.753974058061729124e-02
-4.354256571545498389e-01
-5.314514570386297265e-02
7.350890515670194247e-02
-3.190244383988947163e-01
-3.091223408489538471e-01
-5.072175723713288065e-01
5.922091819827191017e-02
-7.497201401731778958e-02
1.501701343793184762e-01
-3.920716741410759099e-01
-2.349793547387939441e-01
1.324392743535343087e-01
1.839647568730331528e-01
-3.926444776580826357e-01
4.262093370615822607e-01
-2.597656686181313290e-01
-2.897316749617218079e-02
-6.484023864513499547e-02
1.409732971378785393e-01
3.794075465787924983e-01
-1.519866387485651060e-01
-2.263099792491551909e-01
-9.008078465759794540e-04
9.554537078645619630e-02
1.978685137354618817e-01
1.871241270382375532e-01
-2.561084732995588809e-02
-3.681355548759537299e-01
2.698618966504362504e-03
-2.131619090699174990e-01
-1.182315107726097381e-01
1.729237992959076209e-01
2.518887246991052820e-01
4.727109419021147119e-01
4.136636682288035161e-01
1.577376900966767082e-01
-2.974217212268293054e-02
-4.214371897635285080e-01
3.117610750958537125e-01
-2.213694383216848749e-01
-5.051338667939981875e-01
6.042051102719181443e-02
3.417753832764827138e-01
-1.658832741009241829e-01
-3.027523849467117500e-01
-4.416941097726114762e-01
1.177694494895629163e-01
-1.742791640334386827e-01
3.388034064289904279e-01
-9.700518229311771989e-02
3.187667106762335223e-01
3.620289920269295081e-01
-4.141938175417285706e-01
3.012315762931905283e-02
2.045073134576300689e-01
-4.199791010440385719e-01
-3.135083144719805759e-01
-1.975921131616864557e-02
-3.859516611025890498e-01
-5.607248606482961861e-02
-9.299004956268852595e-02
4.038788909540347305e-02
-1.710522947605124244e-01
1.803628769701575152e-01
2.565922222368035577e-01
-3.873396442095096148e-01
1.647847675922982091e-01
-6.589644064080246721e-02
-2.417843071584169223e-01
2.077561243269148150e-01
1.491688733400238220e-01
3.748733201865981357e-01
1.634579735662899935e-01
2.938662142358747786e-01
-1.002492607557883275e-01
-3.687947952060044443e-01
-2.069835331658609334e-02
-3.959062282798484489e-01
2.026361747944918079e-01
-1.552221837053631148e-01
-8.846553087210029531e-02
-5.503878765240788340e-02
-3.968220389608445586e-01
4.146794129701287801e-01
2.217245424411391497e-01
-1.707065637410307701e-01
-3.206870019414402861e-01
2.119586654424674421e-01
1.365211863157220762e-01
2.770983126376025396e-01
1.885858693543873699e-02
-3.792703587801131704e-01
1.894657296740795971e-01
1.950742070016548979e-01
4.712073310482622901e-02
4.187192706652371754e-01
-5.269282600507283476e-01
-2.238179829268300836e-01
2.478217526512107582e-01
-2.761225235685333956e-01
-1.070243536246726634e-01
2.995579103661167863e-01
1.334617309309571453e-02
-1.930925726766474781e-02
1.615681343397135095e-02
-1.979099373061581346e-01
-2.283324197941487554e-01
-3.862429383757151058e-01
2.847260199495771360e-02
3.341159116195768775e-01
3.220983417538505478e-01
2.187597102304845720e-01
-4.413733610097878568e-01
9.209478023560713211e-02
-3.940570593892154250e-01
1.997222960290399030e-01
3.274451714441486416e-01
2.589183118073146161e-01
-2.684086087518124941e-01
-4.029856968539293760e-01
-3.128351217307159260e-01
1.167483565778475452e-01
3.593689032588729404e-01
1.564415190870835914e-01
-2.485883145903331481e-01
4.644035974484017615e-01
1.897362435338330044e-01
-3.402791366356439084e-02
3.503275977157844778e-01
-2.598962310174997015e-01
2.879999849135135292e-01
2.679154435792128197e-01
-5.021204588132119895e-01
-4.761327859155599640e-01
1.842125668564085217e-01
3.311762746627149312e-01
-2.786072446847569495e-01
-2.388609415526232738e-02
5.380597648427922763e-01
-2.013275927564963652e-01
1.506485425372749987e-01
1.806898780979580010e-01
-2.568464602254572071e-03
3.121136185915016625e-01
3.325696273891756150e-01
3.931723081161431210e-01
2.965340980599053822e-01
1.067284109611357223e-01
1.275857282576895457e-01
4.224531661744919120e-01
-2.293389104558629654e-01
-2.753939757839383162e-01
-2.117644383570969069e-01
-3.977567459932842553e-01
3.083325237610878844e-02
4.864970753120658742e-01
8.163548031893519408e-02
-1.496782663714881778e-01
2.861751203355522577e-01
-4.368165756792414811e-01
4.596650794963617059e-01
-2.372368310963466342e-01
2.396366685325954649e-01
-4.465471840237222878e-01
1.407292731443643419e-01
3.567504435068791224e-01
4.641152180313143916e-01
-5.188156521160784962e-01
-2.812842804293600452e-01
3.650265372119951834e-01
1.871236128752231664e-01
3.868114498590946582e-01
-3.627117793243659349e-01
1.279682207007599715e-01
-2.544620719153636301e-01
-1.933831725687689129e-01
8.296916101460105608e-02
2.088524034030214693e-02
1.714223730372150811e-01
9.372558531741681520e-02
-3.794197329118755846e-01
2.460025378412575847e-01
8.563628604354533991e-02
-3.068977063014797224e-01
-1.617350400182822057e-01
-2.782370552074828751e-01
1.529438883167006935e-01
-2.145650486014281100e-01
1.998051442529682475e-01
4.941944907482742622e-02
5.251994052814978886e-02
-3.353103229796943197e-01
-4.630868991651651001e-01
2.617502667619859835e-01
7.274784190696159669e-03
-2.484477863464640279e-02
-3.581052075012580715e-01
2.487023045191865123e-01
-1.712892226605555734e-01
-2.731140902471196341e-02
-7.624985844325227191e-02
2.923840077780184288e-01
-1.639877874358210974e-01
1.381166391584942588e-01
-4.706642148138406867e-02
7.706207459249547753e-03
2.255388376827660579e-02
-2.008650752309391052e-01
4.779404901248662796e-01
4.465431963770258861e-01
-4.351577114932281276e-01
-6.637824745678333471e-02
-1.647478613571005113e-01
-3.114832311095021566e-01
6.717575029600553194e-02
3.602993886948180347e-01
4.353525923300605172e-02
1.443125447432258568e-01
3.494989380880086927e-01
3.353877100712088222e-01
-1.481527111493816662e-01
1.078968759382723519e-01
1.242055685351663996e-01
4.565415939907939702e-01
-1.057992936067240208e-01
-2.786979580296193859e-01
5.433161295639843402e-01
1.178789069819163871e-02
-7.297336264458653687e-02
-3.836160563569475102e-01
-4.225411356524437778e-01
-2.976117518077145974e-01
-1.636977468012794645e-01
2.166270950992101874e-01
-3.358244565167094464e-01
3.772658675123068406e-01
3.640316853289506938e-01
6.910494103022912782e-02
2.122132366849402985e-01
1.186861666780592017e-01
3.584669414907759588e-01
-4.135750187744573481e-01
4.710353581863255812e-01
-9.378597112379516432e-02
-1.392134891355381043e-01
-3.061022762728056179e-01
-1.829046624898351681e-01
3.248647743914823138e-02
-1.555411711668286401e-01
1.401818519438071675e-01
3.639559497431239521e-01
3.343144250350533753e-01
2.134978039306458797e-01
-1.283785950495168748e-01
2.209893081000373627e-01
-1.344520475298081053e-01
-2.505615242299121803e-01
-6.336434199171847581e-03
2.092865665657095420e-01
5.493287640943655958e-02
-3.718677464560062873e-01
-2.038059759929602421e-01
2.177387486365027769e-01
-4.509493564700886026e-01
7.755560630238456099e-02
-4.611589992408919869e-01
2.476542869973528127e-01
-8.121148905743424962e-02
4.343782638200988089e-02
-8.251304319150332134e-02
-4.076021869591119895e-01
1.769280376845436820e-01
1.611023400459874466e-01
1.765544666723055656e-01
2.992283211834321222e-01
-3.077570859878182574e-01
3.577774373958630960e-01
1.272571924110277308e-01
-1.221515270553066301e-01
2.339907659116828853e-01
-2.909015400928707251e-01
-4.214919315492373642e-01
-2.933052207502111486e-01
3.622325729356257185e-01
3.806825064691121696e-02
-1.977838477770736958e-01
-3.669865086420713851e-01
3.539940034095057086e-01
2.655633493829467895e-01
2.214195734668491511e-01
7.241958782461477284e-02
-4.381345212190757010e-01
2.709392366351206505e-01
-4.753342894057865919e-02
5.392002914345326303e-01
4.005645137009592460e-01
4.161161563919266726e-01
-9.743705099347277354e-02
-2.956886828573281889e-01
-3.371585590853305447e-01
-1.159128914159825996e-01
3.730745922836220529e-01
-2.098587477494788800e-01
3.188209067274794251e-01
2.297329339272504711e-01
-3.931085291987592711e-01
-3.473264164083635919e-01
3.134817366682627338e-01
-6.543199015571943278e-02
-1.901780507135093501e-01
-2.086392944001511651e-01
-4.524770232111485768e-01
2.383620150933261073e-01
-5.156752395085497653e-01
3.541369757965737719e-01
-1.913097134728403148e-02
-3.160550337698788681e-01
3.952747549555830631e-01
1.692353399130475111e-02
1.461329444132850597e-01
-2.774124088767839780e-01
3.315174559145903643e-01
-2.824867820636791649e-01
-2.555582571932486502e-01
1.797944980019048344e-01
1.212334128152559032e-02
-6.314730315639405234e-02
-1.444004221798032006e-01
8.954824321598486847e-02
-4.541256386253129662e-01
-3.443481377951584932e-03
2.763321239143925467e-01
7.166148218177781359e-02
3.460249978346823241e-01
-2.278344112605026339e-01
3.200631566324556587e-01
3.107845625816558766e-01
-1.770770225028082123e-01
-4.860414069228982115e-01
-3.288628282518333279e-01
-3.889799483627429666e-01
1.234985536515731397e-01
2.090121361750725271e-01
1.337400888101001328e-01
4.738654419615517810e-02
2.519501093112221923e-01
1.305603745506935809e-01
3.301255196180505891e-01
-3.478924814671771060e-01
4.137865697396492237e-01
5.116838213885550601e-01
-2.777722311415491419e-01
3.939485366497699204e-01
3.019826356606056805e-01
3.194951160145276248e-01
-5.485481892454568964e-02
4.645748254952017930e-01
3.581701876715568389e-01
3.354673631231408493e-01
-2.637405998779209781e-01
2.668013376938747072e-01
-2.418578087991294367e-01
-4.099384645174879438e-01
-1.810399711573422721e-01
-3.837046053741115514e-01
-4.289848571675243250e-01
-2.609120563165072681e-01
2.651265365768278315e-01
5.173058002144479417e-01
-2.327304905104030652e-01
-5.591870257047037995e-02
3.485691489171482971e-01
2.435222451293030943e-01
-2.535773340499787309e-01
3.098389275497783757e-01
2.662274213853867977e-01
1.434735554510968569e-01
-1.167034861068927398e-02
2.476499388315200889e-01
3.170473950190082491e-01
-3.699219603965877567e-01
-1.675590251491785310e-01
-2.203116393738149270e-01
3.897651437448814704e-01
6.387774467077278473e-03
3.375861281681924453e-01
-1.138922220353091319e-01
3.703230679831470695e-02
3.901622722977302615e-01
1.232495461584548480e-03
-4.641864925736189917e-01
3.781976988912738591e-02
-2.518480564870602123e-01
2.178422211226402894e-01
1.334038404910078413e-01
-4.299171758834479107e-01
-4.365611651737415499e-01
2.869155205721085622e-02
1.524216253426313727e-01
-2.119355096226174240e-01
-1.965974746926910655e-01
-2.991790444954851580e-01
4.978134604175652456e-01
2.227961051695013239e-01
-7.243417137724073029e-02
-2.370229937346568505e-01
-1.358598293055326423e-01
1.736727042419259348e-01
-1.622605606243121557e-01
7.950634396903577539e-02
-4.474279124970799160e-01
2.683413336705413599e-01
2.434481964864403380e-01
-4.890663310518448270e-01
1.418255918687947315e-01
1.009097918756305390e-01
-3.605202984829265489e-01
-1.260085405663682323e-01
2.985871378096085493e-01
3.742240231216573676e-01
1.479872310329088947e-02
3.788160697649090025e-03
4.956789766759106541e-01
-2.172900942751372355e-01
-5.478926882560486433e-02
-4.274099803458382141e-01
-1.420644804435076125e-01
3.050545875399901519e-01
-3.958884417600039285e-02
4.363144794652429326e-01
-2.525987244587488689e-01
-3.274569572445056309e-01
-1.617083294455348152e-01
-9.153870531885743844e-02
-3.932988263705539111e-02
1.854902116914827204e-01
3.198847830933821967e-01
-4.363034438572270801e-01
-3.558775072790663074e-01
-3.047130930635892909e-01
2.937928391545803208e-01
-6.087207496991631217e-02
1.905894159687981926e-02
2.674213606226727435e-01
5.390143241180922473e-03
-2.077508090632065318e-01
9.195266616530251014e-02
2.961238058122139805e-01
8.668646838788873765e-02
-4.680187797779238323e-01
2.112655702938575075e-01
2.339494932430072893e-01
-2.155786710567326736e-01
3.175793999911693533e-01
-4.106445276224590657e-01
3.763662843821524717e-01
3.514760603811044604e-01
9.501300731678075095e-02
4.890273074776096962e-01
-6.949497471816812322e-02
2.799090732713782614e-02
1.057453910824133203e-01
-2.447588712227553032e-01
-8.867751448975091932e-02
-6.090880864743386525e-02
1.202111455965138020e-02
1.001606401885624109e-03
1.993108084222958709e-01
-3.145133654401384149e-01
-3.645003450338917261e-01
3.858509272260928213e-01
3.391119257214185723e-01
-1.938928138274675916e-03
-1.059360321796525284e-01
7.203933956101504776e-02
-2.566842458126936677e-01
-5.340950828517021520e-01
1.035484649454954109e-01
2.708902313694956376e-01
-2.918679920217073231e-01
-1.632547586208152879e-01
4.350611235317272119e-01
-1.152677769675589659e-01
5.155022583666291069e-01
-4.731708043144688958e-02
-2.594124363119156840e-01
-1.244865946503885823e-01
-2.379149242311342505e-01
-2.006888459944367042e-01
-2.582805369120233507e-02
4.570837016166606759e-02
9.034768962658468183e-02
3.566554258415877143e-01
-2.280437479579955351e-01
-1.800534843693171183e-01
4.255692031906761486e-01
-7.829239464008086458e-02
-5.453630052803326578e-02
1.179786453650848443e-01
3.670610905005764479e-01
-2.364882189453521022e-02
5.382059209777612097e-02
3.243208260773764451e-01
-2.028340450761252356e-01
-2.525314150707700378e-01
-1.230487001790576684e-01
4.678121657976230807e-01
5.223304955666314697e-01
2.452416339484475571e-01
-2.499329777220564708e-01
-2.284063394461153251e-01
-9.098449074412773285e-02
4.911659903298097873e-01
-2.740877466740645474e-01
4.639982227905994350e-01
-2.310930638657175962e-01
5.739582447844249202e-02
3.634379395113640498e-01
2.166808205392980469e-01
-1.094800320421169815e-01
3.787437301359908304e-02
-5.253953478008988043e-02
6.760876862823028688e-02
3.850341812233981642e-01
-1.445896203904872834e-02
-2.531490762076691325e-01
-3.232900705339769587e-02
-4.050959812057275400e-01
1.030861042267261496e-02
2.294975708660373925e-02
-2.244037150112321299e-01
-3.779436358999319623e-01
-1.510812136072203771e-02
-1.634298507457874194e-01
-5.088096019226604483e-01
4.033907321673755320e-01
1.164426565407747916e-01
-2.809045126579912122e-01
3.858871976462232567e-01
1.898425952580309328e-01
7.957750583536515876e-02
-4.823308711134135507e-01
-1.392976335934807963e-01
5.332877876411075135e-01
-4.619385799628874523e-01
-1.615218485045017971e-01
2.510393971359246024e-01
-3.962206632497888847e-01
-2.473435621647039895e-01
5.453075598591183848e-02
-4.152220730779170310e-01
-2.439984367500089846e-01
-1.416012504276311645e-01
-2.583879189493174522e-01
3.202927777222619454e-01
-4.837190208004198411e-01
-4.466568724432278259e-01
2.894637348781436970e-02
-1.798564754227163220e-01
-4.391664881206036597e-02
-3.030250353894414772e-01
4.380236217323112413e-01
-3.578547427638767431e-01
-4.169550029753041898e-01
4.877461863678433929e-02
4.388187024792333801e-01
-3.325933003625269890e-02
-3.057706430107405282e-01
-3.688515658495443716e-01
-4.015566988045851105e-01
2.207778110929483617e-01
4.223589109691472387e-01
9.569651603182993682e-02
6.161667950982163688e-02
5.388852429677903899e-02
4.947790894135479789e-01
-1.783992752866803144e-01
-2.926442380174183455e-01
-2.412930918118405543e-02
2.656240750872331802e-01
-3.183540403562190590e-01
2.615033142407945377e-01
-3.147654375131709870e-01
-4.952924685682189576e-01
-4.034207439520294258e-01
-3.939586940526851322e-02
1.137016519242584067e-01
2.203605998274049682e-02
4.374895173198112275e-03
-5.741935169688794360e-02
1.509525942069576132e-01
3.529990709116130887e-01
-1.309281870398786296e-01
-4.066592329688765162e-01
4.447699385505687886e-01
2.966044130255918176e-01
1.156359317934905206e-01
-1.042374080378554169e-01
2.804377293704067853e-01
1.725140826354873980e-01
1.291492432979364224e-01
-1.988346159309184458e-02
1.211555132311161742e-01
-1.520902597744893114e-01
1.190763125274258982e-01
9.507346897780521999e-02
-5.786169371682881035e-02
-3.452610118939123396e-01
-2.890293138017083763e-01
2.959535394343859593e-02
-6.442931103657034697e-02
-1.753526861359322453e-02
1.857400824321135957e-01
-5.228791962220569189e-02
3.352967445208800967e-01
5.329196131386382262e-03
-2.409924879295930467e-01
3.878761053674226744e-01
-3.830707851408483577e-01
5.622445074716786451e-02
-3.832652197647252734e-01
3.448862518764777008e-01
2.708523415729739980e-01
3.380453127152165393e-01
3.345180183704110632e-01
4.662066260248138860e-01
-6.106279300759087647e-02
4.162830597912448027e-01
-2.646981658119456071e-01
5.854044996658025468e-02
-4.596815462295884558e-01
2.949439457906066764e-02
-3.076476509385521751e-01
4.556218274397672019e-01
-2.139129645862762885e-01
-5.002835602670616666e-01
4.919410353148014892e-01
-3.427401193802710466e-01
8.191672919871439973e-02
-1.329037113154409866e-01
3.526004971763647688e-01
-2.320014046751479597e-01
4.161893741285798143e-01
1.080125601351582532e-01
-2.016583451571163366e-01
-2.840873277584652357e-01
-3.830009980938173797e-01
-2.945542129147424859e-01
-2.511698579393142339e-01
7.801720725009619883e-02
-1.866849265095034127e-01
5.284743324157279432e-01
6.414794277813662404e-02
-4.512852394107786935e-01
3.905853573913624643e-01
1.283769986170080202e-01
-3.794528934203338366e-01
-8.535174939720135967e-02
2.130044835579987250e-01
-1.149276555762126506e-01
-1.060014242164726284e-01
-3.119958908737814340e-01
3.555198964044752330e-01
5.051222102202288511e-01
1.359541464048428239e-01
2.123886239734664727e-01
-6.607658639666702527e-02
4.398876649828586949e-02
-2.189926572279263794e-01
-3.311962227460973907e-02
2.994093751199962128e-01
-1.246775428032345090e-01
-1.968709441526774739e-01
-7.936083725424403212e-02
5.334812746486106150e-01
-4.061674482568378153e-01
4.641221393260934747e-01
1.141653558941495561e-01
4.147497404893467632e-01
-6.529274535344953279e-02
6.251549454552662866e-02
-1.757272511105405499e-01
-3.516277936666236670e-01
-1.616546987879141639e-01
4.247456083081253553e-01
4.722038897880453945e-01
4.210192109338688482e-01
-3.384511061720720804e-01
2.974129024217138095e-01
-4.637707066321068439e-01
2.422217609271637428e-01
3.801996225160895193e-01
-1.561189741097024353e-01
-5.331031834282971005e-01
2.285455969609317961e-01
-2.525308791286962062e-01
1.375390758558348026e-01
4.024893011007932841e-01
2.169497368300064011e-01
1.974593784956990561e-02
-5.008662402667107827e-01
-1.853959707526762202e-01
1.253298995480776057e-01
-5.167146033117608894e-01
-2.781443513627115394e-01
-7.117917743016999310e-02
-1.076961405085263834e-01
3.555962909939154315e-01
-7.337081692348679240e-02
-4.184717877077561710e-01
-1.633125967748858542e-01
5.097860786778465325e-01
-1.749672610085841740e-01
-4.168806302348029291e-01
-3.306295060165620470e-02
-5.221501306467857262e-02
-2.265202461823481173e-01
-1.825300653312842414e-01
-2.171669912987805873e-02
-5.226247140899253907e-02
2.242105130182006079e-01
1.015124612007687332e-01
3.411423424688733164e-01
-5.230336363309806558e-02
1.643694497733765303e-01
3.299517856598654930e-02
-1.008399149068912592e-01
4.322826288897143598e-01
-1.382131468123253271e-01
1.435205160667845092e-01
-2.661562167716899907e-01
-1.344924903867728005e-01
-4.679138504812909716e-01
3.197693756910124918e-01
2.014145639752467076e-01
1.026267284264390511e-01
7.458084806096643149e-02
-2.036471764669567364e-02
-1.157167698023302549e-01
-9.307817150890507207e-02
3.156043578289802198e-01
4.741802328881856710e-01
-4.060389103773163200e-01
-1.229683432436567969e-01
4.174928656355492151e-01
-3.924934091633733857e-01
6.449809990199284471e-02
-1.013714327107324564e-01
3.270428096005817409e-01
-2.015559578062191548e-01
1.202839853034127771e-01
