6.789000000000000000e+03
4.881000000000000000e+03
5.430000000000000000e+02
5.180000000000000000e+03
2.524000000000000000e+03
9.496000000000000000e+03
9.237000000000000000e+03
9.202000000000000000e+03
9.433000000000000000e+03
9.150000000000000000e+03
8.475000000000000000e+03
9.498000000000000000e+03
9.469000000000000000e+03
9.385000000000000000e+03
9.564000000000000000e+03
9.550000000000000000e+03
9.640000000000000000e+03
9.751000000000000000e+03
9.814000000000000000e+03
9.547000000000000000e+03
9.718000000000000000e+03
9.593000000000000000e+03
9.780000000000000000e+03
9.767000000000000000e+03
9.607000000000000000e+03
9.941000000000000000e+03
9.822000000000000000e+03
9.315000000000000000e+03
1.002300000000000000e+04
9.773000000000000000e+03
1.016600000000000000e+04
9.836000000000000000e+03
9.758000000000000000e+03
8.427000000000000000e+03
9.553000000000000000e+03
9.581000000000000000e+03
1.003000000000000000e+04
9.837000000000000000e+03
9.412000000000000000e+03
9.757000000000000000e+03
9.294000000000000000e+03
9.380000000000000000e+03
1.057800000000000000e+04
9.596000000000000000e+03
9.531000000000000000e+03
9.286000000000000000e+03
7.017000000000000000e+03
1.049800000000000000e+04
1.000100000000000000e+04
1.017900000000000000e+04
9.919000000000000000e+03
9.502000000000000000e+03
9.325000000000000000e+03
9.824000000000000000e+03
9.607000000000000000e+03
9.425000000000000000e+03
9.408000000000000000e+03
9.119000000000000000e+03
9.209000000000000000e+03
9.832000000000000000e+03
9.121000000000000000e+03
9.673000000000000000e+03
9.235000000000000000e+03
9.103000000000000000e+03
1.015500000000000000e+04
1.000200000000000000e+04
9.459000000000000000e+03
9.372000000000000000e+03
1.030000000000000000e+04
9.440000000000000000e+03
9.634000000000000000e+03
9.193000000000000000e+03
9.625000000000000000e+03
9.713000000000000000e+03
9.408000000000000000e+03
9.410000000000000000e+03
9.317000000000000000e+03
9.031000000000000000e+03
9.508000000000000000e+03
9.266000000000000000e+03
8.998000000000000000e+03
8.908000000000000000e+03
9.377000000000000000e+03
9.818000000000000000e+03
9.555000000000000000e+03
1.011000000000000000e+04
9.348000000000000000e+03
1.003400000000000000e+04
9.410000000000000000e+03
1.042100000000000000e+04
9.380000000000000000e+03
9.779000000000000000e+03
9.062000000000000000e+03
9.764000000000000000e+03
1.000600000000000000e+04
9.377000000000000000e+03
9.618000000000000000e+03
9.504000000000000000e+03
9.524000000000000000e+03
9.130000000000000000e+03
