5.275284572235801051e-01
-7.490184270401067934e-01
-1.514411139851556953e-02
1.632080145579610786e-01
-3.579729671016611547e-01
3.343698947796447385e-01
-2.724199621446592445e-01
3.032164714860163812e-01
-7.170814484260192856e-01
-6.039449604647648684e-01
-2.298942730633877218e-01
1.989292946574980903e-01
3.689905488541000977e-01
-5.021594499814341361e-02
1.324831450226193752e-01
-3.992349164813031592e-01
1.201486277599723707e-01
4.490244958269160591e-01
-2.947344709321040312e-01
-6.822805023875044839e-02
-1.723865014204069013e-01
1.922031729733939542e-01
-3.793630877433429305e-01
4.353759669152843514e-01
-6.809457946828985087e-01
-7.228082665198716228e-01
-7.796605886886300851e-01
-5.113263346245702223e-01
-3.438339681297186701e-02
-2.157011124218204401e-01
-3.252168967091009222e-01
-1.466170082739441938e-01
1.575791660219794110e-01
-6.444282868938042697e-01
4.539546216677869950e-02
4.631092796144145041e-01
-4.188372018765971205e-01
-3.210305493851084435e-02
-3.939924237312926181e-01
-4.810405689388721484e-01
5.185343106654993761e-02
5.935072902952489571e-01
7.178149328530647466e-02
4.297353576303777345e-01
-2.482075489348423147e-01
7.175256663538007729e-01
-4.504213663883103180e-01
-6.748090279144012271e-01
-2.480877666779761626e-01
-2.847354803041790561e-01
3.232833395169425472e-01
7.599497830952683941e-01
-6.748301350867977888e-01
-7.493087298095506554e-01
-5.273931891266423477e-01
-1.627339133952592221e-01
-2.170784421150804278e-01
2.628487021374317223e-01
5.274019623271017920e-01
2.641675354301327161e-01
-4.393248488648913153e-01
-5.197792839354047345e-01
-1.061925326124857349e-02
-1.589004601181427390e-01
-5.415208147420127460e-01
2.422771231360822952e-01
-4.220945832640312645e-01
5.537738057706489414e-01
3.303243907372808152e-01
6.795736532938612129e-02
-4.046549542467570149e-02
6.284453013634454521e-01
-3.819027295030004154e-01
-5.112732625259361896e-01
3.030655585561570220e-01
-5.843055929563352180e-01
-7.912054416010594338e-02
3.523681664836386673e-01
6.368252348726066714e-01
3.343200534711332494e-01
-6.586540045850153291e-02
2.715385345101708481e-01
1.810544156314808362e-01
1.812067708194264881e-01
-2.006606717328676126e-01
-8.576269387984325476e-02
1.339310913050866247e-01
-2.621429039603384581e-01
-1.977402047235727878e-01
1.972550410544879895e-01
8.324282938925531283e-02
1.970909377035319210e-01
1.436786572199952872e-01
-6.387557361378810583e-01
-8.577934162190281597e-02
-1.965385175835772102e-01
-7.776116007969093857e-01
-1.398126737554363785e-01
-5.433324334051405913e-01
1.476709152662305513e-01
-6.155859308134203900e-02
1.426882462093068682e-01
6.800617543129217069e-02
9.246135236168928628e-02
-5.794676156424110047e-01
-7.363992574113833456e-01
-1.497471816456981131e-01
-5.602396289198923185e-01
2.734577887619451531e-01
5.024926899481299003e-01
3.573805103163554264e-01
-1.888252760014221820e-01
-1.712227946041524618e-01
-7.556365300109302297e-01
-5.176587777005154933e-01
-3.756791088424069613e-01
-2.843464072988686198e-01
2.972809445563235897e-01
3.135667749336175092e-01
1.602276494652610239e-01
-5.528244313234704777e-01
-6.750928664389350686e-01
-7.052055955330551740e-01
-1.416520240228376082e-01
3.224306000866761224e-03
-1.299381443711862261e-01
-3.873502667913077957e-01
-4.225979095847813838e-01
-4.278565830804836878e-02
7.413753650838286191e-01
-2.546125027324883661e-01
-4.398216810270625388e-01
-3.992028979291619706e-01
-1.098497944695999706e-01
5.163028526400825768e-02
1.787758032447914758e-01
-3.157022532504329959e-01
7.417778694604031386e-01
-1.777981270737587494e-01
1.170459302641333466e-01
5.368365207168546149e-01
-1.002454247581443525e-01
-4.290625647479080484e-01
-1.603047106383339582e-01
4.733106504393793657e-01
-4.506511358899514263e-01
2.842845926313390947e-01
-4.425330226505685971e-02
1.134606688925838824e-01
-4.921921538450941824e-01
-6.504934835343112454e-01
-6.666336210308241306e-01
6.105476783093530813e-01
-5.331552213166474985e-01
1.444330253339476400e-02
4.775467946747919967e-01
-2.994262804852612092e-01
-1.395488744920463375e-01
3.141700940330238723e-01
-2.682016202239125846e-01
-3.205816876103373403e-02
3.200097676725190965e-01
-4.743754439425673652e-01
-4.450515785789486145e-01
2.556457201131054902e-01
-9.397078613231535371e-02
-3.369051172828081420e-01
-4.328285326011638290e-02
-6.211892151449438515e-01
-1.143392956025932605e-01
-1.717787076129626556e-01
-5.624277867852232049e-01
-4.074691740138192131e-03
-2.804448121155109774e-01
4.836231820712839635e-01
5.985760672577411512e-01
-6.060527311935839379e-01
-2.611279889003794707e-01
1.759441619594017681e-01
5.450869378981693103e-01
-2.606964982106312334e-01
4.536412293278075936e-01
5.773898707438993583e-01
1.522477901235337328e-01
-5.648990565952995979e-01
-6.114320243423030377e-01
3.875932427732431407e-01
-4.568370449882515061e-01
-5.677310276549878409e-01
-6.516537757323170865e-02
3.384370813237396192e-01
-3.878287187703222116e-02
-6.183092110276051656e-01
-2.952564410373268444e-01
-3.637320985622549685e-01
6.654366812115970475e-01
-1.247714186957313842e-01
-1.928918604131002468e-02
-5.703926606757336870e-01
7.863939442117562351e-02
2.856798137667109216e-01
-2.103146835972893314e-01
6.100273776011180260e-01
1.295047443995533953e-01
4.430513171219550017e-01
5.879373138315200364e-01
-2.918824031608160396e-01
1.988527338084011831e-02
-4.769752685055204111e-01
-6.079213798148437320e-01
-3.390376352743125210e-01
-3.310607210121707666e-01
7.638570867458600588e-01
-5.662292820130412352e-01
5.144582969239053227e-02
1.306870362382905881e-01
-9.465002612634698664e-02
-3.949657376982527168e-01
2.264379114715442398e-02
1.627808160104926571e-02
3.417832334859758348e-01
6.631039511531202635e-01
-5.007402507233944533e-01
4.385439397703025932e-01
5.795133786800050757e-01
-1.361113346600539842e-01
-6.163611204119741060e-01
7.004867635838198936e-01
-2.137233406750578268e-01
-4.749919207355324247e-01
1.466493857256256916e-02
-3.256545397691112953e-01
1.132451973998502837e-01
-7.352718141970804311e-03
-6.990727627802160171e-01
-1.168940079448947955e-01
4.767713423572335074e-01
3.964847641749713603e-02
7.433182855892006557e-02
-1.135946018524842671e-01
-3.050233673083564412e-01
-1.370093790163329217e-01
1.867312080734420121e-01
4.616295506933099091e-01
-4.608904397581845558e-01
-4.464646653745196758e-01
4.579293160051793876e-01
5.527840193641981870e-01
-5.529311367834583990e-01
-1.700858372336417901e-01
5.555458235709131998e-01
-2.544890543951670026e-01
1.874147958193344010e-01
6.006317230122517614e-01
3.478329674114384318e-01
2.489240981954710108e-01
-4.456636512217624357e-01
6.727065477031288765e-01
2.387732018497601416e-01
-8.752426841720417627e-02
7.671116270781830337e-02
-1.628141821101634079e-01
-4.847000471230158425e-01
-2.479580229668476576e-01
5.489780929957763789e-01
-4.188574706905736633e-01
-3.328687755709323071e-01
2.546879746690855484e-01
4.916927809720172959e-01
3.380123723608505770e-01
1.335478828184530897e-01
2.829190877333402909e-01
4.712874411075729242e-01
3.004178153415884012e-01
-3.267531522358355645e-01
-4.885564026533142368e-01
2.166542153630430789e-01
5.084757312668939377e-01
6.575344974843133627e-03
-2.262378205649593355e-01
-1.303994250010074296e-01
6.328220150545877942e-01
-3.585087031831815096e-01
3.780636352354971308e-01
-4.940349342508394415e-01
-7.583161675173837324e-01
-2.009162117834799588e-01
-1.723511165014368629e-02
-5.437563787913735069e-02
3.178239597038512443e-02
3.249894846313541308e-01
5.961586137345333825e-01
-4.526600180112563265e-01
-7.023554067535933143e-01
5.824553299766535019e-01
5.508059942879253157e-01
6.927552560944683080e-03
4.086915514865019361e-01
3.840146902703756027e-01
-1.852133895774432659e-01
-7.041233304871097332e-01
-3.899766747998203442e-01
-2.409325643393493976e-01
2.667886010922249085e-01
3.114451127098627481e-01
1.765644431379875812e-02
4.442195115882441314e-02
-5.665402067412825815e-01
-2.874250227425729776e-01
3.700822055359935803e-01
5.322332710901989117e-03
2.164382431215727820e-01
-2.222394256873556628e-01
-6.634608724973656280e-02
6.575857037976273745e-01
6.367547097788222032e-01
-4.457085310860637861e-01
9.527024363855129963e-02
-4.929363545221479015e-01
-5.490608087763888534e-01
-4.675900732726248066e-01
-1.328988957881218624e-01
-5.755206076653927028e-01
7.191393528175620276e-01
-6.056490151213811401e-02
5.992627499236080624e-01
-6.675063646214294266e-01
1.353787215647788145e-01
2.431859692180724508e-01
-1.635173055421565991e-01
-7.337423179877911039e-01
-1.609401776424910224e-01
6.173153636059147686e-02
3.624392702432608360e-01
1.339402521618815456e-01
4.824522900232333100e-01
-2.165712419691798729e-01
-1.691123647936123575e-01
2.003020961129937660e-01
1.497388078385775145e-01
5.026125657408764269e-01
-2.109787433344951779e-01
5.288889444155042696e-02
-5.393244673835422276e-01
-2.268237818700402642e-01
2.305170220253449642e-01
-5.001572816768860008e-01
2.151790401152098298e-02
-7.370955153639346946e-02
-5.720333662079273296e-01
-3.808082462774224908e-01
5.696224318759988137e-01
5.227966688626430880e-01
-1.693794560441306274e-01
4.438577831410750463e-02
-5.132853209604970601e-01
5.378643452727231988e-01
-4.712301175489379546e-01
1.005166766049834237e-01
-5.698816894918756759e-02
-3.698102237152305349e-01
2.764122206750929678e-01
7.222430803407426936e-01
7.791909241021208743e-01
2.043342787264270655e-01
-7.992693310001985907e-02
-6.668397051154233424e-01
4.171617413567032528e-01
-5.162394844786684089e-01
4.790733056441087712e-01
1.765516157273205877e-01
3.520634150592218958e-01
-2.322890043668746074e-02
-6.159969428041911499e-02
2.434482269454205650e-01
-4.821936321359059363e-01
5.459410026851134745e-01
-4.164615769668031930e-01
7.156486023600558966e-01
5.183908197279407659e-01
8.637703462087031880e-03
4.981078380639960557e-01
1.306007734523184638e-02
-5.641340934069463131e-01
-1.263618249282458805e-01
6.438376542024029092e-01
4.734621738851130246e-01
-5.048569913405458465e-01
1.098977802061673614e-01
4.595879989190549963e-01
-4.201081407062368100e-01
-5.612361830218146608e-01
-2.159753691122467956e-01
5.013104297297044099e-02
-4.637179990249249428e-01
7.871995612657141095e-01
2.478503446885058636e-01
5.437368976747256610e-01
-4.645674323937321049e-02
7.785676291574965546e-01
-4.712487891096621695e-01
2.505670246850213445e-01
-3.911588021530274517e-01
2.826825229452971655e-01
-6.729057703414795810e-01
-1.419953864783671804e-01
5.258612952590944190e-01
-2.017132054210355463e-01
8.702264466822384748e-02
-7.644966729942845873e-01
-6.642685194651587466e-01
-1.962727593290995998e-01
7.763436348216146143e-02
5.134708922296784550e-01
1.478147579624824459e-01
4.280348728793406110e-01
-3.936597392001761619e-01
-7.609917456034906991e-01
1.740831337581667526e-01
4.217947901313934267e-02
6.314409681729813428e-01
-2.901160539366145485e-01
4.085273821091464086e-01
-6.337617159627928487e-02
6.233020214395352809e-01
5.941761043559390387e-01
-4.585312747412224610e-01
-5.037309144453265830e-01
2.141048673504784006e-01
4.815278428777425290e-02
-4.878049461344193816e-01
-1.654179539896745155e-01
3.431615304331225857e-01
-6.744068060857157931e-01
-5.131608720940716850e-01
-3.677403525267024520e-01
3.417441907569775950e-01
3.075364509025169113e-01
6.525024226847264686e-01
-3.403889196641154413e-01
4.209319065019911932e-02
5.109061070557743278e-01
1.918153122834498348e-01
6.705778801507475961e-01
2.630652617708131302e-01
2.529307072440847293e-01
6.347888640425924933e-01
-1.863993431424066927e-01
-2.949481405434211112e-01
-8.082916011502305764e-02
1.571224774817263636e-01
3.348151062694011415e-01
-4.770150504453543050e-01
1.882757911694685760e-01
5.981138932729912483e-02
2.849885410039068034e-01
1.036954509909246980e-01
1.963154174408821007e-02
6.312669343809389488e-01
-1.260566876991031648e-02
1.943065786589261990e-01
-1.759483702633408697e-01
-3.902258998414653846e-01
-5.732967017758561212e-02
8.375179788174591522e-03
2.943119213395197775e-01
-1.313459968161652114e-01
-3.995618306613648585e-01
-3.128443179016899833e-01
3.276508383809559888e-01
-3.461910191640242829e-01
-5.966794944026174718e-01
2.266853365831877909e-01
1.638063263907696410e-02
5.271264893124705253e-01
-6.444392779327001719e-01
-1.044909474312074593e-01
3.698131768639001393e-02
-3.529941921968129392e-01
3.698801122578210254e-02
-2.289948902843157441e-01
-7.410849838005271195e-01
-2.430116368046730813e-01
5.845864196278114377e-01
2.413532829047433381e-01
-1.175582002715840346e-01
-1.177071727523681943e-03
-8.116338984942750301e-02
-4.024425765976253899e-01
-1.306473075071865608e-01
4.754126738678285946e-01
2.709059707697294428e-01
6.859251284986651598e-01
-2.429368026969935812e-02
-5.669402734640183184e-02
4.679132921459983052e-01
-4.700057543476541255e-01
1.133507977163406011e-01
5.254735562452843567e-01
-5.436151675306719611e-01
-5.668970251537333027e-01
6.063872190396191186e-01
6.329585970492601632e-01
-6.738705828801414555e-01
-3.472857362185290953e-01
-5.953843348218743614e-01
-6.523669768166726612e-01
5.595949867410681122e-01
-1.120567319397807182e-01
3.169776282514416010e-01
-4.311418609096140386e-02
7.367021166587219838e-01
9.807347209025252255e-02
-1.944117421289250913e-01
4.802244240074848847e-02
-1.006657451689623173e-01
-1.224220066263121964e-01
5.553248658150700123e-01
-3.553805245946559666e-01
-1.344171633578064018e-01
4.452570789302869869e-01
3.249394171823709598e-01
4.417683547179116488e-01
-3.051575765509486615e-01
-2.300509747820678186e-01
-6.094228203651557152e-01
-2.949677717931269427e-01
-3.635115420027910105e-01
3.024669675509716882e-02
-3.232270610536316369e-01
2.113385531596270184e-01
1.692899389321400605e-02
-3.700252688677174717e-02
-1.854299603107545380e-02
-1.754297142596605852e-01
-1.455528500205547360e-01
-1.591124542889250648e-01
-1.639901404122570128e-01
-1.899596621996657575e-01
-2.482490025576229442e-01
-3.160440078008610598e-01
-1.325396225447041942e-01
-5.169837672212906909e-03
-3.342279992631649321e-01
-3.572271584386292886e-01
1.952904185554960037e-01
-2.046953723920621471e-01
6.783773493603773019e-01
-7.710711563293148885e-02
-2.324417135720562300e-01
-4.746950926245290248e-01
-1.054402376743777126e-01
5.112394986937580654e-01
-2.860882886906912503e-01
1.183338891552532246e-01
1.310322882734507033e-01
7.131740666013026697e-01
2.143867921444098101e-01
2.643379718707201675e-01
6.048750282298325232e-01
-4.874243360003234216e-01
3.590130533319966233e-01
-6.345116905799699225e-01
6.283170047963082538e-02
-1.440828540310139516e-01
2.687726594877695163e-01
5.696001817051872251e-01
-3.721425807232341398e-01
6.114804893490699556e-03
-6.574776764102185922e-02
-5.597553506428996073e-01
-5.264873602804112096e-01
2.261992114269419929e-01
-7.531408607178295966e-01
-6.175407234160088521e-01
-5.246726961100041109e-01
6.290109567681545499e-01
-5.995898034504696383e-01
1.657073871066652160e-01
5.380946630905150130e-01
-4.583380485671240123e-01
7.810957985741424636e-01
-5.953759644182641253e-01
-2.254160970963141608e-01
-6.169346967204365484e-01
-2.135041517935185595e-01
8.519931136477332245e-02
-2.906171266127710595e-02
3.954538948589494396e-01
7.711306075754000844e-01
-2.789879154331575961e-02
-1.215148215776853391e-01
-3.390296057721080558e-01
-1.818467874677942575e-01
-2.214489837039925746e-01
-4.686840790273887336e-01
-1.710406565828996861e-01
-1.184080266112959023e-01
2.641054381966689846e-02
-1.330463324971553618e-02
6.101552057405594809e-01
3.575348069192703093e-01
1.711016892501495690e-01
1.588103428335250200e-01
5.240735591431331386e-01
-3.626550683939484543e-01
8.663117914421114563e-02
-4.289745533730719984e-01
2.375912358525322787e-01
-3.288574248837150549e-02
4.484642307233563940e-01
1.143816963890973426e-01
2.473406575868235535e-01
-6.935917903727997214e-01
-6.924901510349572575e-01
-6.131463798532621468e-01
-4.917835659456155639e-01
-3.111322061169188302e-01
-6.520314230955914780e-01
-4.753788224843358279e-01
-4.303328045369143595e-01
-9.508530428208850083e-02
4.360716203687555748e-01
-1.379642179209810138e-01
7.499887168460066533e-01
1.353234883994449689e-01
-6.218316813627913220e-01
1.093958401152885784e-01
-3.114687132534923464e-01
-2.724354513950562051e-01
2.465779864862662762e-01
3.090910169186713574e-01
-6.091440390029365659e-01
-4.387825046291560227e-01
6.690020921449288949e-01
5.464878322355382068e-02
1.531356307070854683e-01
-6.534759498244717690e-01
5.327226740384425341e-01
-3.478875438478485904e-01
-1.903079876036875007e-01
-5.895392818595821538e-01
2.384748864354797604e-01
2.621328602681529674e-01
-6.969157880570131525e-01
-1.236526132777751030e-01
4.142627965499841025e-01
7.256582532206881098e-01
7.526602546283287509e-01
5.165780915619269109e-01
-3.219717427167987367e-01
4.008446885969441098e-02
4.311583210552063505e-01
3.785296905258137556e-01
-1.795350466495815311e-01
2.306305057642816791e-01
-3.936485943666854226e-01
2.651334497204551610e-01
1.595362765388763648e-02
-2.570080515927442022e-01
-3.342474926542760016e-01
-3.540089017444181252e-03
-1.710029983876220072e-01
2.624100716670518807e-03
-7.299299757483641571e-01
-5.407319610937282306e-01
-2.453206861458250287e-01
-1.490583941915568644e-01
-3.823265893680947158e-01
9.712464194602610235e-02
-6.221117037315142539e-01
4.101911969374967271e-01
3.169397270485934115e-01
6.542708426470777994e-01
3.328441054477302430e-01
-5.603037998296978017e-01
-9.606236253208866316e-02
-5.687342129478487607e-01
-3.782832987902287059e-01
1.984879450365877318e-01
2.061332530298098931e-01
6.126777633864355366e-01
2.623647781135298729e-01
4.033625465386876385e-01
-3.923116722982964433e-01
-3.961540104274128282e-01
-4.353560211505849153e-01
6.171962174453939909e-01
-1.683901458300054443e-01
-2.362940073159744969e-01
3.607157738318580442e-01
6.769379962146047092e-01
-3.864240397782623404e-01
5.735737326254319868e-02
2.479134328114476205e-01
-3.100773585130109922e-01
-2.777268739218161642e-01
-4.306857551542515594e-01
7.242416308765964317e-02
-1.448810621507945484e-01
-3.608134204452255744e-01
-4.786596501810436166e-01
3.198320148568338794e-01
-6.072600802221064242e-01
6.683955837132069533e-01
4.999038014817269726e-02
2.492351358763276181e-01
4.824376048800971262e-01
7.545699263468925722e-01
6.782008867423083842e-02
-1.470370384326660229e-01
-4.095200464173567312e-01
-3.171374410550011902e-01
-8.625276448687380082e-03
-2.953044588248747715e-01
-1.941348326981939820e-01
-3.949048931745569035e-02
2.103098564431507000e-01
-6.717865436867791473e-01
4.387655074798937349e-01
3.911196839018469262e-01
-7.072671398597538683e-01
-1.808525928925952542e-02
-2.322821896953062293e-01
-6.098226581061823026e-01
-7.837157186180077062e-01
-3.228754357692835697e-01
5.859681649593806441e-02
2.820531297908068780e-02
7.426540557113963104e-01
-3.787191863392092017e-02
5.158378741537736900e-01
1.016789014651910961e-01
-4.011690106136924783e-01
-2.511030210247957584e-01
4.386086542973348656e-01
5.929443796505395881e-02
2.903205376526649673e-01
-3.226222349899918740e-01
5.820960320585966130e-01
3.528130952893455685e-01
-5.488184125064226038e-01
-1.918961492530701918e-01
-5.271808678290454964e-01
-8.657913494216273875e-02
-8.222851280448306710e-02
6.051988609619876058e-01
-2.326430888951502851e-02
5.979555266807334846e-01
2.430154074880750414e-01
6.653571770980981626e-02
-2.483597060873572460e-01
-2.318143422632159556e-01
4.943027613229720174e-01
3.019180696905197081e-01
4.395870949098874547e-01
5.203463149276377209e-01
4.062160344149834401e-02
-3.287606911834828338e-02
-5.511963519766824859e-01
-1.580899961401076581e-01
4.480606161166775792e-01
-1.332992608094487608e-01
-6.872001351835201888e-01
-1.862455045329429737e-01
1.519521230251328348e-01
-6.577694565117369052e-01
8.695479421451857149e-02
2.648693922334546258e-01
-4.010369604421457623e-01
-4.294954152553467353e-01
-1.436068129639451740e-01
-5.240391400028343583e-02
1.231092450970940888e-01
-6.846426119884236883e-01
-1.365142069345459674e-01
-4.727268362666663393e-01
1.477651418307317499e-01
9.042760603977839651e-02
3.933114239419133185e-01
6.875160316644537417e-01
-7.893836164056260429e-01
1.516942439569284318e-01
5.454576273463214164e-01
-4.418674521654608611e-02
-1.406904993133375470e-01
5.246725278517105906e-01
-1.244274734162953422e-02
-1.922777935501480684e-01
-7.882183267958753348e-01
-6.600587493651381976e-01
-7.656247963920748134e-02
1.622205832240810608e-01
1.084886879215112288e-01
2.069286231284461763e-02
-2.726805211559906184e-01
-1.938242031548762512e-01
-3.288567678906533231e-01
1.927354861347225778e-01
1.602423300153983377e-01
-3.367583427031766163e-01
5.682654124247150662e-01
-4.818545829631792898e-01
1.085493022564643084e-01
3.471352139989036800e-02
7.058936473888444141e-02
-4.541311697487335763e-01
1.237521339538236731e-01
7.334209646775224911e-02
5.919615393999606567e-01
1.201435358993219182e-02
-1.435625116744612129e-01
5.678036651377613708e-01
4.425906421480974018e-01
7.679743749266885189e-01
2.163287112661667067e-01
7.065679361656052038e-02
5.043601673629494186e-01
-9.399946670142522720e-02
-4.568436241481741433e-01
5.390447321389224555e-01
-2.608269586079945412e-01
3.391665379820310022e-01
-3.589782886788297489e-01
-7.119517895705778088e-01
-5.039300729189113426e-01
-6.124087092653587305e-01
3.795278878999832628e-01
-2.849255913865693657e-01
-5.408601154347536522e-02
-5.982508840640416992e-01
-3.343563669055544807e-01
-1.523261564417630609e-01
2.533940114473143268e-02
6.195204419254629613e-01
-2.075349606975667172e-01
-8.745085957804121790e-02
-6.004855927081980127e-01
1.456200600261414735e-01
1.794759513751156277e-01
-5.707464077326438456e-01
-7.716071955504562041e-01
-1.881871908299901364e-01
1.759831163011593702e-02
1.061430718545439689e-01
2.744438357269887163e-01
-7.731219639169992774e-01
1.098831774881130485e-01
-4.286322350182381058e-02
-3.080970890318495137e-01
4.593701782335077866e-01
2.210820109008064804e-01
7.734305624567472393e-02
-5.667202507655488830e-01
-4.114902031601292975e-01
4.166757959152489477e-01
2.891051369916386449e-01
-6.257638471711297612e-01
-7.462253962339469027e-01
-1.369322251917362010e-01
4.767369185860452774e-01
-2.693428155668344814e-01
-5.160927857595716262e-01
3.679957830661759743e-01
3.216981036845254494e-01
3.903547328149095108e-01
2.622968963784719776e-01
-6.082559497149073735e-01
4.986738048914363119e-01
-1.043474093343199627e-02
-1.472988447178114058e-01
3.179001031864823190e-01
-9.576010973505599821e-02
-2.621081063858774485e-01
4.017924375124559688e-01
-6.062675440417564232e-02
5.724162176634184362e-02
4.144613386825826140e-01
-3.871161552718209720e-01
3.516780778699599708e-01
-2.033521419491819415e-01
-1.924026674553678262e-01
-3.560538786548317347e-02
-6.981635031513206968e-01
-2.956729064912870797e-01
-3.878678012872462944e-01
-1.585084049932525829e-01
-1.056026220753949474e-01
1.016048573468175675e-02
-3.699056149413424421e-01
2.873850554155934489e-01
-3.763451295675892538e-01
3.556022638086986376e-01
-6.481913205354778995e-01
1.258507596500884063e-01
-5.047609777870620817e-01
3.314873519900611853e-01
5.769782005578019124e-01
3.237498554694653308e-01
6.551305345699169891e-01
7.258971334821744392e-01
-3.909959847617354711e-01
3.745558830313902021e-01
3.000776054920972769e-01
3.066411284881311872e-01
-1.425341601234428879e-01
-5.340388673257532304e-01
6.294928743137226945e-01
1.024816288022121213e-01
3.703616624345631436e-01
-1.547046297350345156e-01
-1.143137791668591419e-01
-6.540421147564767779e-02
-6.419506700751052009e-01
1.248545989012264101e-01
3.880190635806997079e-01
-2.084792892598423819e-01
5.172228609124243093e-01
5.421509293135331475e-01
4.732192269399160267e-02
4.028051960582033075e-01
7.884387858751296108e-02
-5.156215328998756675e-01
-5.758579460327704069e-01
-4.416986001586948873e-01
7.419231160916863743e-01
3.660679211390238663e-01
2.324646893045922980e-01
-3.624634984627821410e-01
-5.113880222530973185e-01
1.410796518920429676e-01
6.119450388615641501e-01
-3.725697985761948772e-01
4.029067612842931467e-01
-3.339510353966828049e-01
4.224147825884099205e-01
-4.842552136729052492e-01
-1.168968463201434105e-01
4.414665091712457468e-01
-3.769434882247750807e-01
3.229649579703757212e-01
-3.599658024273697521e-01
6.529112813559736495e-01
6.101038704271655178e-01
1.716101532071601099e-01
-7.943075839770044055e-01
3.752840928547822585e-01
-3.931686476452753709e-01
8.886529018663935631e-03
-1.315604577250528706e-01
-1.357401645949813940e-01
2.743874485696862209e-01
-1.959081298894975731e-01
-5.696102959176823077e-01
3.470339756387863517e-01
3.805009406599424437e-02
-3.055835422340482666e-01
-3.857255846813592015e-01
6.608447129207455362e-01
-1.508312148935520014e-01
-4.870644613997541228e-01
-5.339109848467593622e-02
-3.525379364005276628e-01
-9.869074861242577157e-02
4.399327277980313866e-01
2.461512288250977676e-01
1.668053496689783088e-01
-5.060763597719208917e-02
-7.384471602033189086e-01
4.657231268563899462e-01
5.666217534521091892e-01
-1.593398879808418656e-01
2.876624675361281191e-01
6.692818643341658102e-01
-1.175862914821799166e-01
9.528963490258579583e-02
1.715291044891511518e-01
-7.232227382044342789e-02
-1.138434940666641637e-01
2.413232298144993848e-01
-3.231956490156759898e-01
-2.168192214577056021e-01
7.272506396000331108e-01
2.044962243989534301e-02
3.747119788653252570e-01
1.415343461687710302e-01
-4.286977775224434239e-01
-4.910746117793109988e-01
4.049475500281660700e-01
-4.763091333923332726e-01
6.193016847649746026e-01
1.509708362834771833e-01
-5.732262972876389640e-01
-2.797390604550420434e-01
4.473523207664111823e-01
-8.287408160493114906e-03
1.349562540347850614e-01
-2.591750226111786404e-01
-3.283158982328169273e-01
2.073076533240394426e-01
-6.653889707935691789e-01
-2.436852257862405224e-01
-2.525714988294138763e-01
-3.438143454687043743e-01
-2.121060528417197943e-01
-4.119060857378764595e-01
-1.460355239800676941e-01
-2.286786911989082682e-01
-6.297965544837049734e-01
-4.760710913862098437e-02
3.879773839048556994e-01
-1.881418116250532790e-02
-2.044109291519546900e-03
-1.289840228723502236e-01
-2.998623569255620680e-02
-1.874135890079431377e-01
-3.056466034825806588e-01
6.778008557050796412e-02
-3.252047476524229097e-01
3.280833834318377384e-01
2.514511760218898218e-01
6.246386841329920614e-01
-1.859865573829750929e-01
-1.071780536200206413e-01
2.390516026285958162e-01
-6.595817957788634445e-01
4.533475087753764399e-01
1.776927708054021338e-01
2.981948053765570705e-02
3.679260721517474408e-01
1.665423227341999990e-01
1.825984163517979653e-03
-2.729451859524321122e-01
-7.038600820175311412e-01
-5.098535011133442651e-03
7.132324919835308918e-02
-5.200506240327262830e-01
-6.357269043648479112e-01
3.945482775451782942e-01
6.711300698546942556e-01
-1.162915991593571619e-03
7.829554333584631820e-02
-1.781623204648221659e-01
-2.192321719814120939e-01
4.704120360380912302e-01
-2.644934792564992421e-01
7.137325027946106459e-01
-7.604340509580831409e-01
5.225436677115578021e-01
7.035718735029474757e-01
9.304490525563569037e-02
3.880798592676519831e-01
-6.831140173330751963e-03
-7.689256090505134367e-01
3.334131331414189603e-01
-4.906021501632285009e-02
3.209917645977551359e-01
-6.889248262783311816e-01
6.148367756194375033e-01
-3.294608176368383212e-01
5.508623372358121273e-01
-4.451373245617746832e-01
1.164838008148505466e-01
-3.833242694408003359e-01
4.673684077988511376e-01
-5.981066488334203513e-01
-2.397762203236730727e-01
6.193396552084537987e-01
-4.259862944253542949e-01
6.893592619630606322e-02
2.005612113447359235e-01
4.284391348559193347e-01
-6.292059581140287960e-01
1.726757297287502269e-01
-5.572405827822635160e-02
-7.038567063140668267e-01
7.009415604987374593e-01
2.987160051969430796e-01
3.162667141228050482e-01
-5.941266478423328223e-01
5.317927171678151765e-01
8.114681438985726913e-02
8.511111038168905907e-02
2.287296019211400022e-01
-3.788553256855795581e-01
-3.950022341046306451e-01
3.935967471383783334e-02
9.025535930285766284e-02
4.086766972867428294e-01
-2.627733187246015234e-01
1.592626991295347239e-01
4.648127561188362122e-01
-1.657704358058662564e-01
-6.162044442191101368e-01
4.209075815339762272e-01
2.257984498694458608e-01
-3.090843603459809685e-01
-4.099583746966013464e-01
1.145792305930797284e-01
2.228321189652016088e-01
-2.864437131007839810e-01
-4.778119719129332310e-01
-1.090528250056008730e-01
1.435623681534528018e-01
-5.802827540844850418e-01
6.645687389995043048e-01
4.474514153651254489e-01
3.807155000425668234e-01
-6.545286394916516315e-02
4.185363254026430724e-02
-4.512689237535498776e-01
7.119491694415138738e-01
2.421118675314390956e-01
3.450053952352325481e-01
5.158845291041522785e-01
3.133680376315739480e-01
-2.313610464098374564e-01
-2.549939538959264951e-01
-6.091626952237589876e-01
3.503708495314281635e-01
-6.432127410034995663e-01
-2.633591230281187023e-01
1.358899178425785337e-01
-6.168862079719916736e-01
2.175084479413724736e-01
-5.090331400782783788e-01
3.924587892822817281e-01
-9.237787930165097805e-02
-6.511733780596671295e-01
-1.662930716878596726e-01
-4.842306832436156228e-01
-1.045712894520285374e-01
3.716320037651943409e-01
-5.509626590727014772e-01
4.524673658231845863e-01
1.965177456000972711e-01
-1.514441173905032301e-01
-5.784261682182343378e-01
-5.189508228347943231e-01
2.306309301737474726e-01
-2.042702969347267583e-01
-7.726769185703137310e-01
1.416099003162329950e-01
-7.181026450085425950e-02
-6.231451039255588853e-01
-2.067433315927180715e-01
-7.074818304546841574e-01
-2.366463048342826170e-02
2.409602616177375367e-01
3.065391901067870961e-01
-7.654424432498867503e-01
-4.793998280475006979e-01
5.768970839531748496e-01
4.531243936526685445e-01
-6.255041688673470546e-01
-5.332620338075848565e-01
5.170654624372161834e-02
-8.615451391358686095e-02
5.146758937993212157e-02
2.160706374131571295e-02
3.068199112984570931e-01
-5.394707372079423635e-01
-7.842122176472887674e-02
4.896394962210761648e-01
2.815391594746632364e-01
-5.503893595502962199e-02
-2.668950692816967063e-01
-3.142501653096179126e-01
-2.677398183447419200e-01
1.720214371399162445e-01
-2.618259811692498218e-01
5.957609609646894455e-01
1.206852874976345191e-01
-1.975197301676754336e-01
-6.696115273429050774e-01
2.429750208871972461e-02
7.372241712475418041e-01
-7.520570436071238873e-03
7.158278384441736364e-01
2.724188419478457135e-01
4.717858303414885768e-01
5.103381045019510509e-01
-5.528847130692593481e-02
-5.466259176011334375e-02
-2.123376857212528890e-01
4.218117038469344493e-01
3.983355637156620332e-01
-3.075970248007102725e-01
-5.066475063268649492e-01
-1.436086093044330880e-02
1.357373861745401200e-01
-3.674315939694059452e-01
2.882099046663473274e-01
4.605792836112332367e-01
-6.253156670839459252e-01
-3.699294235273153930e-01
5.436700819976270083e-01
-2.659813319587689406e-01
9.091454660881836958e-02
6.017859009299595385e-01
-4.950753862612709000e-01
-5.174778471402490254e-01
-3.497174177487600844e-01
-5.985192750359216163e-01
3.913076065041973806e-01
-6.276986536636552927e-02
3.659592404768075014e-01
1.195138350709168407e-01
4.332396805261318207e-02
6.435573692127025680e-01
8.648152239062323332e-02
-6.394052584004139561e-01
4.038529216192090487e-01
-7.533065246881598398e-02
5.312720876357568400e-01
-3.604587439580058117e-01
-4.444564889487603310e-01
-8.490546237772544913e-02
-3.138269601717960100e-01
-7.614527119061502702e-01
-1.693282045561792515e-01
-4.044157539848534100e-01
9.009811036265880091e-02
-6.844842981364429590e-02
7.958015115261218853e-02
-1.798000831284340961e-01
-5.459635321147446874e-01
-4.198413437588790487e-01
-2.193201884420270531e-01
2.908632341361094831e-01
3.843649467992200641e-01
-8.897929879949550980e-02
-4.472430923397165969e-01
-4.076581691679068697e-01
1.523511498680463205e-03
-1.507052213378559102e-01
2.345326390432003194e-01
-7.476955449645874552e-01
-3.820225249418029989e-02
-3.036702783025990726e-02
-5.474454404543216413e-02
-4.307714129410200599e-02
-5.374005918501483237e-01
6.843694512758027315e-01
-1.785004001580725586e-01
-6.274089911993208091e-01
2.730631844873947500e-01
-5.809983347618148386e-01
-6.760979975129508546e-01
-3.026633260279520954e-02
-5.187612508178469639e-01
-6.465671261699412753e-02
-3.937428622534158151e-01
3.229525738208121055e-01
-1.950417520984002451e-01
6.010036516095427217e-01
4.479138619719105208e-01
-9.805795899327929277e-02
-6.192562144851709860e-02
5.295505097220178925e-01
2.536536065702605924e-01
1.811265771403922642e-01
-6.011505947643112080e-01
5.111283673672843975e-01
-2.738669409743632599e-01
6.007962792219867509e-01
-1.654659991338327529e-01
1.277775023410239186e-01
-5.899102586777704715e-02
-3.496908137748091505e-01
-1.367491045063831123e-01
6.671718454663189135e-01
-3.391093489438139486e-01
3.340766663284755467e-01
5.225679705744203929e-01
3.308194293670831954e-01
-2.591128450643864767e-02
-1.417707335105413691e-01
6.050015113704985126e-01
3.166654200509952943e-01
8.062432767171667791e-02
2.067238797305215314e-02
2.720334175454404146e-01
5.275274550092596826e-01
1.324790046536872268e-02
-5.280359692372371683e-02
-2.270177402325508353e-01
-3.229277594213808555e-01
-7.619879356012910776e-01
-4.591243358826329057e-01
4.403114405641641582e-01
-4.655028277709289952e-01
3.181197623532430185e-01
2.968972366954822917e-01
-1.582709183951527265e-01
2.889596726144336714e-01
4.244895393370917702e-01
4.893974733057167015e-01
6.036390685906489750e-01
-1.286634078600474851e-01
5.538116172008775706e-01
1.952168696105012202e-01
6.673812233376068548e-01
5.181773039612309617e-01
-5.577066494884830306e-01
-1.435399560935035623e-01
-4.369769101428699898e-01
-4.823965657314399635e-01
-3.757191425681396524e-01
-2.478846908416745265e-01
7.894635155396905191e-01
3.212688692895593334e-02
5.657760828010136578e-01
4.480479783843938080e-01
4.159069063064890770e-01
-1.817701823992932120e-01
-1.254021752511489396e-01
-5.896240146247908598e-01
-6.228850336498972240e-01
6.175092433400504177e-01
6.253599980139803449e-01
-1.394860098530346093e-01
-5.628395251442714908e-01
6.308949065902922371e-01
3.876493408671910501e-01
-2.976870107876354865e-01
-3.049977215834918098e-01
-4.660090090415884845e-01
5.742202001635776654e-01
3.845666658000066462e-01
6.924883978413900465e-01
6.295479848193430428e-02
5.474690981751955121e-01
-4.252453915612877111e-01
3.227789330804187173e-01
-5.134103882445817391e-01
3.708447407276338481e-01
-6.461656032842917341e-01
-3.442845994232310858e-01
-2.839805726446300582e-01
-3.437898185270702456e-01
-1.514178483648906948e-01
5.750276166385726029e-01
4.233993968862144186e-01
-2.998507584662277736e-01
-1.814416537073757496e-01
6.003654472245649742e-01
-5.686187815620957764e-01
4.137080806714799053e-02
6.550461280594088720e-01
3.230601013133789223e-01
1.320099093879045782e-01
7.254138138868961860e-01
-7.734832277413250523e-02
-7.301007399336638670e-01
-9.655975686036555317e-02
-6.142706700172997358e-01
-2.968825658144860213e-01
1.117924355131929559e-01
-2.162457890762095047e-01
7.045500580825336812e-01
-5.542866285213499111e-01
5.626806266841546389e-01
4.117902881651804847e-01
7.903210851175135332e-01
-3.629355579933548626e-01
7.367010000442011375e-01
-7.471984470103256726e-01
1.539700919417263947e-01
-6.957481445376210161e-01
-5.267161402780686785e-01
4.352712441497628149e-01
-3.295792552262080122e-01
-2.549482324073268913e-01
-1.665237912883368310e-01
4.211082257497302805e-01
3.680201828483582460e-01
-3.992467927469958155e-01
2.867172710633258959e-01
-4.474501352545932065e-01
2.904721846051341316e-01
5.934506273542616839e-02
-4.095275501228909931e-01
3.253451086517644697e-01
-5.931471024963208549e-02
3.439331797975864191e-02
-3.876622882125335678e-02
1.775982154243758160e-01
6.027879051664974952e-02
-3.715380552560052507e-01
-4.449626636829986381e-01
-1.047187240415636822e-01
1.003127943729698046e-02
-4.778822018639132807e-01
-8.200863604978003707e-02
3.015043046725729425e-03
-3.709037023310610692e-01
2.171871420979956113e-01
1.186159338385639472e-01
2.136853808592036330e-01
-3.272174685981523723e-01
4.301068791233388922e-01
-1.425324523278117539e-01
-1.809075572548497490e-01
3.185153238425346700e-01
-2.095043370824889450e-03
6.200310146127403499e-01
-1.424524057505482943e-01
-4.112369904024761880e-01
4.535145873352988133e-01
3.977705710176184795e-01
-5.609619592770078711e-01
-5.499650497250438974e-01
-3.793131752625678033e-01
1.128787971039564297e-01
-2.546036807529326040e-01
-2.287681341083569464e-02
4.199586217392283771e-01
3.679622055653464230e-01
3.773743902837578545e-01
5.944989434337326628e-01
2.318888559373109004e-01
3.943805712397914220e-01
-7.011737845680681147e-01
3.269102410938913295e-01
7.723183343434776305e-01
-1.797382645343699181e-01
2.639322554174805546e-01
-3.124492946239545432e-01
2.112938555665628826e-01
3.717611012040764606e-01
5.999011901085786747e-01
-2.123130981324354849e-01
-6.638227913843319783e-01
-4.506925319162036203e-01
4.584058391885479367e-01
-4.961519909178555565e-01
3.418710796763066995e-01
-5.422554108735457845e-01
-3.947546169151241457e-01
1.216861509629758586e-01
2.297167548096208378e-01
-1.547376066957744101e-01
-1.012764350718331485e-01
-2.880509876125767477e-01
5.261006611388907572e-02
-6.166573661227170433e-01
-2.154334398809609752e-02
-1.314684371744734293e-01
4.665150933828909885e-01
3.135672808437917070e-02
2.119944426749009736e-01
-4.835285969067726342e-01
1.689332023898435509e-01
-5.859309989154048992e-02
-7.445597086047808233e-01
4.213468287480903740e-02
2.209836856474041156e-01
2.296064010082030649e-01
-5.790454273446341560e-01
7.129600543112823985e-01
-4.072910228932373755e-01
4.394081694899565349e-01
-6.510728254742232934e-01
1.379532883082728034e-01
3.861905484966055013e-01
6.345260912793211361e-01
-2.361619690944589678e-01
-3.983440984639816662e-01
-1.392561967218250985e-01
6.106745321628883616e-01
-3.922094432953082688e-01
-1.153300041263456421e-01
-3.692791626460341092e-01
-3.646097991851515729e-02
1.161590382049970671e-01
-7.664580734571799780e-01
5.368739155763648796e-01
2.683113882606225076e-01
1.979770121394999194e-01
-5.955884335025452003e-01
-4.059158709181502900e-01
5.816543416699353486e-01
-4.688313146204468040e-01
2.323379414603676807e-01
5.690725195907040401e-01
-2.382842016866355550e-01
-1.628259956620965454e-01
2.679199343065086225e-02
-4.019994062697938020e-01
1.440085348574129398e-01
-1.206063210167762634e-01
3.901829684749706928e-01
-2.265404748666455248e-02
-4.103083507242972772e-01
-3.256314259129524658e-01
-2.147734391070690307e-01
-4.523761109822652671e-01
-4.386310477266155416e-01
6.047121478259773752e-01
-4.715686933605827136e-01
-8.156507386567746209e-02
7.051414038752739089e-01
-3.754639885452171200e-02
-5.725817802442758619e-01
1.348517578257801830e-01
7.053468801856075387e-01
1.954219637671084087e-02
1.109771787514421959e-01
3.298981177310800206e-02
-2.461946751972670100e-01
-2.981403403635347615e-01
1.042736083251938339e-02
2.517827230770262048e-01
2.590099902605613735e-01
-5.538673216165399538e-01
6.610646692199431129e-01
-6.451772556965211791e-01
-1.843533428103230065e-01
-4.709547268835265754e-01
3.190472596739653000e-01
-5.220908435686419935e-01
-2.654830220179675848e-01
5.679963975916866303e-01
3.344308936012545530e-01
7.414599319800885269e-02
6.092014235692904123e-01
3.529028434762260247e-02
-1.917773814640613139e-01
-1.096448306441697440e-01
1.464347318577132739e-01
-4.971339550329938461e-01
-8.011782705814773919e-02
3.905470973115079403e-01
6.554037974837374492e-01
2.085646735046706723e-01
8.972644147296460204e-02
-4.420414897897693152e-01
-5.811990552096437668e-01
-2.753952700042034962e-01
1.669687434207034471e-01
4.149798868311354028e-01
2.527926443118397870e-01
2.264056362349098350e-01
-2.995161886065345058e-01
3.057059856657406982e-01
-1.117488475787675739e-01
3.377825591677972028e-01
1.601285232514886303e-01
-5.069952551129910390e-01
6.794369049422979145e-01
-4.657609273831138097e-01
-3.898003898135904421e-01
1.132931351152324240e-01
-2.022002088457792723e-01
-1.445784915985282026e-01
8.991043026291389850e-02
4.136344389244399622e-01
5.058928362920109834e-01
1.366387589143425174e-02
-2.317507797812625725e-01
4.423495052366863689e-01
1.496338886838088911e-03
4.967828994795748798e-01
-6.314592966075807112e-01
-2.386983373020585830e-01
4.896235116476699289e-01
-4.239561664021262999e-02
-8.823303140252214405e-02
-2.557971275117640886e-01
5.615677913327843385e-01
4.853627409260869996e-01
-5.982699635583568210e-01
-4.513655925606556707e-01
2.637426674715594999e-01
7.065193490297243528e-01
-1.847943779776421991e-01
4.706367484021374281e-01
-1.114478050370930617e-01
-7.664459455530412413e-01
-3.414483256829168312e-01
-6.657330848728539863e-01
5.344830614134465918e-01
-2.030115473094431522e-01
7.891962757709869436e-03
-5.217815138302812628e-01
1.642673189878252060e-02
-2.814596110694980169e-01
3.903454566251962632e-02
2.397524583968300149e-01
2.780146317010832036e-01
1.716831834640863974e-02
-4.912566847142239013e-01
3.766168943533099167e-01
-6.031766594310319363e-01
4.415265859946595484e-01
-1.237785415194432304e-01
8.830592663425917976e-02
3.583405278814790762e-01
3.819185377435090345e-01
7.230070087416606839e-03
-2.355922385766318072e-01
4.598344886000793608e-01
7.365064652999926409e-01
5.212750465429376590e-01
-2.313992708428642686e-01
-2.222039037062044642e-01
-1.827839365851682274e-01
-2.964420097198408044e-01
2.329600697911811125e-01
6.608034887510694233e-02
-1.590605132804814303e-01
6.808066817751363686e-01
-5.360079134674924362e-01
3.308899808895269246e-01
5.502267828550522211e-01
-6.890438856075231655e-02
3.575369276862181422e-01
-2.892797409759815253e-01
5.544525636378052624e-01
1.462825531538314294e-02
-2.750845942953130674e-01
-6.042993143197303851e-01
-4.786493900784503097e-01
6.692056102794392558e-01
7.267074048022124089e-01
4.630198116992367829e-02
4.812240982133690892e-01
3.821877734300702656e-01
-3.705821522958494540e-01
-3.203511169625432586e-01
3.586564319464020656e-01
-2.886261717570430818e-01
-5.286741060978306095e-01
-1.540383768393036590e-01
3.677853071531878015e-01
-3.625047943359600566e-01
-3.039502299622842685e-01
5.964765163110659074e-01
1.347390865834920959e-01
-6.180195294207102563e-01
2.678621077682485918e-02
-3.981140332256778436e-01
-7.985320422244157612e-02
-3.349721487832209021e-01
2.607336914066493705e-01
-7.168723934829115407e-01
-1.516736938114435773e-01
4.068480291456673115e-01
4.701198487149138572e-02
4.535463812680013973e-01
1.890199553203846250e-01
1.796220884841224219e-01
-1.497977534858137005e-01
4.875928693552689097e-01
-5.623770164257493320e-01
6.120067593625675428e-01
-4.215081720778792729e-01
-3.320748491565126415e-01
-1.514198105659936289e-02
6.721240816646512073e-01
-5.021844640087298473e-01
-3.084979133545129315e-02
-3.169946523696074436e-01
7.979423149244766478e-01
-2.620560648530601000e-01
4.140638916767445110e-01
4.355030423469496981e-02
-2.525856951271192585e-01
-3.086334500962379934e-01
-3.097443847963390340e-01
3.745961243588258327e-01
-1.134163135668009303e-01
-5.299138244301984102e-01
-4.549480751384615829e-01
-3.975587477779312096e-01
6.778468476547949706e-03
-6.781926466975383150e-01
3.636645555889916892e-01
2.679150613451266594e-01
-5.477060255872858718e-01
2.226444411354977504e-01
-4.072609941590501492e-01
-4.547241407502466970e-01
-2.591696891014567683e-01
5.018938127053615972e-01
-1.937780727606455144e-01
-3.831173058688550626e-01
-1.307157755741057414e-01
7.454908875335082286e-01
6.670094264206021251e-01
-3.222387516790545803e-01
-3.503933178514975211e-01
4.980127986186495548e-01
-6.036616434345418725e-01
-3.183233163836121093e-01
1.863917622541668706e-01
4.695431898701230011e-02
-5.847877511180143983e-02
-3.130387953434956572e-01
1.021065027567473749e-01
5.118093531628984394e-01
2.976307086135872026e-01
-6.185386048273082693e-01
-2.478028055249827943e-01
5.064340791857544488e-01
-1.154224735566025117e-01
4.659763298944348264e-01
-2.050434199125596990e-01
-3.672762917636767099e-01
4.271370428532019758e-01
4.581881956196465211e-02
-7.400251658300938118e-02
-1.086727634626285521e-01
7.682779305045119855e-01
-2.285924900356199885e-01
-2.745507321749673935e-02
4.064262682916242042e-01
-6.956568686780766342e-01
7.888860847471956816e-02
1.658698962110118913e-01
4.112854295048062880e-02
-7.391999413560723653e-01
7.096252894054853044e-01
-1.146411477443738391e-01
-2.604916673898376445e-01
-2.267907229524297463e-01
5.141676426821657486e-01
-2.160034326601429910e-01
-7.049788394081204501e-01
9.193064878557866137e-02
-5.415339896573083678e-01
3.988330650972615743e-01
1.883559778942158758e-01
-3.188684581187981593e-01
2.944594885186377908e-01
-1.926124965588194016e-02
5.514648570373790193e-01
3.025633226315349589e-02
4.000547278985600030e-02
6.059146860994237827e-01
-1.264565347650918881e-01
3.635873388614561108e-01
-5.069727956481537845e-01
2.043662356717446116e-01
2.850421697662941511e-02
-4.867019902449234436e-01
-4.068879466025512315e-01
1.954234152575109462e-01
-4.006098106104438727e-01
1.908401805059156686e-02
5.853563533278984821e-01
-5.055289291330913315e-01
4.717736728041792560e-01
5.073739312327782969e-01
-1.295108784968723725e-01
5.509994508247828549e-02
-3.859073879931926854e-01
-3.430708789303515971e-02
-4.663656967582463508e-01
-3.014755135516056228e-01
-1.631391548618594811e-01
4.066997502182889690e-02
1.594482202241902513e-01
-1.141278333739421669e-01
-6.273897461435495870e-02
4.446228133866458876e-01
3.607042683899592816e-01
-3.320179296187379947e-01
-6.151793598844541577e-01
-2.147984370814493005e-01
3.022842767552038623e-01
1.925546866411096403e-01
3.465332356146539894e-01
-1.765443160843682691e-01
-3.121953107088621948e-01
-2.162716610652672955e-01
7.029182207123749748e-01
-5.258231932801660236e-01
4.854126458138887656e-01
3.063403656738339365e-01
-1.666973825393487374e-01
-2.927917935039356934e-01
-2.270771193638738694e-01
3.134101882858173482e-01
-1.695187096629071632e-01
2.384205468261821892e-01
6.592021137654562324e-01
3.241335002661589471e-01
1.139372693169518058e-01
-1.709043645913110865e-01
-1.581349279549506548e-01
2.673167449134927764e-01
-5.165831749902949355e-02
2.765225709537455501e-01
-4.206959789246056403e-01
3.407661962303132341e-01
2.124918964277808797e-01
-1.961609230449354868e-01
-1.216231502578670742e-01
-3.987131000686563453e-01
-5.272745548739905530e-01
-6.879842590400535585e-01
1.037321346210635653e-01
-6.137219097884560881e-02
1.323676259337416283e-01
4.828700435158896909e-01
3.692918532305355939e-02
1.797785344457398793e-01
-2.570354891114590146e-02
-1.883602505503683133e-01
-3.990879091611034823e-01
-5.370288237491855909e-01
-5.424675047108920012e-01
1.911500208255692002e-01
4.426334803049014610e-01
-4.885347785111360253e-02
8.715848020817507091e-02
-9.815371828823327149e-02
-5.482026038009149005e-01
3.835060449673211025e-02
-3.622877834657911578e-01
4.031569388554512301e-01
7.259598972697709485e-01
9.408010146985112954e-03
-3.372389670375621762e-01
-2.384473710272860814e-01
3.773153139288778490e-01
3.571951242541082649e-02
4.905934852531963486e-01
-2.815749427033988894e-01
-1.567902737096575905e-01
-9.347978051495076102e-02
-8.274957374605751426e-02
7.250033017098189703e-01
3.123677706528376063e-01
5.981068565849945173e-02
-1.250808298717718259e-01
1.023348505485568438e-01
-4.514489787392870213e-01
1.366543522477261519e-01
3.577778466774947930e-01
-6.136363479859774372e-02
-1.076744275827907771e-01
-1.563557165412312600e-01
1.319404349151485079e-01
-2.154842350436112497e-01
-2.776658436234464844e-01
-6.610525812830676529e-01
3.877015068043405677e-01
2.371706071056571830e-01
6.998660164846697285e-01
2.727983165589087378e-03
-2.078927618890249462e-01
6.826447624621927446e-01
3.288098547375390979e-01
3.999484142633686901e-01
5.471855918011723219e-01
3.905275788025974748e-01
8.477319664810778477e-02
7.640730546218428287e-01
-3.141119379588221960e-01
-6.417416673238465208e-01
-4.908504882473767594e-01
-4.009413300988473594e-01
-4.603526458561191248e-01
5.972694280220416374e-01
1.882521142868807118e-01
-5.498756167613629842e-01
-9.624443795748760522e-02
-1.184458984287175554e-01
7.300969650421613721e-01
3.307198463077734019e-01
1.628114527045276816e-02
9.081760578147157759e-02
-4.495061542218721229e-01
3.454298814197009904e-01
-7.101885918275989695e-01
3.789156172039938042e-01
-1.342307812561847058e-01
-2.611340825626786710e-01
3.996201998021318147e-01
5.444795905492094690e-01
-1.081685514948889093e-01
-1.276237423089217060e-01
-1.365583986303775532e-02
-2.694955128602565253e-01
7.634255703787893310e-01
4.959749828538129179e-01
2.928604722297389884e-02
-7.267885926917685424e-01
3.731147544471493660e-01
2.618398885937089915e-02
-2.358253695094205682e-01
8.847386846325822063e-02
-4.893781957885110501e-01
-6.667036169192392947e-01
-3.572697412337335621e-01
-4.166360799038679730e-01
1.875832105746280121e-01
1.246621293133562958e-01
2.860938724139945322e-01
2.783171200513914201e-01
4.313617426426175072e-01
6.350631033979139417e-01
-1.448916796799819551e-01
7.461518473696120424e-01
-7.333864280781110523e-02
1.254424594772185486e-01
-1.212709594223566612e-01
-3.771785205414079911e-02
-2.138181802745062754e-01
3.743907163556983164e-01
-1.814050527048420847e-01
-6.249408037858170673e-01
5.421809451175469974e-01
-7.385673055828325673e-01
2.359464226719030222e-01
1.334378386337373712e-01
5.255867005543723991e-02
5.949636547827230615e-01
-6.158101611257702501e-01
3.681869128987536044e-02
1.159786199931431838e-01
1.510248328144747632e-01
4.548332084281758725e-01
8.615890842546214401e-02
4.671701723332066791e-01
7.179340716582167659e-01
-3.813242726835142093e-01
1.519622037674661641e-02
4.806661766313391482e-01
3.782348770392109927e-01
-2.140870342542200433e-02
-4.294439569347208163e-02
4.070244251400980673e-01
1.972026283851038286e-01
1.001125699940654812e-01
1.728870641086031057e-01
2.823390852011433694e-01
2.121516977250772484e-01
3.654426297942725554e-01
-1.579235156031257858e-01
-2.041443773942610562e-01
5.468448880344167762e-01
1.148314241731265284e-01
-1.631037774525205819e-01
-5.921252280664992540e-01
-4.904651817858525220e-01
9.709690445635743572e-03
-2.840689186404956601e-01
-2.476117499029735214e-01
-8.975071347519403275e-03
-3.897667567581732939e-01
2.566723032086484224e-01
-5.930068885453625427e-01
9.496999227472713301e-03
-7.920296339385322071e-01
-2.700063665565775040e-01
-6.222723999601695866e-01
5.847521105905340022e-02
-4.489858322741273611e-01
-2.248358483559513843e-01
2.466425620434096189e-01
4.034249316146896192e-01
-2.547258896203432599e-01
-4.094389202963082397e-01
4.790264786553670717e-01
-7.192043779293308958e-01
1.433765899869499094e-01
-5.952667788151124739e-01
-4.652445168700998224e-01
-4.458664057893138022e-01
7.593972082710118698e-01
-3.187802886090187471e-01
6.922148369161149617e-01
7.146865800713442241e-03
5.371166628410763977e-01
-1.438313142590565974e-01
-4.066478601493743739e-01
-5.363078601661177558e-01
-2.039607378377681357e-01
1.524261123173298316e-01
1.545222300115511871e-02
5.060998901903559499e-01
3.584075317891208812e-01
-2.115573319731485213e-01
-6.040469020481573637e-01
4.193048908068934821e-01
-1.208793928995897105e-01
-2.271490397449724696e-01
-1.293768828825045958e-01
-3.053706115457277548e-02
1.685879032659833854e-01
-8.014381213262122827e-02
6.428675780101702486e-01
1.348279479025373817e-01
3.395833274975590399e-01
1.635485381120442838e-01
-6.768209116199130904e-04
