-4.062480223543190050e-01
1.064650839553248574e+00
-4.580378171558336931e-01
-3.807057196511985708e+00
-1.762225789848068658e-01
-6.068966603256269465e-01
3.674061167202395950e-01
-1.081581610681529693e+00
2.487369073133878672e+00
2.061171921840188048e-01
1.438671482212163788e+00
-2.402869765535630808e+00
-1.421030384016482184e+00
4.148780661805844261e-01
1.169072555503981370e+00
-1.331080650008185540e+00
-2.348028181978418782e+00
-1.708618531257276807e+00
1.497123903426359703e+00
-1.088389571337988748e+00
1.335516401198234782e+00
-3.152455622730959028e+00
-2.512865505183065729e+00
6.363972158144122204e-01
-6.514973014521778794e-01
5.709838493514656221e-01
-8.903167496325767871e-01
-1.056837899715030726e+00
-8.141100849218121382e-01
6.586973250834020632e-01
1.241358986251302809e+00
-1.054819358779564009e+00
1.910298048099312140e+00
1.578632875091101617e+00
1.239837912892719274e+00
1.520131535594657635e-01
9.089669906317183745e-01
1.391857723683191495e+00
9.987014603394595014e-01
2.717369462184845652e+00
-9.724618882506375073e-01
-2.727453771098709012e-02
1.904163039986084272e-02
-7.186705922842646643e-01
9.050890157594277952e-01
-4.389299166471278824e-01
-9.364050768530098878e-01
1.763719442426422646e+00
-1.694962855673711744e-01
1.880416873250963405e+00
-2.705396091399811631e+00
-9.560327047003616130e-01
1.045312612965838994e+00
5.088073591660924322e-01
-1.364336146193834143e+00
-1.860316478024243381e+00
9.482949141297343232e-01
-1.117931915195169879e+00
1.734191934339205154e+00
1.000263210601714192e+00
7.206332824836803042e-01
-4.278318386616586366e-01
-2.129968982147612877e+00
-5.085609871451737263e-01
2.225355788026279313e+00
-7.831453900847797911e-01
-6.064928312264754595e-01
1.292978919393056536e+00
-2.199562900791356412e-01
2.942260180307183504e-01
-1.088592510594667218e+00
-3.612579088270939653e+00
-5.073402024808961741e-01
-1.071767473569635420e+00
1.420034418347801974e-01
-4.835009735002548936e-01
1.126658484937563820e+00
-1.593741413773051008e+00
1.831231499780860972e-01
-1.700389015170843621e+00
7.674503189740704556e-01
-8.842815943381863164e-01
-1.988186477461806767e+00
1.251611482285714949e+00
-1.055523605174191193e+00
1.109377272269107095e+00
1.882987465449307507e+00
-8.676813576568456199e-01
2.605845797402883690e+00
-4.346984352795502105e-01
-8.910557425382235053e-01
-1.510649649830428931e+00
2.803949390479396619e+00
-6.938312426590327320e-01
-5.694858601102179563e-01
-2.525255495726437260e-01
2.096707468477879921e+00
-4.679221516162712646e-02
-2.503249008667303599e+00
1.600195401211113477e+00
1.445438972805116684e+00
2.239870444750601486e+00
-1.197765392164019893e+00
3.133930779570601288e+00
-8.044598481318496752e-01
1.597454301812007316e+00
1.711292314852935093e+00
1.497613646635061357e+00
-4.545672310943853489e-01
-3.631324623224401194e-01
-9.963013162147058566e-01
-1.267833998329232159e+00
1.296213726011910872e+00
-6.832220806212170316e-01
-3.304876855212803832e-01
9.049588269705033383e-03
-1.502754894742696301e+00
-8.965584136644526581e-01
2.462321138436678325e-01
2.556705421295961678e+00
3.756340957132174196e+00
2.938784075590401557e-01
-2.060241887889571633e+00
1.393858356638791207e+00
-5.949810078884159026e-01
-5.077576061451640754e-01
1.852434531560501974e+00
6.062063952034240089e-01
3.131352354617797928e+00
-2.204117251052752913e+00
1.474239860683307590e+00
-9.845703231435525282e-01
-1.329998315715972268e-01
5.159063745913714527e-01
1.125860506899423186e-01
-3.787241394091372726e+00
9.067456089337415648e-01
-2.228850389936708254e+00
-2.373201221344982681e+00
4.088198719964228900e-01
-4.284811783109461203e-01
-2.205955661877556651e-01
2.373435272267929719e-01
2.429410559144651316e-01
-2.352454041186951006e+00
-4.110761911371305644e-01
9.725249550622825367e-01
-2.964344768055257706e+00
4.787403250056989634e-01
-6.570883254500232695e-01
1.241332892847847091e+00
1.409744344404862737e+00
1.099647686539402258e-01
9.661616073750769473e-01
8.563975143859989814e-01
-1.082631927944472938e+00
-1.268925863060461623e+00
1.260621259543951211e+00
3.729615079858646709e+00
-1.122763106933015731e+00
-1.001295815107218878e+00
-5.724107389378119137e-02
1.090209690907352424e+00
-4.104247614242408915e-01
-2.412940541692838892e+00
1.078637972538386336e+00
2.014405596669713638e+00
2.859718164543937569e+00
-6.742673294517871341e-01
-2.109920586589417724e-01
-1.778984203631983618e+00
1.965678595530321537e+00
-9.391025995297894724e-01
-2.086154908705306621e+00
4.308817388504326829e-02
-1.639375326862744231e-01
-2.187856782241059506e+00
1.493210641737357847e+00
-2.227962734547737522e+00
6.351433808458359920e-01
1.732601894977765511e+00
-2.253969652694023384e+00
-9.849190310573820994e-01
1.955245999270199597e+00
1.796820560948053647e+00
-1.745739689961646413e+00
1.007672080945200221e+00
-9.220685894110811631e-01
-3.236090586801232405e-02
-7.733792456758461498e-01
1.281847781079328286e-01
-1.586279272388425809e+00
7.438274611111239665e-03
6.508418265295699001e-01
-1.388112195416119299e+00
-2.965711039013385175e+00
-1.985938568475642541e-02
-6.628065499142739014e-01
-1.964765545788946799e+00
1.959774647436903550e+00
2.659066605425053353e-02
-1.310898298958523611e+00
8.217053467557402513e-01
1.250532253327487631e+00
-5.270643658209781535e-01
-1.148127720974734256e+00
-3.133738119125350607e+00
1.450534783590154753e+00
-6.970547524520656069e-01
9.694880699418604308e-01
1.481347624690247500e+00
9.123299198873446869e-03
-1.064518683128366838e+00
-2.355933031187174898e+00
-1.133119559534218723e+00
-3.049968722132986088e+00
-1.248774758287733988e-01
2.210066394408123358e+00
-1.554087265722465805e+00
-2.020624186681033940e+00
1.283655526064398700e+00
-2.790906083330630949e-01
1.099306044776113822e+00
-9.900820512105870108e-01
6.505283521142724013e-01
1.348878016643173083e+00
5.919350177317417305e-01
-3.270287850427955334e-02
2.141765012446730232e+00
7.744281031021795769e-01
1.026224095121188284e+00
-2.241207317064051185e+00
1.924237767111693920e+00
1.203532275048578626e+00
1.172680327478232698e-01
-1.442517625762764766e-01
-9.953988188167404161e-01
1.872667212376530443e+00
-1.268752535122880332e+00
6.003892999779232298e-01
2.587665211522113040e+00
8.980382507297264283e-01
3.871696250558240848e-01
-8.888078349000636535e-01
6.946582556141311926e-02
-1.486009917576414985e+00
-7.519764213213031567e-01
8.329106364876643909e-01
-3.897708323291713128e-01
-1.066223213949260451e+00
2.513386791101498652e+00
-7.282855603292759383e-01
4.824223276560060114e-01
-2.576052839967246655e-02
-5.529567454894364076e-01
5.619262848571215940e-01
1.657140528087803766e+00
7.317414713037706520e-01
1.041667870816005426e+00
1.494709703251901445e+00
2.752973167330543092e+00
4.392005331120181211e-01
-1.433055053144853819e+00
2.438039287235436170e+00
-9.264170890719558571e-02
1.712405312692247605e+00
1.013984327901518157e-01
-1.759340347551884065e+00
-2.102628705914622032e-02
-1.173038010951748422e+00
-2.666828102009075607e-01
3.136574170733229749e+00
-2.351382530770914414e+00
9.080959743300809350e-02
1.200711267158851570e+00
1.386952042875227775e+00
1.565873856810091169e+00
-7.995222312338103876e-01
-1.598866215810585967e+00
-2.029293187928113529e+00
4.775284086344742107e-01
-1.213375346857374026e+00
1.263955881858246144e+00
-1.168692139539739827e-01
6.445235401754132454e-01
-1.386224091008046777e+00
2.165216075218321379e-01
-2.637270315410003008e-01
1.163644992041286130e+00
-1.787693283764408836e+00
1.967543266882980646e-01
1.242630939935160939e+00
-2.231737738447154840e-01
1.492444499307305605e+00
2.939285131054090172e-01
1.846270601005336687e+00
-2.694926956747504931e+00
-3.110119314910868571e+00
2.614687989037614457e+00
2.880299907450876162e-01
3.247993484282059029e-01
-8.529086806162400336e-02
-6.405850757542728147e-01
-3.724889186576252342e-01
2.016979608512810884e+00
-1.339775234374779522e+00
-5.718459409848968278e-01
-1.176376155424866177e+00
-1.421655325113738044e+00
-2.074776740107262540e+00
-6.794972672650771983e-01
-1.280595454509265263e+00
1.167606843524094273e+00
1.524622050021980257e+00
-1.930586447411478446e+00
6.488340679395872002e-01
1.948257242534188194e-01
3.136757226817774580e-01
-1.538191201646061934e+00
-1.942922229923056854e+00
3.409252031656386350e+00
-5.862325504782939234e-01
1.350386417366111758e+00
-4.269746470983779574e-01
-3.215145349729398916e+00
-2.528685622577392600e+00
2.411031672018929761e+00
1.607512224147949809e+00
3.687258926566663320e-01
1.260411908458794805e+00
1.364549416139143823e+00
3.085821864102102907e+00
-2.842285148162169595e+00
2.906917732790321729e+00
-1.031918781542771058e+00
-1.225406330815501654e+00
1.740349647405805555e-01
1.171158092955710828e-01
4.048780667784050991e-01
1.399018157106262983e+00
4.918294339927733461e-01
2.878993608097374590e+00
1.040833567802687654e+00
1.207729625924557126e+00
-1.309916447089353397e+00
2.681408012874612723e+00
-2.159521477434674264e+00
-1.165352664673751537e+00
9.964538824162794128e-02
4.240561846386770029e-01
-1.520921190254673760e+00
-1.213326899704512130e-01
-2.529851342103901057e+00
-1.001341597919905624e+00
-1.169735699036952070e+00
3.033068843619641797e-01
-4.828295809543430295e-01
-1.910589168317998521e+00
3.840142638803722974e-02
-1.293411866603416449e+00
1.294206504101536481e+00
1.091291007112075384e+00
-6.355332792663945796e-01
-1.835993617762267771e+00
-3.840088891903370438e-02
1.127352909707022732e+00
2.487505351162901057e+00
-4.845928814023503506e-01
-8.557172257644181101e-01
-8.717827909385462704e-01
1.817476640057864579e+00
-4.265759794405097338e-01
-4.890250905276607440e-01
-3.828297798714599409e-01
-4.020681080694128440e-01
1.853468326015454082e+00
-5.248495620704396458e-02
1.268776174985251082e+00
-3.401479312433384194e-01
-4.866318810553869056e-01
1.649811204349239446e+00
-4.513366221118166877e-01
1.199284116812973089e+00
-2.301304321103309292e+00
1.440947375277065845e+00
-1.554617329860903396e-01
-7.604162324321253053e-01
2.531890136852421591e-01
-1.290235930153230903e+00
-1.656200412204598127e+00
1.418123839219104454e+00
-1.623919044954331703e+00
1.755735785589196851e+00
-1.235468265147883216e+00
1.197307713638759985e+00
-6.200857883870387610e-01
-1.733735885985030478e-01
-2.672727578110301039e-02
9.256956731193621835e-02
8.336430324272425807e-01
2.390217259445042153e+00
-8.907466349323920340e-01
5.041048160063930084e-01
1.612239359608960143e-01
-1.258405962787895849e+00
-3.789488873568194194e+00
1.477849540971304165e+00
-1.513460475147784479e+00
1.360641036302872031e+00
3.875838322951477011e-01
3.191100913519537841e+00
-1.721568270093985831e+00
-1.917341961013352414e+00
6.149017798442457661e-03
-3.568345771515444298e-01
7.897855242155271682e-01
-1.683367637553367935e+00
-2.713237876399086090e-01
1.880961892616856090e+00
6.409455307191169737e-01
2.215689022544840014e-01
-6.633435190166290241e-01
1.669152534965023804e+00
-2.259829399905793235e+00
-2.517318389678575574e+00
-2.464034391827438775e+00
1.818623352411839811e+00
1.293515330472327918e+00
-6.746005606890781436e-01
5.253323485272343163e-01
4.317931240234766932e-01
1.542134419379337373e-03
9.674826466665198410e-01
-1.844298271596607197e+00
-2.761554338453553470e-01
-5.281580099400260409e-01
-2.507365519229791673e+00
3.341105635712215971e-01
-1.390010768010506936e+00
1.156636062593272563e+00
-1.134968524367975906e+00
-3.763614146990453158e+00
-1.051771628153641558e-01
5.480620310277117824e-01
5.082491926644925329e-01
-1.507799981731159367e+00
1.274674355582767760e-01
1.525705251112327687e+00
2.334266263400626151e+00
-2.757559385469416924e-01
-2.442513039567337785e+00
-5.913169309481958180e-02
6.207098642046080528e-01
-2.170117692489260897e+00
-1.177462882522423371e+00
-2.722618132573295213e+00
8.448495724036808596e-01
6.559146148143737420e-01
-2.650635091305333813e+00
1.866783931482665970e+00
-1.618922204342254645e+00
-2.987235211163421056e+00
1.636740857799541260e-01
-1.490003962672711069e+00
-4.842351953216352811e-01
1.026838305989033806e+00
-2.268601209717968636e+00
7.180620423415735587e-01
6.747295629855774024e-01
-2.702249634840896420e-01
1.258833517302306859e-01
3.915077293437185801e-02
-2.205671108077248199e+00
-1.189801096123970225e-01
-1.490129780341478138e+00
5.724238868174538197e-01
2.570346012989581652e-01
1.285415288018574742e+00
2.086064203763825731e+00
2.411547287772586756e+00
-1.170070315591456023e-01
7.837105201693530532e-01
-1.535311255411631048e+00
-7.934769510229964240e-01
-1.550784911503280128e+00
-8.026790594170272186e-01
3.646639901959554564e+00
2.049168607951723509e+00
-1.303188222557839282e+00
-1.097445994424603999e+00
2.552867174697190933e+00
-7.028696214462186731e-01
-9.019697914936832817e-01
-4.442833131818799686e-01
4.454407212472606403e-01
-1.183463920021726956e+00
1.224175494347946369e+00
-1.304861023474423121e+00
-2.128055326079651532e+00
-9.225954594725465086e-01
1.325301022835950526e+00
-1.482813232727837160e+00
-3.689982138532719613e+00
-1.379718180353131984e+00
-1.926002263592500263e+00
1.395953113361738218e+00
-1.684540123901260955e+00
-8.133191609460492799e-01
8.209245365926687299e-01
-2.522120543442840646e+00
-4.796462178150404654e-01
-1.074279059135087699e+00
-4.691245415362867988e-01
-3.370051405982295023e-01
9.946244790162577232e-01
-6.211665952838592020e-01
5.076422530763124996e-01
-7.693686604622964609e-01
3.410735257621402283e-01
2.981282246382139789e-01
-3.321371234320924515e-02
8.580316474203879551e-01
1.191923382993306468e+00
6.962514487449746881e-01
-6.749772654977137520e-01
-6.557504062198562522e-01
8.930792102415914258e-01
1.525502032562759958e+00
1.287283891314493722e+00
-1.205479592214060425e+00
1.188711763814662703e-01
-1.119277460359201726e+00
-1.680317927501939756e+00
2.810656665214920302e+00
-3.913724030171723101e+00
4.937770383900570437e-01
-1.721743258145134181e+00
-9.221917976705720221e-01
9.140125857057492809e-01
-8.067868055900637714e-01
-1.421125552827076088e+00
5.224155521851772122e-01
-1.730300167703391789e+00
-1.739641863138857936e+00
-2.374651058169733098e+00
1.154471813340771646e-01
-3.257086911923412487e-02
-4.123947008067325726e-01
-9.417579945480181181e-01
-1.773992814325691114e-01
1.209738181088646058e+00
-2.476490693619134653e+00
8.285580005913733004e-01
9.150851398230575029e-01
-7.936835633751551100e-01
-1.727135287883280412e+00
2.439460838573957346e+00
2.205310745017118990e+00
-1.644055888727208981e+00
-9.837250725974211463e-02
-9.523592628137942384e-01
1.802817897644546363e+00
-1.406987514077586710e-01
-1.899105932871136826e+00
-3.708385086559413679e-01
1.617790207591131235e+00
1.490334112572019976e+00
6.395595358711938516e-01
1.011980396513932234e+00
1.307161197704049371e+00
-2.039320121165504762e+00
-1.286958572884020491e+00
1.184803689474502875e+00
2.479021824587976930e+00
4.140757228815434843e-01
-9.148985824705615499e-01
4.180468776997852132e-01
8.418196022582291604e-01
-1.718560356501077635e+00
3.479175066154081009e-01
6.073312879535919251e-02
4.111979893902892869e-01
-2.803089315857653752e+00
-6.396012276134310781e-02
-5.613020590522257436e-01
8.372536264334131673e-01
1.468404058736050288e+00
-1.198043831888751409e+00
-1.164527278564223778e+00
9.074842410709553775e-01
2.485484452492614516e+00
-5.500681562527560686e-01
4.625764887247267865e-01
9.683183295304935712e-01
1.002986886924097654e+00
6.376529353954909496e-01
5.753926921085650292e-02
2.128822207907985486e-01
-1.662160942381333051e+00
2.077125861386980077e+00
1.017482239130402810e+00
-2.030895181312395437e-01
-2.938879325498797712e-01
-1.200590107979466303e+00
1.425204235117677243e+00
1.083169131222038395e+00
-1.980530061133316089e+00
-1.136235617809260745e+00
1.264962129914506406e-01
-6.818105853694156337e-02
2.619253875963385880e+00
-8.223836659185135289e-01
-7.689119382269051783e-01
1.529917645970248152e+00
1.474726400232688306e+00
3.217299553044833615e+00
1.866823052018173890e+00
-6.916504035537238693e-01
8.552772584710730541e-01
6.666066356879767341e-01
-1.120480244159438143e+00
-6.431406067577318808e-01
-1.984729049785936006e+00
1.862403864681208887e+00
8.126064724705006626e-02
1.031517818548646659e+00
5.623252210880398394e-01
-2.359059428383219359e+00
-5.437343549393167663e-01
3.688126020521682591e-01
-1.065428085946093617e+00
7.499395779958710762e-01
-8.479487658743138923e-01
-2.657327014208203497e+00
7.368808006369924612e-01
-2.259648089496311130e-01
-2.807212024494667446e-01
-8.753323808230097924e-01
-1.270617579464330404e-01
1.566056347288680151e+00
1.078322163451513660e+00
4.951770496127423371e-01
-1.566018141070459890e+00
-3.277573225140510971e-01
-1.713061086532741140e+00
-2.015971729464153483e+00
-1.901485439263095323e+00
-9.472579490088683940e-02
-1.664404068019562644e-01
-1.106576728828876810e+00
7.218086010502471339e-01
2.435161519268560504e+00
9.410117538763564937e-01
-9.219149127146177847e-01
-8.208443196075450032e-01
-6.039800278298299574e-01
-2.469649142707463163e+00
-2.551178811923929146e+00
-3.535342150405709205e-01
5.358394098916177128e-01
8.446055700352594897e-02
-1.270497775337515289e+00
5.575552527682061665e-01
-2.988777692395121033e+00
-5.274073668011194371e-01
2.485397583750961203e-01
2.139830484989200698e+00
3.966667109796393476e-01
-1.673061496913279544e+00
-9.924883437656708551e-01
-5.950022202976779084e-02
-2.780589812922507509e+00
7.429700667713143858e-01
1.585232494734429842e+00
1.349493940453568186e+00
1.659240879563395055e+00
6.528784142091668130e-01
-2.304654711497717390e+00
2.019932701141193832e-01
-2.355233428567489185e+00
-1.639277334459502633e+00
-1.934752541461329578e+00
7.912254675251340075e-02
1.312412383535233040e+00
1.127035068988021749e+00
3.593448311017466423e-01
6.574722466383793318e-01
-1.333469552760787380e+00
1.532733338695216219e+00
-6.015616997011807854e-02
-3.535556852716323917e-01
-3.319349814550021094e-01
-1.031155075532086851e+00
1.436214557817086401e+00
-8.048542050880147514e-02
-1.577384929655375245e+00
-3.175635780930621266e-01
1.124420123800215165e+00
1.394575951531004776e+00
-3.161476992050986201e+00
2.590303001957528828e+00
2.097641049749231712e+00
-1.648624068236749451e+00
-4.555332392533175678e-01
9.770450014453322396e-01
-7.017611708658915148e-01
-6.469190361984047399e-01
-3.284551596815295404e+00
-1.365423054457726604e+00
-2.707615206442195444e-01
-4.071553775726934887e-01
1.660808379580593019e+00
-6.740662058976276683e-03
-1.146116026016674727e+00
1.950023970615943902e+00
8.867443689862373191e-01
-6.258639509664218892e-01
2.107586299117484074e+00
-8.842917235850933366e-02
3.760346520099044909e-02
-2.838496621354300586e-01
9.641155357344359800e-01
1.516541187095823418e-01
4.966076552903286867e-01
-2.028265010189151951e+00
-8.639737532849292023e-01
1.351669576026157671e-01
3.533898690180574675e-01
-1.718405971800799570e+00
-1.653540497413417132e+00
1.615195199520771396e-01
-3.757476766068919005e-01
2.536470058781539194e+00
2.679782322072929546e+00
2.656138211311538377e+00
2.573002552588801173e+00
-1.094356419513816014e+00
-1.152748867246829789e+00
-1.567555887566093098e+00
-2.906848985347205705e+00
2.782354828793698331e-01
2.275753222173927171e+00
1.447846281101180743e+00
3.073987634920436918e+00
-3.144992963107993145e+00
1.703456205069773688e+00
-1.254328031184224201e+00
1.355918733284674715e+00
-2.011220014986204951e+00
-7.755708788505479845e-01
1.942652108099560238e+00
1.415278183212381080e+00
-1.340708702793778517e+00
3.046989166170863683e-01
-1.125155628564074917e+00
-6.898058065986401033e-01
-3.066756079361929732e+00
-1.105453139571531906e+00
9.139619846108972823e-01
1.903151948432969753e+00
5.211284092328094530e-01
-1.138718525616819299e+00
1.044730854669783326e+00
1.948577824863622965e+00
2.507384941377836185e+00
7.319959474837460789e-01
-1.236549585663945017e+00
-2.534420785238368889e+00
-2.323495435504554507e-01
2.464183372815263340e+00
2.096712508329144242e+00
-2.381361309576643936e+00
4.699869905854541230e-01
-1.651858559271158988e+00
2.723433277291071875e-01
6.114124652477386235e-01
1.182710060790169493e+00
-4.384236725023331616e-01
-1.507272501835697831e+00
1.671004767006241565e+00
-2.518856357662082601e-01
-9.830268069177909851e-01
-1.585653952259960420e+00
-1.741612932112888146e-01
-4.168294780814711942e-01
-2.862757536200088992e+00
8.207320882281718966e-01
-2.697481132026938511e+00
6.469788897100610114e-01
-1.156133075317739678e+00
-5.884406536670745425e-01
-2.032748781796853699e+00
-1.486685341961393014e+00
2.811194597844313137e-02
-1.197683698996959478e+00
1.267943070214363033e+00
-8.574734305344255958e-01
1.414112043077036418e+00
2.912818585702661167e-01
2.716647259267772618e+00
-7.827919483320417982e-01
-9.883832782094055247e-01
6.267162347643218112e-02
1.258303965206611252e+00
2.636130810143569647e+00
2.270300752382155451e+00
8.226501399416061844e-01
-1.857283082259064688e+00
-3.902717227242815667e-01
-3.191120206189030029e+00
1.118592464407309528e+00
1.334872498069675117e+00
7.722372154840853042e-01
-2.362989969474349916e+00
-3.008148784978563750e+00
-1.696560345698685524e+00
-1.146481103127185985e+00
-1.285259057913410885e+00
2.950123733021881023e-01
1.834415713393121372e+00
6.117878599449797505e-01
-1.960232308478306873e+00
4.550706300419795625e-01
1.019194788184949019e+00
7.183489601562422777e-01
-3.485694602944624521e-01
2.050340204504863095e+00
-1.818747987267530508e+00
6.886561400494040086e-01
-1.079317408353623886e+00
1.569147563331133810e+00
-3.242761555871740420e+00
-3.186038739105381268e-01
3.743635973629944047e-01
9.875382043210612082e-01
1.702142057146398102e+00
1.199421498102495320e-01
6.767757746576963385e-01
-1.170199157444213878e+00
8.239757953808091173e-01
-3.274244746926546323e+00
5.883097861577315513e-01
-7.319926813137964672e-01
-2.158560551726362853e+00
3.077795816532004736e+00
-1.347931249076346205e-01
-1.941766951813637121e-01
-1.752866559197905350e+00
-3.118484213062676424e+00
1.465772329864758916e+00
-2.868855149210594035e-01
2.005146658545481131e+00
2.030145061080065538e+00
3.564333644509739329e+00
2.464090493492479439e+00
-5.156628977530246516e-01
4.542830994473234796e-02
1.171066319922368315e+00
-9.547838236537407042e-01
-2.229409665190711376e+00
1.333927036560740298e+00
1.060588750934153168e+00
-3.035206081742128248e+00
3.119938320277428900e-01
2.139244455631361674e-01
3.015067595300266134e+00
-4.930668894920513523e-01
6.404243884444422719e-01
-1.583509070506887717e+00
-1.456138527298564966e-01
1.641206613101370948e+00
-2.380612931280667866e+00
-8.003179994398426089e-01
-9.339054251654408390e-01
1.225618068411691297e-01
-2.005411480107456512e+00
-1.571147464984807840e-01
1.185751262045727117e+00
-3.580780814418480507e+00
3.369907677225834064e-01
-1.367504733070930456e+00
1.190930237432784367e+00
-1.008670512267684671e+00
-1.761807668426503160e+00
-1.722160388054406965e+00
-6.389687465526128207e-01
4.009853231920343930e-01
2.687198188506307872e+00
7.335259482483467153e-01
1.129536220747180408e-01
1.004304571760350484e-01
5.319190057707166019e-01
1.583125652002915551e+00
6.068294001833436369e-01
1.612648813467119524e+00
-2.869403216569287096e+00
-4.344967950825937564e-01
-8.715599459278466909e-01
-2.632175055313883405e-01
1.577213228866023442e+00
5.101230656559065935e-01
-5.479014879751398226e-01
4.139257183460722800e-01
-1.258158433544922516e-01
1.163317183326791238e+00
2.247045617222233282e+00
2.431699386072388336e+00
-3.619330335428481149e-01
1.228525909394950766e+00
1.002696718928048902e+00
-4.152825588711097637e-01
3.005140062989575256e+00
-1.018505512204657126e+00
-1.497058290827154359e+00
-1.334954371646897897e+00
-5.930996016087206613e-01
-6.924759417357160274e-01
8.526765766485988607e-01
3.173636342533448840e+00
-1.349230867596249439e-01
-6.738946415492907960e-02
-1.781879693657097974e+00
1.438185531436121600e+00
1.439294466834589947e+00
-2.079937691750224360e-01
6.565481214927899600e-01
-1.031473030398804003e+00
9.094932129938007037e-01
2.327195428473537220e+00
1.328448716202295543e+00
-2.340545297059044572e+00
9.950602195694049357e-01
-1.696286578798800626e+00
-2.123806487933071807e+00
-1.741410940862673229e-01
1.102218715910155744e+00
9.437424119620461127e-01
-2.880181414605695878e-01
2.087790292962257155e-01
-5.470537739152714352e-02
2.404266553129992268e+00
-3.631846171684411928e-01
-6.569648557048139992e-01
8.057343016658577994e-01
-1.452409997919791529e+00
1.714638375184066810e+00
-2.374146291355151206e+00
6.455343311058925337e-02
-8.539625415063776259e-01
-6.195059913982108313e-01
-4.893529552545237138e-01
-3.877736646284439814e-01
9.813438864039660814e-01
1.569739045196208771e+00
-1.674585854161643628e+00
6.286221971288705745e-01
4.278273286314959734e-01
1.899430803151287428e+00
-2.735514457567361113e+00
-1.901895297139066798e-02
1.839222161041707437e+00
7.274325767535287923e-01
-3.027984590549941402e-01
1.458973167728121467e-01
4.552603025680035387e-02
1.193300810233294484e+00
2.034092208185903417e+00
3.042094247197901780e-02
1.787593985878814351e+00
-2.015769211127845573e+00
-9.255608514192923408e-01
-5.995053968517165544e-01
-1.931899429936589030e+00
-1.698019405266927073e+00
3.645557939858088403e-01
1.854518030757833280e+00
2.558731454261117477e+00
-1.882454790733698591e+00
-1.713619733335853823e+00
-2.398040823671874211e+00
1.535039418983371817e+00
1.178214495999498901e+00
-2.154264282548652876e+00
-2.058029014211556706e+00
-1.943748687420061572e-01
4.391183720902080978e-02
-7.201622721559157725e-01
-1.730238610731438254e+00
1.100475950991999241e+00
-3.237774142196130356e-01
3.191612951582474267e-01
2.333192698337547277e+00
2.820342211440703295e+00
1.434848667390732579e+00
-1.973229202845629526e+00
-8.724689392459463733e-01
-1.474297541464959949e+00
-1.834830217059310709e+00
1.018250725501603782e-01
7.231465182803535896e-01
1.569574085131614893e+00
-9.351692126559161267e-01
-1.026505201701044090e+00
1.085961617513091504e+00
-1.535411007984279763e-01
2.381048356023844903e+00
-7.283948831704254445e-01
1.735650846856948704e+00
-3.413120835739711367e-01
-1.851363167828038669e+00
-2.036723005736571501e+00
1.077510708117571880e+00
-2.167408042173191163e-01
-2.710113416030919709e+00
-8.715302306627705775e-01
-8.332932729850908160e-01
3.021762932771666854e+00
-5.511574416460014447e-01
-5.038986020249387465e-01
1.585941507641113191e-01
8.149459805943610746e-01
5.899269548845911260e-01
-1.571904293650023821e+00
-1.900492692683390938e+00
5.198154489619613017e-01
1.037945812313396665e+00
-3.193374588749374965e+00
2.010419473628703990e+00
6.261206203853841856e-01
-8.007032016116761852e-01
2.496851994784563544e-01
-6.487266427979516692e-01
9.807955891543693738e-01
2.475992669432932836e+00
2.336762958893846331e+00
-9.481161599081309177e-01
-2.804102992416925844e-01
2.332260098718061947e+00
-1.664977205905694646e+00
5.807475435041524747e-01
2.890422791493971744e-01
6.749735710598070426e-01
1.359051281053496041e+00
-1.759087342420307287e+00
-3.443569918747586556e-01
-1.282821154446897260e+00
7.894630930893118403e-01
1.367162815459384007e-01
-2.690804734266912135e+00
8.938447621032477031e-01
-1.138826333731810525e+00
-5.367853454234969846e-01
-1.100629347084344012e+00
-1.324688496815714878e+00
5.706796643055174201e-01
8.376961436449672505e-01
1.942508525015931298e+00
-1.172178355981977838e+00
4.819437068711902583e-01
-1.316353957342375480e-02
-3.124674449394400089e+00
-1.374290659781829405e+00
-1.169365774894930876e+00
-3.186115883189477582e+00
-3.083404838210549670e+00
-1.411664361758273145e+00
-1.801052625612065139e+00
2.197126773922530418e+00
-1.222290013874809400e+00
-1.743723367117907763e+00
-1.190872187722761488e+00
-3.115014943130205438e-01
-1.873870869560413155e+00
1.216983140333399049e+00
1.606026231324486631e-01
5.713817680729258441e-01
1.114511240713110141e+00
1.789717812948713238e+00
-6.914026322059143581e-01
-6.665812497118785984e-01
-7.888854520292900574e-01
9.580678557388901950e-01
-1.293677327551573164e+00
6.053982418077898942e-01
-1.283591445890339688e+00
-6.291861852317151005e-01
-3.634941739436570174e-03
1.852995759903906858e+00
-5.672745998604256101e-02
8.053497643244744708e-01
-6.250966281785039769e-01
2.164424859054889794e+00
-5.638967701797525933e-01
-5.564371163195289682e-01
-1.668064018876036503e+00
1.872628910880442810e+00
-1.251625047493321929e+00
-1.179877239888309504e+00
4.984670205604615489e-01
-2.069300217589416846e+00
-7.394999953837730899e-01
-5.250418289648113301e-01
-6.356442659061514178e-01
-3.192405214854732165e-01
3.952211068085453860e-01
2.807729418359610207e-01
-7.532827883173744965e-01
-3.419656085385405220e-01
2.316303168799160872e+00
-2.939483369844224203e+00
4.809093711222782730e-01
-2.344890989409931237e-01
-2.909536401901497982e-01
1.034349318255570971e+00
-8.953560419887232058e-01
3.663275675815444998e-01
-1.169451438928019726e+00
9.274363571845531951e-01
1.810254177133464815e+00
2.026404628684597142e-01
1.650229991674682317e+00
2.748669928411078267e+00
-2.716764873004002823e-01
1.037248355996559290e+00
-2.728760590295875588e-01
1.021757030358758200e+00
1.782435685953112525e+00
1.277832018687039550e+00
1.017033304398532678e+00
1.561022334949287327e+00
-9.946767307232118327e-02
1.970467937448143303e+00
-2.061057609677700242e+00
1.904900709800116942e+00
1.686995242262428363e+00
-9.022208047479036708e-01
-1.795313166869632937e+00
3.784266518983940841e-01
1.257771442940379458e+00
-2.118253691687876916e+00
-8.605095111375682393e-02
8.028716518006877578e-01
-7.904562104785988197e-01
-2.801985360660452784e-02
-4.877979185772574056e-02
-5.050645411010261654e-01
-4.975145770169211445e-01
8.679073811210056277e-01
-2.539156316003923664e+00
-3.490292450279354419e+00
1.467075198044635265e+00
7.401128577017974663e-01
2.804759281079880040e+00
2.127375884334810507e+00
1.153132011203108931e+00
-2.370720805882199578e+00
-5.691357630917046606e-01
2.276679266667605006e-01
4.721598157456359246e-01
1.632658885123455583e+00
1.616555254307952438e+00
1.068093817119459388e+00
8.935032378745759729e-01
-1.772405439552420248e-01
1.870387024516766417e+00
1.648672092006759904e+00
2.530518206276131110e-01
8.234764510821861450e-01
1.139920569668843697e+00
1.917635652801665813e-01
-8.248497813221504771e-01
-1.553288192840524218e+00
1.455068436862924308e+00
1.358234904419076017e+00
2.237610566032701698e-01
2.961871989838973818e+00
-9.733018261033024032e-01
-1.506640739824457675e+00
-2.836703485403127001e+00
-5.258606538230754524e-01
-7.391071409618001908e-01
5.874252820369356698e-01
-6.854024733987360563e-01
-7.313986327462940196e-01
1.746744617796865739e+00
1.201229455148955516e+00
-9.404064947746029191e-01
7.870595281189434189e-01
5.632914698823663358e-01
-5.596189335041543700e-01
3.965138239090837402e-02
1.104316577951609091e+00
2.347294836946458574e-01
-3.288416661052342427e+00
-1.320594250133201975e+00
2.611421753823334413e+00
-3.759700148881588433e-01
1.990709695791801792e+00
1.252248593400859811e+00
-8.618408688206180557e-01
8.157070804062431790e-01
6.463779496350987586e-01
8.776494407431423284e-01
-4.263470509479416748e-01
3.323923720153976191e-01
-2.072735436442476598e-01
-9.262925624144795478e-01
2.021620534209569442e+00
2.878658746499196397e+00
-7.648556545896170178e-01
2.101747623576788015e+00
1.564633804859497879e+00
-9.087566424047750502e-01
-2.409809282467563207e-01
-6.145887544335284502e-01
3.362914671712822212e-01
-1.115382132259326475e+00
8.226803839667802265e-01
-7.360748123095381956e-01
-1.140392129333852367e+00
4.115587189219382935e-01
-6.956938227230216043e-01
-1.369928223816059720e+00
-5.332183023442969017e-01
-1.667308871310261509e+00
-9.512776152149839959e-01
1.744665101231261062e+00
-1.358193176085271237e+00
3.985236527810567253e-01
-6.081782908925523756e-01
1.025555837649566371e+00
-8.760821555629449975e-01
-2.305170158105349643e-01
1.450891551712754080e-01
-1.468174330923318394e+00
7.264782554566551198e-01
-1.970046493222683548e+00
-1.526986349983161517e+00
-1.410352157573735443e+00
8.995932555326291435e-01
-8.619992267128449015e-01
-5.517082991625361643e-01
4.370925718183551467e-01
-2.067908781037433030e-01
2.793658739716287087e-01
1.757943639897863619e+00
-1.228212951993679081e+00
1.072654871767086959e+00
1.294542208075851519e+00
1.325199326449897796e+00
2.581494274531566546e+00
-1.316054994852144944e-02
-1.380998271877348138e+00
-3.483348392313629915e-01
-2.981239239258224760e+00
2.198696464653240312e-01
7.975424327374049938e-01
1.572386147029289916e+00
3.091241669806699122e-01
-2.553840231151114804e+00
6.402107685665558989e-01
1.299535957361699801e+00
-2.460420421021868087e+00
3.733967854514226303e-01
-1.228440495071581040e+00
-7.302586019966650355e-01
7.993868888474287004e-01
-8.908658194826104548e-01
-1.330902832546829728e-01
1.174997954123000454e-01
1.615693326141984798e-01
-1.157093823785872111e+00
2.452736386582394346e+00
-1.799593162954513659e+00
-9.824848249938211708e-01
-1.978367678549297626e+00
-5.687621900085337856e-01
-6.712474223541011753e-01
-3.293483601067412891e-01
-1.265692182178686842e+00
-1.089406552970389352e+00
-2.967912572442799046e-01
1.035659755730808484e+00
-4.197777202569963784e+00
1.434375852780771510e+00
2.079364695161013188e+00
-2.852925806110118145e-02
1.996486992780488023e+00
-1.959918081168328996e+00
-2.665195949639854067e+00
-1.940378842522470393e+00
5.690983440537609184e-01
3.728318890531747698e-01
-1.426906185895325585e+00
-8.516442922871467758e-01
2.052490912634211462e+00
-1.853866830026174917e+00
-1.513176132310761979e+00
-2.718400342629374578e-01
2.058735734374335102e+00
-3.503001502942648671e-02
-1.900761601258694089e+00
6.593474998846415858e-01
-1.583015960337959882e+00
-5.978512498858714608e-01
-1.298237050188140174e+00
-5.944849355921109080e-01
-1.501991014351901299e+00
7.076522318970326353e-01
2.101101722150477968e-01
-1.464468694361777956e+00
-1.554201299635777911e+00
-5.851105151997568754e-01
-3.524834794082021272e+00
1.591300671419304535e-02
7.118987802439686874e-01
1.261354952344506231e+00
-3.038888239824224513e-01
7.040286852012309637e-01
4.903558387448478939e-01
-6.465485370920553976e-01
6.397201026836185633e-01
1.340301056523357737e+00
1.447956471405479562e+00
-3.427944517473635599e+00
2.232679472643463114e+00
-4.278143237711497626e+00
9.918476329131298286e-01
-2.093955438760088938e+00
-3.143882733864540757e+00
2.240263662216124274e-01
-1.825582218544360202e+00
3.118655559732559368e+00
-5.198336562840486508e-01
-1.134168028386338456e+00
3.493105461827239466e-01
-8.009275174298995381e-01
7.783051647530845329e-01
7.576930099214616021e-01
2.813115820291511859e+00
-1.363199527177063608e+00
-5.489790544101733616e-01
-1.657982844916919163e+00
7.147900121824113384e-01
-2.699745988093660287e-02
-2.278653603784292603e+00
1.079129474740625483e-02
1.822935136504453268e+00
6.282748993313838071e-01
1.030337438733067046e+00
-6.513767380740898005e-02
2.843308438133926863e+00
3.435189632597124287e-01
6.076011738039159837e-01
1.522257508428311645e+00
5.389659495771095266e-01
-7.930179372208092659e-01
1.864694086352348457e+00
3.250253264552016574e-01
1.935914647339377126e+00
-2.651289334424336452e+00
4.018504748374756019e-01
-1.710106354558238007e+00
-2.344830057917224320e+00
-6.869595400509389549e-01
1.381107338541776031e+00
-3.828358162821823285e-01
3.367920916050746172e-01
5.150526370424932665e-01
1.366702494125293654e-01
3.098407625601698356e+00
1.162273521910464069e+00
2.663812343447054864e+00
1.093001761311732878e+00
2.457151130761925373e-01
-1.779020895584892958e+00
-1.827587180811187650e-01
9.438605720949899691e-01
-3.232095454800878898e+00
2.705538222052878972e+00
3.168290386109370971e+00
-1.378389446135324103e+00
-1.931310760560069895e-01
1.235572464833723849e+00
1.817026560351271414e+00
1.951500996254451614e+00
-1.443404893064448302e-01
9.273680222922910943e-01
-1.108770727636271047e+00
-1.016487103724069918e+00
-2.333756951877159480e-01
-1.040497860434420829e+00
4.576407472349188765e-01
-8.504884798409442226e-01
2.878664476202543732e+00
-1.033766062249132034e+00
9.748127660037697595e-01
-2.284160290995798981e+00
2.374870168181024255e+00
4.192793578642861618e-01
1.588747110749535452e-01
-2.185608817905185575e+00
-9.455411877404733545e-01
-1.942142960707320398e-01
1.086530367194407098e+00
-9.770680752401599278e-01
-2.017539536475113415e+00
8.508949706847666050e-01
-1.255400659585583778e+00
2.242536776576525170e+00
-2.369296750784146255e+00
1.676114976877567386e+00
-6.154356574504369348e-01
1.441349708743402402e-01
4.180517703997921330e-02
-4.848882442293422912e-02
-1.311430045781309950e+00
-1.262666011311244674e+00
-4.525005857476429583e-01
-1.928886178991983336e+00
3.537290495744306540e+00
-1.358085972172482503e+00
8.436238164773186554e-01
-1.564372508934649630e+00
6.895502528004353593e-01
7.269002425894424135e-01
8.378816603119787487e-01
-1.297189490039691417e+00
-1.347148234818652313e+00
1.355913411652835521e+00
1.685880980726121692e+00
-7.093778045190042292e-01
-1.112792284037037227e+00
-6.828132759879244063e-01
-1.746015831428220366e-01
2.143420864532757264e+00
-1.469487636933568986e+00
1.969579694597517694e+00
5.318584289423338163e-01
-5.741647844844823823e-01
-4.879333054128567326e-01
-4.733537479292966310e-01
4.312378639625826793e+00
1.671665094009677333e+00
1.246726677736917921e+00
-1.515030479466965119e+00
1.877845022962629784e+00
7.502385251881271699e-01
3.442143855895762883e-01
4.214205384606906080e-02
1.327333216580351305e+00
-2.475785539551691450e+00
-1.180629996100388546e+00
1.056551830220424648e-01
9.040118930411775722e-01
-2.512529973265004823e+00
-1.864317585316222381e+00
9.825246641930984737e-02
2.260095644720161445e+00
1.941606618340729895e+00
-2.735833738109939794e+00
1.414821377099713118e-01
-1.954171502798555338e+00
1.985057702060809781e+00
1.675696813216919878e+00
-1.567952321006584882e-01
8.995533218362741223e-01
1.453906527076008537e+00
-3.254519818976504553e-01
-7.316243642736361963e-01
-1.482692966209805618e+00
2.488663872241803077e-01
-2.122442109070272753e+00
-1.389107507016258847e+00
1.468805656023045358e+00
-2.776834465389599771e+00
-1.794146484796987906e-01
1.345938257220513634e-01
-6.454621880601214556e-01
-2.654326490369087299e+00
-8.912338787770082149e-01
1.503858165813893422e+00
-1.791025536671528862e+00
-1.667573890870604814e+00
2.728306902686552959e+00
4.909350488911261579e-01
-2.840991757961373043e+00
-1.319111122132988534e+00
2.636127286718988216e+00
-3.581447420845096374e-01
-1.367684523258497542e+00
1.903748114995549301e+00
-1.601729034020191733e-01
5.086913974284961171e-01
3.937047177296184586e-01
3.614343705836038367e-01
-3.594369912064652617e+00
5.343262258507222029e-01
2.178439804071806485e+00
-3.243226069097993047e-03
2.247249974306733122e-01
1.032280059039702991e+00
-2.741068612929960402e+00
3.308002057802994500e-02
-1.104919095333083412e+00
-1.481143155915931597e+00
-1.441805267439665528e+00
2.370971827000978749e+00
-1.936581075050272993e+00
-9.306102795855171195e-01
-2.467317344753690023e-01
4.506217965271561710e-01
2.152545943194308364e+00
-1.480207179868031631e-02
-4.449557575605211923e-02
-4.907520692261533313e-01
1.444781236419910186e+00
5.180363471725133451e-01
-1.363629560188940104e+00
7.335939798575585868e-01
1.304385671829964011e-01
-8.300340159984296307e-01
-5.831688060823037034e-02
-1.082416643801974665e+00
-1.161811017284638758e+00
1.552270757560005876e-01
1.587281447594580897e+00
6.603209374040996948e-01
3.684120110224133882e+00
-2.740623722640727067e-01
6.147537488003180783e-01
-1.176661995719778808e+00
-6.663789536645392531e-01
4.357397793491744054e-01
-5.952768339367491279e-01
-3.439451977025873575e-01
1.617747997430281970e+00
1.461014834651106042e+00
1.985531148715903527e+00
6.948818688977063118e-01
3.019211306547262552e-01
-8.451404271467746199e-01
3.850603112969714914e-01
1.072093800906558592e+00
2.169706548451724615e+00
1.242261098563255395e+00
-7.584934977916590881e-01
-3.528355687885439629e+00
1.183662306966423827e+00
8.020329013581184441e-01
1.001489021809470970e+00
-1.449717244699586516e-01
7.181541119917467242e-01
3.730430842989544971e-01
7.756230985571814784e-01
1.419440281264772175e+00
3.852420797528930407e-01
1.517086674474546371e+00
-6.686245909807393417e-01
7.104904750292337923e-01
7.281066221950114326e-01
2.214638088821949680e-01
-5.280162615518078084e-01
1.549654215858289774e+00
-1.997795155982462489e-01
2.223573934535032492e+00
-9.987394627875456621e-01
7.732103309789062351e-01
2.555914289955378393e+00
2.651343051109922300e-01
-7.606946358318023016e-02
1.315265184095373741e+00
-1.601631780093326629e+00
2.080591023404844364e+00
2.983326713147391729e-01
2.207601763914011528e+00
-5.562246583320362703e-02
1.739942005298037664e+00
7.753972422836934442e-01
1.926753021759187945e+00
1.841049346487970695e-01
2.129035024908204399e+00
-1.476923540849039540e+00
-1.849343134861362259e+00
7.680327318385842261e-01
4.093253177774833773e-01
-1.287946342609687989e+00
-1.815796724986331601e+00
-1.314244446271063183e+00
-2.343273185463523589e-02
-1.217773185304166006e+00
-3.059466070631469137e-01
-6.460055759667913122e-01
6.136404845328202740e-01
1.239846322287883496e+00
1.220900264527938539e+00
1.428192616038836960e+00
1.402419545119433231e+00
4.228441097236279589e-01
-1.480696337833311560e-01
-2.190568853701493346e+00
1.017231250280588029e+00
1.758076719224195728e+00
4.423266048259772987e-01
-5.833403224519893016e-01
2.519828161598747229e+00
-4.880255859416831044e-01
-8.565257435270465791e-01
2.264735159729198699e+00
-5.609569235742997151e-01
7.905919222860946505e-01
1.559098706935625245e+00
1.943985071304533463e+00
-9.725412715716466039e-01
-3.893122067938655118e+00
-1.261791356813378506e+00
7.752628155967808965e-01
1.952892026388365565e+00
8.493306028892710913e-02
4.060157234622252531e-01
-1.720049484180088406e+00
7.569338631082969115e-01
1.401214540536468434e+00
1.518155782714416091e+00
1.112189389494630198e+00
-1.500237123910343584e+00
-8.890802736718637078e-01
8.116582035304089615e-01
5.207659150470069775e-01
-2.398725289781566961e+00
-4.436708984070589779e-01
-1.785783828045225619e+00
4.955027358990085062e-01
-1.987986396076957263e-01
-1.108261270783955865e+00
-9.001880670600082013e-01
-1.448579611827857327e+00
1.592817494235049480e+00
2.908576912319507102e-01
-2.030934019076268804e+00
-6.374616314001890771e-01
1.242771961904165501e+00
8.015762305138611765e-01
-1.865035735024015651e+00
-2.624367945934449775e+00
-2.503928304024318763e+00
-1.167298246913831328e+00
9.662831471992481269e-01
-3.142894566829493197e+00
1.794273793832894981e+00
1.409730569990551352e+00
-3.468514608359827278e-01
2.015428369861930413e+00
2.171230957497815695e+00
-2.747224493885327412e+00
1.875910197506689414e+00
-1.245490911942361834e+00
-1.454272207774183201e+00
1.863023470541357085e+00
4.197438240105686447e-01
2.938627689416577482e-01
1.990526834861872096e+00
5.442165153371512076e-01
2.194505974886481248e+00
-1.931961694640517813e+00
3.958336183047013179e-01
1.113269475764884220e-01
6.997749002693804954e-01
-1.244853926172206915e+00
8.043483300508569300e-01
-6.159547327994170374e-01
-8.491504074596321061e-01
-2.441063484043790144e+00
-1.245898081680778979e+00
1.685500068937448859e-01
-2.768934701381124519e+00
4.386612776736242836e-02
6.640385723562118869e-01
2.672101879869998697e+00
9.472279909215375326e-01
-6.930475346257525260e-01
-5.367711019821719276e-01
6.443854134923654442e-01
-3.489189417170789120e+00
2.882775288439604289e+00
1.723310449886641393e+00
1.603934321406965680e-01
1.047916476150686726e+00
-7.555841924423791767e-01
9.894815600645401332e-02
1.501846039600316374e-01
5.520368892906803993e-01
-1.255932212655652691e-01
-7.581795904983135159e-01
-3.672931888151031998e-01
-6.463135345961124045e-02
8.904603648672164695e-01
1.320358761402784964e+00
-1.435123746405240652e+00
1.028017786230241981e-01
8.939374384196652201e-01
-1.753321654911111693e+00
-2.439389689799984495e-01
1.286293689129012208e+00
3.126916879867664534e+00
-3.116190916206562633e-02
-2.619487874366335234e-01
3.207011430027730370e+00
-1.491121866320100686e+00
1.789408565449527089e+00
-1.348908629966587114e+00
7.833378772971553161e-01
1.724636511397886096e+00
-3.193357312608225307e+00
-3.500969688715412254e+00
-2.598441926864439644e+00
9.407932827997775860e-01
-3.562954758582943526e-01
-1.229986738095329546e+00
-8.911065228818735307e-01
-9.155999215646737355e-02
-2.921678779553637639e+00
3.473836381253120109e+00
-1.225298541067294522e+00
-1.437264819856809428e+00
-1.965979268458040163e+00
-1.059506389888229982e+00
7.121793648549115119e-01
1.642363026710137675e+00
-3.778752103152163144e-01
1.944478913756146454e+00
-1.109437880607928140e+00
-1.137782688742846382e+00
1.577110052864753698e+00
3.242038302913279324e-01
-1.054913039752603421e+00
-5.811127708180627849e-01
-3.274487137475826870e+00
-1.101691602526234881e+00
6.625996587142202188e-01
9.780412906900721737e-01
2.207317327431692178e+00
1.312415091359246055e+00
-1.305505293217859908e+00
1.264938124182741319e+00
-1.766672418215430085e+00
1.958427657895180474e+00
-1.142390996654593316e+00
-1.140416055053532496e+00
-2.093122186511144900e+00
1.997933487399585317e+00
3.484238235448287924e+00
1.810307874083596502e-01
-7.175897992244513190e-01
-7.144411208228031995e-01
-7.599356931028289353e-02
-1.251796944237524301e-01
-8.787757145196053443e-01
2.134927732497650332e+00
6.866471124981128327e-01
1.908973083661287262e-01
5.350994419148662473e-01
-1.849498475356672333e+00
2.708264525121042432e+00
-2.159264682343202679e+00
2.436470296933912039e+00
-7.442219161274392647e-01
1.366245482443475545e+00
2.467100784061154073e+00
-2.455092976057375864e-01
1.558283217305279855e+00
-1.780687639871014305e+00
1.715959798601540243e+00
-9.620443474317701416e-01
-4.134266725294146738e-01
7.887920868871409752e-01
-2.539240673196105913e+00
1.348734631147074481e+00
7.030740922962772643e-01
4.693773289314515651e-01
-2.021886095222067858e+00
-8.795718598663277987e-01
3.183267285195139351e-01
-2.359970682665592179e+00
1.632371299084688587e+00
6.604355813067028791e-01
3.127284050996976816e-01
1.677137826456679193e+00
2.615301354171030823e+00
-1.546845156984211211e+00
-1.737144187150345687e-01
-1.297352388415164981e-01
5.762006227336478048e-01
-2.227973361460392709e+00
-8.185840068059029306e-01
-9.228449597241326074e-01
-9.449171308069539421e-01
-2.014276144553710512e+00
-1.944076352258354401e+00
-1.950090474805303842e-01
5.187701707739398316e-01
7.139439071934798875e-01
5.729718271971639965e-01
7.752541297463046988e-01
-3.581776836225969429e+00
-8.814451581372937383e-01
1.833849169789209199e+00
-3.458033026110749475e-01
1.730845004923455832e-01
-1.628472998480252620e+00
2.169668727259452368e+00
-9.625961778003366831e-01
1.267201136626574964e+00
8.532303771189830854e-01
8.382795273023537774e-01
-1.486417792309564501e+00
-3.163171475095891694e-01
-1.149965858157986354e+00
-4.839249750251406468e-01
2.177946547720738479e+00
3.346079490708103066e+00
-9.817310546881481415e-01
-1.438803627941451335e+00
-1.493815592114975388e-01
-1.695526864086946972e-01
-2.117312927402643652e-01
-9.900014552203497686e-01
-8.162322425244621371e-01
1.926337648726017093e+00
-1.737367547768320364e+00
-9.644336661856058868e-01
9.759760341385099736e-01
-1.959442133398814345e+00
-2.422850194140686586e+00
-4.339579148590839708e-01
3.213761114331141755e-01
-3.134118654578379015e+00
-9.922448884345822506e-01
4.882869772545994635e-02
-5.744580889678454483e-01
5.294234007922895557e-01
1.254223346509143688e+00
-1.731340113647675150e+00
1.997090053133099730e+00
6.831485143802060733e-01
-1.617048719757718800e-02
-9.148500861757202784e-01
9.067434616072524989e-01
2.141146502639047711e+00
1.052873839062384853e+00
1.115108736969229852e+00
-1.130563593944508227e+00
-2.022301446539419345e+00
1.903718751295460088e+00
-4.139975040443015786e-01
-6.939926313362718702e-01
-1.091030122487874010e+00
-3.614785929188979452e-02
2.346886893093707016e-01
-8.714544761299460873e-01
6.930284462799924938e-01
1.645331108997458713e+00
4.133570252340232898e-01
1.353959746937347219e+00
7.122652755263896296e-01
7.970675557409210299e-01
1.252035912324567235e+00
-3.968014559658250562e-02
-7.866878159415575666e-01
-2.443210598389629062e+00
6.400133481283267756e-01
1.041802639296367516e+00
1.349617554735274894e+00
1.280379073528409073e+00
2.282342259528209460e+00
-8.346232177894448157e-01
6.271694342148679269e-01
-7.053488727993997287e-01
-1.634843829863401599e+00
-6.271992127380086046e-01
-2.309805147843526640e-01
-1.328204045033381409e+00
1.941752493168179328e+00
-1.060359165698463446e+00
-2.575594540927514942e+00
9.782359191398590781e-01
3.527215033779373954e-01
-2.871578754254539234e+00
-2.356497433708240052e-01
5.505906565745730674e-01
1.004605059428493874e+00
-3.319172113416328784e-01
5.372220160834073610e-01
-1.033378211859168339e+00
-8.394368331127211036e-01
-9.193958530460601963e-01
-6.491612557079333712e-01
-2.482689531866522081e+00
3.922843387408248006e-01
-1.040234843667379394e+00
1.975759149343182308e+00
-1.340930615308789875e+00
-2.517543644103357181e-01
7.885454132407820893e-01
2.409789028678996914e+00
-2.452500641923117897e+00
-6.463122280433690747e-01
1.228962113520788435e+00
-1.791170869683158529e-01
2.452274856960965366e-01
-1.502167456809522239e+00
5.800200365544387893e-01
1.152156260251926412e+00
5.624977353851914330e-01
2.860444307107212758e+00
-2.585449372080011798e+00
3.893829547270044600e-02
-2.461180160802708627e+00
2.148706176185914529e+00
2.496117810857059638e+00
-2.877660815800782146e-01
3.030475088529271943e-03
-1.497482087177335330e+00
2.362110271671518547e+00
-6.066376704033977774e-01
-3.316153071450678169e-02
-6.296252195424383302e-01
-3.593154902137385420e-02
-2.398547415024059326e+00
6.672779400786126303e-01
-1.092271192098339672e+00
-3.189980572849493434e+00
-9.191247157979303140e-01
1.096665575398726666e+00
-4.275547531915764310e-01
-6.087122662839234977e-01
2.905439840800330131e-01
2.119067578062594492e-02
9.766601966845662730e-01
8.301851857107500621e-01
1.867037459816186740e+00
-8.179837008712551594e-01
-1.993351953623805350e+00
8.089010522150354987e-01
-6.300467557903779436e-01
9.822570250729123487e-01
-2.259290280644732363e-01
2.041861755613395779e+00
-1.529801925925976747e+00
-3.195039995050982906e+00
-1.159063130273507713e+00
-1.475032206799689938e+00
-2.515137799904324289e+00
-1.948652401623984787e-02
-9.724925817011680351e-01
1.107843328456793230e+00
1.222372201391056734e+00
4.699367013677235860e-01
-2.347312507296165585e+00
-1.879644321224915871e-02
-9.952938479213226941e-01
2.937732196160336429e-01
3.422832409300777812e-01
-7.112454071985006010e-01
-1.450675463344018645e+00
5.766208666290051355e-02
1.115976994811616052e-01
-9.571681154660378610e-01
1.436457697823273705e+00
-8.718335287462233296e-01
5.321043156438145516e-01
1.697632184881401329e-01
1.348413144470544722e+00
4.351850171548674595e-01
1.928015299609588062e+00
-9.834554708552500912e-01
-4.578745451649055553e-01
-6.384858693339010571e-01
8.399932019664628768e-01
-1.211042955231734108e+00
-9.608556083205410658e-01
-2.063396012412033187e-01
-3.155953623664675689e-02
-1.254075926816788922e-02
-1.160360234513167832e+00
1.865002157183075937e+00
-5.054893993930340557e-01
1.111594281252616945e+00
1.206706990794790713e+00
-5.171127307991154609e-01
8.106913733900436014e-01
-3.054335002637642127e+00
-2.270571023057271098e+00
-1.356087499283153974e-01
-2.269063269183562159e+00
-1.445939064807625130e+00
-5.739166977285075077e-01
1.273919434402036366e+00
1.196201304823558687e+00
1.303754016544756311e+00
