1.459000000000000000e+03
2.132000000000000000e+03
2.434000000000000000e+03
1.857000000000000000e+03
2.032000000000000000e+03
1.298000000000000000e+03
1.840000000000000000e+03
1.377000000000000000e+03
1.160000000000000000e+03
2.582000000000000000e+03
1.363000000000000000e+03
1.734000000000000000e+03
2.472000000000000000e+03
2.350000000000000000e+03
2.310000000000000000e+03
2.581000000000000000e+03
7.720000000000000000e+02
1.550000000000000000e+03
1.889000000000000000e+03
1.688000000000000000e+03
1.565000000000000000e+03
2.408000000000000000e+03
2.189000000000000000e+03
2.372000000000000000e+03
2.599000000000000000e+03
2.285000000000000000e+03
2.609000000000000000e+03
2.761000000000000000e+03
2.656000000000000000e+03
2.674000000000000000e+03
1.959000000000000000e+03
2.640000000000000000e+03
2.784000000000000000e+03
2.754000000000000000e+03
2.769000000000000000e+03
2.836000000000000000e+03
2.497000000000000000e+03
2.652000000000000000e+03
2.633000000000000000e+03
2.814000000000000000e+03
2.809000000000000000e+03
2.626000000000000000e+03
8.650000000000000000e+02
2.813000000000000000e+03
2.806000000000000000e+03
2.660000000000000000e+03
2.909000000000000000e+03
2.813000000000000000e+03
7.740000000000000000e+02
2.608000000000000000e+03
2.844000000000000000e+03
2.622000000000000000e+03
2.592000000000000000e+03
2.602000000000000000e+03
2.682000000000000000e+03
2.552000000000000000e+03
2.486000000000000000e+03
2.431000000000000000e+03
2.909000000000000000e+03
2.657000000000000000e+03
2.909000000000000000e+03
2.909000000000000000e+03
2.431000000000000000e+03
1.032000000000000000e+03
2.909000000000000000e+03
2.527000000000000000e+03
2.909000000000000000e+03
2.585000000000000000e+03
2.900000000000000000e+03
2.364000000000000000e+03
2.500000000000000000e+03
2.133000000000000000e+03
2.804000000000000000e+03
2.889000000000000000e+03
2.496000000000000000e+03
2.610000000000000000e+03
1.403000000000000000e+03
2.714000000000000000e+03
2.602000000000000000e+03
2.648000000000000000e+03
2.718000000000000000e+03
2.520000000000000000e+03
2.863000000000000000e+03
2.260000000000000000e+03
2.704000000000000000e+03
2.909000000000000000e+03
4.450000000000000000e+02
2.780000000000000000e+03
2.224000000000000000e+03
2.833000000000000000e+03
2.810000000000000000e+03
2.774000000000000000e+03
2.909000000000000000e+03
2.548000000000000000e+03
2.489000000000000000e+03
2.768000000000000000e+03
2.623000000000000000e+03
2.832000000000000000e+03
2.748000000000000000e+03
2.657000000000000000e+03
