-3.767431261028990619e-01
-6.550848373945239445e-02
6.212737445918259382e-01
-3.405637879590432959e-01
5.191589978961150820e-01
-1.992326191141273739e-01
-1.425019267138791790e-01
-6.825982924135418628e-01
4.909035662456364690e-01
2.096368842189342274e-01
-1.464541991233190288e-01
-5.232170201828516554e-01
3.486925317912579203e-01
9.264987219430409482e-02
-3.325660494437787662e-01
3.669557919093513476e-01
-2.986262899664486881e-01
-3.117911232956700474e-01
4.946978796536951606e-01
4.652728940403694224e-01
-3.527496707922832542e-01
1.264894610883349202e-01
1.944692410801529547e-03
4.979810406576259396e-01
-3.176128218403926340e-01
-3.983074886187623065e-01
-5.330766280700185433e-01
2.910969823199982542e-01
1.754384522683967162e-01
-4.348244627122479500e-01
6.340748573057197746e-01
1.749595718170873226e-01
-1.613798897788329967e-01
-6.372161769965014599e-01
3.522818391794322324e-01
-7.447444573451713623e-01
-9.502059161881604155e-02
4.201319374564258524e-01
2.736240126337090572e-01
3.325129554390935382e-01
-3.407476452504401010e-01
-1.750860297595293602e-01
-2.648078158090196865e-01
2.573885518142091655e-01
-4.162654026839902599e-01
1.008063321538852364e-01
8.204066486470100728e-01
1.596892317179099408e-01
6.083406700216684726e-01
-3.691950938457182474e-01
4.259565049484113075e-01
6.070486864985289444e-01
2.511548811248962565e-01
2.809654227345710353e-01
5.865883695530982322e-02
1.560357523566757720e-03
-6.050297641154083195e-01
-1.261640930617602407e-02
4.460993405007975809e-01
-2.637717830726504786e-02
3.097435726087276464e-01
4.333827022037297638e-01
-5.514758479976897831e-01
1.619969487155072940e-01
-2.151165073130991701e-01
-2.946717276627488502e-01
-2.617358227468802312e-02
-1.117139862485370116e-01
2.551748100802093688e-01
4.494883532911337909e-01
3.553588289117897148e-01
-3.350013664815678638e-01
3.437573128625945884e-01
-5.222939846331797753e-02
-6.237586755999924293e-02
2.818963904997504599e-01
1.236798680714326082e-01
3.715907825786359808e-01
-3.051137093340852147e-01
2.447397167337062029e-01
-6.107878047559278656e-02
6.007853734717993888e-02
-1.188276271803365702e-01
-7.079434071835324360e-01
8.063997129789015617e-01
-1.636271267290672071e-01
5.167882296979087187e-02
2.449282911918784222e-01
2.856657734700611684e-01
-5.212336190535538094e-01
-2.176220966189399419e-01
-4.165016354418842326e-01
-1.896425773797005832e-01
-4.606415240587189430e-01
3.149352040238584394e-01
-6.295836246525619018e-01
5.263932181874881877e-01
4.601638867763977458e-01
-1.569806470145902466e-01
-6.305464007935626114e-01
6.149780150363381992e-01
3.937810539546093835e-01
2.637579102803844222e-02
5.553677825567451265e-01
3.500351465262010464e-01
1.586910957805809375e-01
-6.600002625412564328e-01
-4.296631780799433642e-01
-2.717073861239276411e-01
-4.713124803400878804e-01
-2.337275101804490163e-01
4.589164787059250017e-01
-6.441835782472251637e-01
-1.993015062635059564e-01
-4.797817439946925333e-01
-5.346367699487490910e-01
1.452681948148715207e-02
6.269835452291641076e-01
1.572588887356545229e-01
1.156283700377027657e-01
-3.468154121716597871e-01
4.248463080143594084e-01
-2.802846626614368120e-01
-5.532234919176364230e-01
6.176552818922704802e-01
-4.119897120034323734e-01
-8.722943892323264947e-02
1.483759479731343589e-01
-5.809499313911992147e-01
4.492522437978436756e-01
-3.284197320113833030e-01
-7.144015778194070521e-01
-3.652992726595840622e-01
-3.381230332714961762e-01
3.331737228435969200e-01
-8.270439604911405951e-02
4.331960023627399181e-01
-4.842693909389801377e-01
-3.271822259767027674e-01
-6.831063498438254555e-01
-5.959412134896195923e-01
5.071546026539852647e-01
6.179999499014998676e-01
4.232144117967973074e-01
-3.538870778223088820e-01
-2.170258009051941883e-01
-5.891890176694039027e-01
5.346233337724912715e-01
7.451481567524584904e-01
4.819531966784413868e-01
-7.296187777115825668e-03
7.335928464235657032e-01
-5.146662933477346158e-01
5.253031684366167298e-01
5.332228137039489724e-01
-3.156338116614767486e-01
3.945086602222822592e-01
2.178678688618784776e-02
-2.963236711867791584e-01
6.125277078334256942e-02
2.981539558905987874e-01
3.614725162778897882e-01
4.445996921860748685e-01
1.389635792782550894e-01
5.054188235299150733e-02
-3.432914767968506808e-01
7.456519845666065294e-01
3.787293333392494077e-01
1.474820027531027478e-01
-6.698540950409501704e-01
5.804618269285821697e-02
7.122318567239362963e-01
-2.333301572651507172e-01
5.499836196031644420e-01
-4.361562333627304611e-01
6.537446764281442668e-01
1.502915514766689498e-01
1.378743542966098801e-02
5.112911898051049064e-01
-1.645790003610123620e-01
-3.543423718333400529e-01
5.673941167301688182e-02
-7.049382378378936664e-01
2.713552923463975475e-01
5.697271301370188112e-01
1.416308899890275086e-01
-2.019601230516672175e-01
5.891073722270689927e-02
-5.604087340950609786e-01
6.543694598110940674e-01
-2.710277975111754500e-01
-6.518309574973475407e-01
3.923997849176519281e-02
-5.687518732140475208e-01
3.096683847117169819e-01
-2.649387590900840195e-01
5.179262967257081129e-01
1.214794029758152760e-01
2.541010827797309801e-01
-3.256140994396803379e-01
5.018579505087714665e-01
-3.685049690852579829e-01
-7.033548345093620924e-01
-3.985799918410748433e-02
2.490534874790117925e-02
1.338800376180433460e-01
-2.523002491501902256e-01
2.702531756163164545e-01
-5.573924926881748121e-01
5.804185014844058799e-01
3.073578949821031969e-01
6.884585197616353014e-01
1.072891438834826516e-01
-2.566575714028296318e-03
-1.716931244242640986e-01
3.478149162068708833e-01
-7.176877256757920875e-01
3.518613449946128569e-01
3.907935591007394294e-01
-9.648001028502228849e-02
2.017360756912820463e-01
-3.984084005395365224e-01
1.734646458535813451e-01
2.780184921077406557e-01
-3.700847976109553628e-01
2.255234243459280918e-01
-8.716395171107205186e-02
-4.430292731224128033e-02
7.386704091842188902e-01
-6.793934965279380123e-02
-4.231275798403011379e-02
3.152727010770206562e-01
3.366918037648947148e-01
-1.549469094142263970e-02
1.941555109521928557e-01
2.411554320245290484e-01
5.523885603124458754e-01
-5.775688420908178244e-01
-1.660375145410695197e-01
-5.441170121086216227e-01
-4.062316404103185619e-01
4.353415914682159382e-01
8.218145666374523373e-01
-6.713145117685499486e-01
-1.357720402116013858e-01
-3.513328086952167695e-01
2.265886359158688634e-01
1.029132953511737725e-01
1.537097912541547373e-01
-4.710084934011353752e-01
1.335939578202030020e-01
-7.704456024569168449e-01
2.784493556342004794e-01
3.512492238103597231e-01
-3.431632782677800364e-01
-1.913872972567816078e-01
2.599700702179408296e-02
2.702056334033686724e-01
4.741301522575147587e-01
-2.135673499252721541e-01
1.827882761811885359e-01
4.278579265761583983e-01
-2.074457559434677023e-01
-7.040534336598254228e-01
-4.885705709316399137e-01
-5.141732050217848737e-01
3.087472288118240371e-01
-7.922072890073934559e-01
-8.050923419452971075e-02
4.547067083426750145e-01
-3.446168326372607282e-01
1.436652346820768145e-01
3.290930552188067182e-01
-7.594257774302555219e-01
-4.512441576016428257e-01
-5.081951895049545698e-01
7.909291446104660395e-02
2.842425599867226538e-01
-1.616091323406019242e-01
-5.415987629801737313e-01
6.247559271744833609e-01
2.424981164740440676e-01
6.542899218443505305e-01
7.406195003854509906e-01
-5.107254890612145104e-01
-3.905520479617141660e-02
-5.872532163434849295e-01
1.417254142533845851e-01
-4.610827492064846211e-01
1.283124893515266152e-01
3.542637960673324926e-01
5.842404052091207944e-01
2.450062064267610751e-01
4.291994372259058110e-01
7.609949917986522649e-01
-5.396028439944382527e-01
5.974699997878651914e-01
1.734317411210213322e-01
1.219101945653751073e-01
-5.118788970967269591e-02
4.766131804561410945e-01
2.443949050141727142e-01
5.700004684073656236e-01
-7.409826214810388834e-01
-3.197986835373320957e-01
-3.611156535828152769e-01
1.689516722144350780e-01
5.527202583883745746e-01
-5.414136076761408845e-01
4.685420407968718948e-01
4.158257302918819676e-01
8.777288691588935876e-02
-1.107969422028354245e-01
-2.168809490733050183e-01
4.534967766396222899e-01
-7.720131157249756626e-01
-2.203603755425556088e-01
3.188352231828783800e-01
7.542577214564092358e-01
-4.100894473641671922e-01
1.923220982396838252e-01
8.529579998502789806e-03
3.398145490170012550e-02
1.440787687980868981e-01
5.980226156837176177e-01
-3.116557628633866983e-01
9.703448609369580424e-02
-3.467381853976476691e-01
-6.746533730693506925e-01
-4.149648287314668949e-01
-6.018663940317123817e-01
2.878244798244713465e-01
-3.814144414036491071e-03
5.564849033301753067e-01
-3.995592033374331109e-01
-2.033225697066356474e-01
6.901409890892100663e-01
5.102375962563314715e-01
-1.168305285570685470e-01
-5.415955824557716625e-01
-3.594168111997309012e-02
3.310102584381269253e-02
-2.022082693071087789e-01
-4.883081287994111008e-01
-1.840019223992168662e-01
-2.774653499381338762e-01
-1.165050740829585152e-01
-7.439081734287240621e-01
1.437562907661504852e-01
-5.427798764761080363e-01
-4.119114844777742590e-01
-2.345757340851806205e-01
-1.455129409935294049e-01
-7.534071902391081821e-01
1.075264478813053870e-02
4.069542465277731225e-01
1.846168365223057606e-01
-6.780842636848820604e-01
-2.433225947047095161e-01
3.340211589778050438e-01
1.710602471228739319e-02
5.363316881364035282e-01
-2.589851318792586454e-01
-1.959275074186095367e-02
-6.516498189020669685e-02
1.232605628560534683e-01
-2.767978494234411002e-01
-7.936635066836785768e-01
1.136897961009406544e-01
4.183048724132092389e-01
-1.623441269629273265e-01
-3.741772337297080142e-01
6.294517315517822453e-01
-6.657440140459822686e-01
-2.384325886538274375e-02
1.309840499461945029e-02
7.183534703529872445e-01
-5.728046381238662832e-01
-1.293069393094050668e-01
6.651797571390893893e-03
-3.618227966339206958e-01
-4.012136447195899791e-01
2.079141878431611801e-01
-5.614862333345449485e-02
-3.969957883604608995e-01
2.564335303016367362e-01
5.518320239625582602e-01
-1.787552633494673415e-01
2.108173629982541541e-01
-8.039624453077820476e-02
-4.941477557404141407e-01
1.889531484863233857e-01
-6.850482982594865433e-01
4.616248099841975261e-01
-1.323370268795107663e-01
-4.810402583747741545e-02
6.323089200410336730e-02
4.504921166665898369e-02
-2.488667398391788410e-01
4.702526812512077825e-01
8.113880933167862963e-01
-7.853117981778634515e-01
-5.144159765966556108e-01
1.528487132467946097e-01
1.597422580662302138e-01
5.930406205411618004e-01
3.233556577403540189e-03
6.803930620584841549e-01
2.702819074057103421e-01
2.372060695660804797e-01
5.255679614575168301e-01
6.246670079405109988e-01
-1.229458200247188771e-01
-6.756656500092859119e-01
-3.383656759946163106e-02
2.387132103222100454e-02
1.144059976732192396e-01
4.858123562144367469e-01
-3.984762756260451511e-02
8.120442477460221298e-01
-5.285326214131682576e-01
1.006447371085972264e-01
6.764845121872227196e-01
-1.374942688900837595e-02
-6.254161380493670208e-01
-7.955345157040225601e-01
-6.843837939194807873e-01
-1.728376286549879737e-01
1.879663506740207879e-01
-4.115190272384836589e-01
-3.954954319236945182e-01
-4.841215821866580171e-01
-4.794284856454318344e-01
2.662789701844303636e-01
-7.006461711080849142e-01
2.537203670658918497e-01
-1.288082883560264236e-01
-6.225085614245227106e-01
2.628642696786540611e-01
3.823882351666210155e-01
6.779069748960075970e-02
-5.368742672408401972e-01
-4.167949056519981710e-01
-3.082336580712388141e-01
-2.335485567385493511e-01
-5.122344995409626733e-01
-1.551081760788761699e-01
7.383948837623641737e-01
-1.403530203801759413e-01
-1.718194586050110217e-01
-8.159592085220790381e-02
-6.460276976506680313e-01
-7.821962822319683539e-02
-6.886009746243004770e-02
3.461452628022350098e-01
-1.996616370105801508e-01
-6.706769277528401574e-02
7.248620496951669878e-01
-4.820172300247973496e-01
3.206604672921278265e-01
-5.671440049557467944e-01
1.902771405889485123e-01
-9.011543611237904372e-02
6.423772946628414360e-02
-4.701197867522211027e-03
1.750164591557172855e-01
-5.367901352902784140e-01
-5.573662199899809266e-01
2.310037733931169512e-01
-7.945905337363425858e-01
4.104473327746216427e-02
4.566459108674303380e-01
-3.933806315623931127e-01
2.383211878654236671e-01
5.280380960237627264e-01
-3.692236671710178442e-01
2.108500737361218569e-01
-6.597614534321865065e-01
2.173318999791460371e-01
-4.024487077209641939e-01
9.930778698234377089e-02
-1.803188331608129857e-02
-7.154369355061982461e-01
4.738146939345142528e-01
-6.640790106166472029e-01
-3.921817082978948932e-01
-5.943371636440275552e-02
-1.534177752630672131e-02
6.631602164326011462e-03
5.775732142971437000e-01
-1.859505374599388361e-01
-3.754776526797662939e-01
1.787656226630609524e-01
6.010502020835417625e-02
-1.902066623187046446e-01
4.600517764676768095e-01
3.805580124090024441e-02
2.148822977085771413e-01
2.533647130051441820e-02
5.717195363876701464e-01
5.153764996965604084e-01
6.637735262103428013e-01
4.258901872855851423e-01
6.064844980756989301e-01
8.098986972962762820e-02
4.676579217556495749e-01
-7.131397153659797539e-01
3.228454994445764115e-01
-8.452887702944522630e-02
-1.203724943733730512e-01
1.386728925738900386e-02
3.080007798907846706e-01
7.527353319596752357e-02
3.711847070826834738e-03
-6.314179296049697854e-01
5.352921379545740876e-01
8.370411027254665015e-02
6.089199310761914674e-01
-6.206598886260312753e-01
-1.037702827355371227e-01
-1.073875069384353509e-01
3.420114366874926759e-02
-3.732231100263394552e-02
-2.954298150997747285e-02
2.675596939212940839e-01
2.011980622341056346e-01
5.816954680018238122e-01
1.785020750666870271e-01
-4.270304217357647758e-01
5.245704306444238796e-01
-4.883112127740547592e-01
2.705180308916510512e-01
4.113300414634943891e-01
1.045785451718215242e-01
-1.338136898737660729e-01
3.912844908452939308e-02
5.631516153978921579e-01
-3.524212919749469819e-02
7.830994761133167614e-01
-4.525588814830641127e-01
-3.612519199376906798e-01
-5.263262552111216408e-01
4.066230614267301036e-01
-5.032142301396103079e-02
-6.144714177818855205e-02
6.065387930558552299e-01
-2.734200680930793936e-01
-1.766874476319681975e-01
-1.371624124934411881e-01
-2.322378959837392287e-01
2.890090449504487680e-01
6.787777711020170912e-01
-2.208311282453285784e-01
2.153719755929373036e-01
1.970807412922068735e-01
4.669562831977991380e-01
-2.465494455436711974e-02
3.478261239850759523e-01
2.647336730887550615e-01
-3.182470485911910174e-01
3.519219200959922134e-01
-7.277482312658722918e-02
3.413944308912757464e-01
1.586564425986578541e-01
7.285277779447332236e-01
6.154422670023951270e-02
-9.454709440806485787e-02
4.746392516353301616e-01
-1.723986814779534527e-01
4.797798542258391308e-02
-3.839814724457992767e-01
1.304764791250221379e-01
6.776535622395858383e-01
5.575984560034905613e-01
-1.770490553782346765e-01
-6.012862837814951789e-01
-5.746364523177218686e-01
-3.151035310263639033e-01
4.772009425958785300e-01
-7.931809395082183300e-01
-8.189867273128168534e-01
2.743459478513896599e-01
5.247171705381470375e-01
5.107160629943603425e-01
-7.486147278331731769e-01
-3.426393219551657765e-01
-5.059432875612293046e-01
-9.279608668514693903e-02
-1.216130825135612881e-01
2.824429455921864118e-01
-3.508052304237621044e-01
6.022863771863509186e-01
3.554261549511048557e-01
7.480258075166545950e-01
2.064825045550104932e-01
-5.342493616387136157e-01
-5.444378572421886275e-01
-3.911021118593627222e-02
7.862218921816559458e-01
1.726905228017558969e-01
7.096994106911234113e-01
5.761839184940971137e-01
6.806032598554097035e-01
2.886478255193978271e-01
3.167915446009104130e-01
1.794385593641001364e-01
-3.222739162839989291e-01
1.493865164137755386e-01
4.046879051920759807e-01
7.071824656180485391e-01
3.981700419280089775e-01
3.120348265509189645e-01
-2.748923599696873055e-02
-7.413438146164175180e-02
-2.203533207622800916e-01
5.899365614176410588e-02
-4.460115231860957152e-01
-1.506992034525991286e-01
-1.988302839693645296e-03
6.311870330564772757e-01
-3.712145594046596386e-01
2.879425019795647245e-01
-3.920584534141866584e-01
-5.205623528486444940e-01
-3.704172497170210576e-01
-6.150162182632010754e-01
-5.291283479106727583e-01
6.098601278979813856e-01
6.886804407820754648e-01
1.195751999703578150e-01
1.920584963821356794e-01
-1.090633067068615958e-01
-3.754199694411042287e-03
-3.884362875269484761e-01
-4.244565124044710203e-01
4.153351725899101510e-01
3.120674561759750887e-01
5.215914134624677345e-01
-1.183623671075260120e-01
2.534264938189032534e-01
-3.688284600094888788e-01
-3.784519486408752798e-01
3.440302916300810310e-01
-1.665793826595383109e-01
7.759612467975625094e-01
5.598933755244974719e-01
-3.452344755315754909e-01
-2.931722498977604729e-01
-5.864953637529772834e-01
-8.657678347823605236e-02
8.028057654568190316e-01
4.548511645619441879e-01
1.009888072773836853e-01
-7.542295544298571741e-02
-7.954222991434427570e-01
4.425047203284284691e-01
-5.157123963140186618e-02
9.466368071516573224e-02
2.469488804497821377e-02
-6.679312188184960419e-01
-2.170751924083855755e-01
-2.195906374623071144e-01
-2.301083189040742383e-02
-4.479794371696792510e-01
5.947427710085753105e-01
6.112287700316532124e-01
-9.975367123338418907e-02
-6.578318062415187129e-01
2.406053931210294650e-02
-3.862056550159040924e-01
-7.076056540304307418e-01
1.489318876366585442e-02
-6.004576799055580949e-01
7.222581510849579445e-02
-4.073200103699115004e-02
-1.028931560205190721e-01
2.433233946020516569e-01
5.958989778187859798e-01
1.577481283353545649e-01
5.247457772933437070e-01
6.794673003511499942e-01
6.738203563428584175e-01
-9.998839925417968288e-02
6.201889217997607062e-01
1.714242720820990940e-03
-2.511183644599839226e-01
3.711577503007612577e-01
2.378432281704334628e-02
-6.353916030880117916e-01
-8.179276807289834750e-01
-5.550737075700284961e-01
2.430855200720749565e-01
-3.175666489420789773e-01
2.124608524555000599e-01
7.470869948744773836e-02
1.621885638105791116e-01
-3.909433640413411126e-01
-3.903028283097276230e-01
-5.226891410313463382e-01
3.817280451514566408e-01
2.325015121108151561e-01
5.032390440648937258e-01
5.254905619862419996e-01
-4.926176957742569584e-01
4.423930084531075835e-01
-7.813729494660197616e-01
7.878652591768044999e-01
9.651839308840504117e-02
7.020865398012787750e-01
1.847053340670790078e-01
-5.950561562587797226e-02
3.724690303036730654e-01
-6.123958067768136004e-01
-5.503101820007021416e-01
2.825615817160453958e-01
2.489076581812623701e-01
7.044008650053097398e-01
3.660665157574278794e-01
3.006535849173621600e-01
-1.125827536387244976e-01
5.209138739731100642e-01
-6.333658303589206895e-02
-1.979863146114659855e-01
-5.190465197739300152e-01
6.262091092864903175e-01
5.932278307535332473e-01
-1.567041865343341556e-01
5.945299425925991699e-01
3.941032008353566596e-01
6.038737547656358728e-01
-3.046367706612596038e-02
1.846775207391502249e-01
2.365568570135758719e-01
4.214469862588279270e-01
3.322656805175228101e-02
-7.639391767864811555e-02
-3.767574382460043836e-01
3.647503999260450769e-01
-4.623830812671645418e-01
7.228159426892659667e-01
4.170815925620132703e-01
9.954271408627235473e-02
-2.335202788963108844e-01
4.110502698924456411e-01
-4.497544878772332666e-01
1.667419453798837381e-01
2.696222750054566575e-01
4.270753461206293622e-01
4.899912616890063077e-01
-6.876698579850621940e-01
1.992839989610262208e-01
-3.015850763920635558e-01
4.742711722673984553e-01
-7.980876029924557358e-01
3.805340380886201856e-01
-3.268450591841354225e-02
2.673665319335691848e-01
3.043929943533587590e-01
-6.647382886948243197e-01
-5.345950446338392226e-01
4.111268791919542309e-01
3.084778084223716021e-01
3.794520760478370391e-03
-5.069597547035975538e-02
-2.947385772005119975e-01
7.500535634221794368e-02
4.965064963765621897e-01
-2.608414458283148107e-01
2.735709495848848150e-01
3.178410825253497052e-01
3.694955656316718517e-01
-1.584551497247757013e-01
-5.383200177539180231e-01
-4.565560402545170149e-01
6.136547434620176489e-01
7.607427450527950441e-01
-3.007085570332517221e-01
-4.250745999218015214e-01
-4.271050091115302649e-02
-5.928513469479659292e-01
2.264934825912945371e-05
3.631161813400005656e-01
7.312144120667332103e-01
2.020498758098820957e-01
-5.096025057553799087e-02
3.993119751839158127e-01
-2.702852244017863725e-01
-6.972802253060201849e-01
-1.661403480119707510e-01
3.220631964534605984e-01
-2.180221771920916041e-01
1.695489489125270310e-01
-8.199807110255363796e-03
3.491364371791716437e-01
2.783615225845395003e-01
-7.136033305961086981e-01
-1.347717512525479222e-01
3.945399748499500703e-02
5.605519818105335617e-01
8.042069936316709189e-01
5.294323094795370110e-01
1.934495254587265123e-01
-6.585639375804319684e-02
-1.983455881078590721e-01
-2.616304808581411123e-01
1.213087576920148791e-01
1.753878404820738979e-01
6.402632896528759332e-01
1.662681543306092635e-01
4.868035421366636584e-01
3.166005140954366581e-01
-2.524735677036424875e-01
5.243348122089033225e-01
1.390788960350555215e-01
5.022479255592804392e-01
-4.457633079394902609e-01
6.775578353639470919e-01
7.361748467223252490e-01
3.755273686009665823e-01
-3.184127974733756972e-01
6.246893849062544746e-01
-5.178274052587079623e-01
8.033535026997817852e-02
-5.996985364585158962e-01
-2.978550209571464435e-01
-3.665428034835223059e-01
7.936448116383774121e-01
-1.624564700745656509e-01
4.517218163496217187e-01
4.526379577052352943e-01
-4.706452563480443274e-01
-2.186146998763636162e-01
1.750736461082071926e-01
-2.818277938180138165e-01
3.147120325987451395e-01
-4.462015351748860326e-01
-1.514102485608415094e-02
-4.410336694927963208e-03
-1.317405607595709682e-01
2.067752502908790646e-01
5.350181702836342978e-01
-1.256109654885957383e-01
-7.410725011547913965e-02
-3.197383342729001043e-01
3.439480424067848929e-01
-8.112454466035305956e-01
-3.664129729234035793e-01
7.225904118215460414e-01
1.015677214503396542e-01
2.792932501425058334e-01
5.860255643472918052e-01
-4.065010854321897682e-01
-2.753205501354152318e-01
6.672983840190873650e-01
-8.957433944667414494e-04
-2.673147695716791006e-01
-1.653021543539292537e-01
-1.044663566818275768e-01
-5.674710124247033249e-01
1.548766506347156735e-01
-5.307091639060965704e-01
6.115816131094007346e-01
-5.489356365358126766e-01
1.335244062742759752e-01
-6.175941118493231130e-01
6.862500075308952674e-01
6.278930033335559102e-01
-3.717044367360919921e-01
5.381369251331626913e-01
5.834446073703603020e-02
-7.637459638558912189e-01
9.255672369984679904e-02
3.382594274576780080e-01
-3.122905494466188259e-02
5.651045615145466883e-01
-1.127927506925221479e-01
6.774789526318851784e-01
2.956131770195007391e-01
7.851977270991605806e-01
5.291943007405084387e-01
7.490025314681503232e-02
2.916037485614637603e-01
9.037141894149591792e-02
-5.782036835258876906e-01
-3.111047246466549510e-01
3.505394946624074137e-01
4.515304200618466268e-01
2.615697574384601154e-01
4.576206453460143209e-01
6.572304641193440489e-01
-3.849777795606215136e-01
3.514714553491335991e-01
-6.738740031064960334e-01
2.315609551234842911e-02
-7.101958156573022762e-01
-6.778869015229762596e-01
-4.498103125441978989e-01
4.188740583992061062e-01
2.096914534307749989e-01
5.368098531492639935e-01
-3.454622977759491675e-02
-3.564786253972940244e-02
9.971238823481609614e-02
3.535591201788088611e-01
5.676372501361814926e-01
-1.429737079095980690e-01
4.537999926228151182e-01
-4.170560081212304482e-02
-3.033944153136882704e-01
3.041476385441264085e-01
-3.658550139465468476e-01
3.147314945564723132e-01
-1.681538742952168874e-01
-8.354185145482162511e-02
4.755563062692171883e-01
-5.410939894695507846e-01
-5.129108002733158145e-01
-1.014080678805253655e-01
-5.924469878634512909e-01
2.437032944198458395e-01
-7.590147285688022549e-01
-4.564236009133875172e-01
-1.316710776175744613e-01
-6.565045263519202479e-01
1.640531683611090585e-01
4.216975888783682791e-01
-5.426763419147517808e-01
-1.716519266995035764e-01
-2.495415453747282797e-01
-4.317161383920540274e-01
-7.361132008833193296e-01
-2.185271763889655716e-01
-1.250609696957800665e-01
3.814097572533059477e-01
-4.072254236255599125e-01
-2.361632804076201353e-01
-1.709053686568200447e-01
-2.749032448637898085e-01
-7.168533765157736326e-01
5.437506158179425952e-01
2.746100119943406526e-02
1.162736922483906810e-01
3.679362604651661428e-01
-2.507334663759515081e-01
3.782537435425368244e-01
-5.884033912792689947e-01
5.821915375574082674e-02
2.060085402605515981e-02
1.998279840818426578e-01
-3.771275492813925823e-01
6.603030408646493044e-02
1.057589815447812498e-02
-2.848657539463541610e-01
1.823138866673463809e-01
-3.578762154601298207e-01
2.284119854570265673e-01
-4.396677205049304149e-02
1.179625667439951897e-01
1.123215916451689722e-01
3.303860422266495789e-01
-4.403515388622825100e-02
7.132470716476744244e-01
-4.849880681627514178e-01
3.757007523367672519e-01
-2.740221836844964898e-01
-1.461895536332153966e-01
-4.473615644456350182e-01
6.081493114939142686e-01
-4.055028857865492498e-01
-1.968124442983487654e-01
3.993993605592818241e-01
9.894879628426700435e-02
1.656542418512971793e-01
7.181251692460000058e-01
-3.098250450168649195e-02
5.917184875552381484e-01
-5.475255909510137187e-01
-1.065575176621456066e-01
-9.889844097108646537e-02
-4.387722683702346416e-01
-4.698803771611412827e-01
-4.617134001911669117e-01
4.370715693558970827e-01
-1.701142816859402274e-03
3.684674400023268959e-02
3.424896999389916985e-01
-6.728735887800061377e-01
7.064917288610628177e-01
2.461254587198977717e-01
4.881794225278746069e-02
-1.655432508947418668e-01
3.545023161448774829e-01
2.534670811401369406e-01
-6.321564483956532143e-02
-5.361224609399490859e-01
-2.159407526841814473e-01
-4.226806205004507433e-02
3.997260497018251257e-01
-1.231026236324783696e-02
4.480031637306423065e-01
5.877555766240458723e-01
2.798434192040062385e-01
5.807190062965039701e-01
9.922542674743795033e-02
-2.301256340393624811e-01
-3.942879242748453805e-02
-4.636275150173938542e-01
6.759292655962667595e-02
-4.255420135913565716e-01
-5.944324523748178990e-02
7.772992877361062369e-01
3.966470432658226741e-01
-7.171188642641848077e-01
4.550533427548462129e-01
-2.723858305834374605e-01
-4.156410527630063356e-01
-3.621019684867370358e-01
-7.797428757259883270e-02
-1.720690982470660657e-01
3.798865433338605158e-01
3.283323993337212698e-01
3.665100698678926960e-01
-3.116094285496302518e-01
-2.844657072529379604e-01
-7.276670146003416662e-01
2.983964907674350187e-01
-2.776345251135001746e-01
2.258831585516176688e-01
6.326988587235238271e-01
4.517698240985588143e-01
4.821644433541898422e-01
-1.928661415975536642e-01
-2.960475280023686651e-01
5.666130815461789538e-01
6.418347108677755486e-01
1.507894355945147424e-01
-8.508653813572308877e-02
4.614209446663819492e-01
-2.536014144756748578e-02
-3.321497877600680937e-01
2.286477649757179265e-01
4.281308455773054078e-01
-9.932547818344872326e-02
-6.427038356848049361e-01
-2.343886866573248184e-01
7.138910864176040150e-01
-7.109113659237120686e-02
-3.851482516800892597e-01
-8.032416152834009893e-03
-4.358666786061746734e-01
4.861396105400404011e-01
3.416080485611230344e-01
-5.541570023646436027e-01
-4.483503649087516862e-02
-2.073410657451244532e-01
6.373964271486576294e-01
-5.904745722405326802e-01
5.078257291516585781e-02
-7.666818680552101029e-02
-2.744146450705544638e-01
-5.428834983222916577e-01
8.691162666364160572e-02
9.869923108588896099e-02
-7.563265797399800761e-01
1.667788457317183060e-01
7.519971836706549340e-01
4.684568359203700183e-01
4.247730228769412975e-01
-2.225369245765760340e-01
-5.859453151508908775e-01
-3.096078143281921768e-02
3.416866671084441975e-01
7.172444471777126296e-01
4.264725221214105133e-01
-6.923531803872524648e-01
-5.786607946653905543e-01
-5.040239092561993317e-01
5.473690637838419804e-01
-4.443544735491755659e-02
-7.166207280516161404e-01
5.201836152265517654e-01
-4.774023423276574363e-02
3.115783333143582468e-01
-2.986798232356182581e-01
-3.573307651285615449e-01
6.945116463508878013e-01
-5.577007708384931206e-01
-1.752107032347431925e-01
-3.889250267778274761e-01
-4.743678799672421675e-01
3.363971263646270415e-01
-4.908031676487913941e-01
-1.748871707500576633e-01
2.095643567113967265e-01
6.341595927577845515e-01
7.329676158861717639e-01
-5.414799680015471850e-01
3.774575394915764548e-01
5.363581347879966543e-01
-3.419162335585950174e-01
7.162761079644255346e-01
-7.309197237573563655e-01
3.349705696193421289e-01
1.351562992242829608e-01
1.869848406471010804e-01
-2.970063413875978497e-01
-2.544316329490410311e-01
3.803408207232719107e-01
3.708898730465950422e-01
3.907491955541217976e-01
6.557036849542674517e-01
1.491922317758112015e-01
4.931447167941236387e-01
-2.195184131160603513e-01
-1.208799750210589607e-01
-2.402756996114385757e-01
9.919940235128521522e-02
7.944049246005846499e-02
3.613936084821762762e-01
-3.802223998253939641e-01
-1.827450604317242266e-01
-1.365318453989008418e-01
9.356322345451673073e-02
4.027508922459865914e-01
3.131488330991007984e-01
2.397779610996000343e-01
3.882784561151098046e-03
1.279177051988034108e-01
6.198975064299006021e-03
2.059555452051320401e-02
2.572270121793600595e-01
-5.099428443794309374e-01
1.784472093281763705e-02
2.122047904881627645e-01
6.245604694900297460e-02
-1.603250383922114608e-01
-4.969295508416937679e-02
2.533771326976896887e-01
-3.883994882096688528e-01
1.886241739223173397e-01
-4.674690410970780974e-01
7.854017802319246400e-01
-6.012040046114117686e-01
6.139286837953967790e-01
1.056293068125331303e-01
-5.480868886067762347e-01
1.479405977450447551e-01
1.238181326028797713e-01
-4.589137821722930610e-01
-6.949286316347365045e-01
-1.762718233656661582e-01
-5.759042543795089841e-01
-3.939156674848485196e-01
2.174025721779040410e-01
-1.484915197127394393e-01
2.396839423506333944e-01
-8.965320910506857643e-02
-3.248928468645155831e-01
-8.266104809716168234e-02
1.094960871974350880e-01
-4.256627148661245030e-01
3.823036358706488613e-01
-5.063108475759747762e-03
7.306987993587483743e-01
-6.340760883389329194e-02
-1.279523961451172198e-01
-2.157857724355389806e-01
4.938644388506929772e-02
-4.489167835129634909e-01
-1.110699909328323187e-01
-1.065710528079470976e-01
-3.152896851144095791e-01
-2.088129503890510108e-01
-4.525822039225371185e-01
-4.190775388393515044e-01
4.073456524245555599e-01
-4.078535221957375612e-01
3.566370650192842717e-01
-3.963402122153869556e-02
9.633084994722196370e-02
1.016657323702618854e-01
-1.746661942443665794e-01
5.438488289622966931e-02
-5.484451107984416041e-01
-6.961151634244853170e-01
-6.609121705430851534e-01
-4.024556800727836503e-01
-3.767260964428498227e-02
-7.591739430297028690e-02
-2.874186419961226591e-01
5.885629823983382636e-01
2.846759307858759414e-01
-2.579878863573314973e-01
-5.656206058186930008e-01
2.650300013671316179e-01
-1.090607591098873286e-01
3.644129803460884887e-01
-5.208584225800612089e-01
-1.546306393090564058e-01
-3.394402585105238401e-01
-6.283497490968308341e-01
7.706210981650682967e-01
-4.418666532526591695e-01
-7.454190972450547292e-02
-3.677811312743397565e-01
6.262390471576892992e-01
-3.029699332330251238e-01
1.323701203982095009e-01
-4.732051976348374822e-01
-5.739657281869190442e-01
-1.384567203840489924e-01
6.452116074762255238e-01
-3.373641228752628507e-01
-2.793006306494127955e-02
6.437841022979293726e-01
-3.684863804642057872e-01
-3.044430001192637292e-01
-1.109599325500179035e-01
1.572731854102702442e-01
-1.649388824769362216e-01
-1.502427712534419868e-01
5.621024002132459785e-01
1.135633803376485673e-01
9.101676789548651669e-02
-1.098566143918588978e-02
-3.177633579735141822e-01
4.487083791880941419e-02
5.654705156162123103e-01
-2.872395857171508027e-01
7.401002066908830557e-01
-3.044568334810779930e-01
-4.405685927916804800e-01
-2.576926948950255536e-01
-6.272275922380963209e-01
-2.328690382084044330e-01
-3.489729411765232214e-01
-1.480162999840883842e-01
3.807507673191334874e-01
-3.477577352373906194e-01
-4.111789534189593809e-01
2.742846128003408879e-01
4.165594134481445110e-01
5.764606539879668645e-02
-4.272532505557427029e-01
3.573503880615067629e-01
-5.914644482162776384e-01
5.429020000781790145e-01
5.191018440465615669e-01
3.231011220766628611e-01
4.628710388830556965e-01
-2.592972793739001247e-02
-5.409369762941054205e-01
2.908114579970968450e-01
-3.174913911051859827e-01
3.114158907623307826e-01
-1.889719773966032079e-01
-5.529127991079016979e-01
-5.585742264596582629e-02
-9.806899549342773525e-03
-3.657193695196259142e-02
-1.437284478364766471e-01
-3.501606739270624047e-01
3.108240291521902066e-03
4.712153316468690178e-01
1.955941696128586926e-01
7.410851380795957510e-01
1.384430957062887657e-01
3.145110178914647392e-01
-1.027362015476143142e-01
-2.719035190820706660e-01
-4.810140197990069311e-01
6.582673318679566066e-01
-6.963194095893765478e-02
-3.947127614315411037e-01
-6.406076545022800772e-01
-4.600150343048738932e-01
1.775370817150943026e-01
-4.401840404871837364e-01
-7.057664333514201971e-01
-5.958544369108205174e-01
-5.600091802824520570e-01
-4.556157710861823418e-01
-3.236688614590175206e-01
-3.831630715205749382e-01
-2.378076098301784569e-01
-2.855717725976640864e-01
6.146298413358426416e-01
2.117870110962982722e-02
-7.023689524810503571e-01
1.062814285307975837e-01
1.542266320972132121e-01
-9.945159545595494421e-03
2.740265120769711515e-01
7.175970814197771830e-01
-1.557288641651339844e-01
2.849052439468309217e-01
-2.623131228037438589e-01
6.795164126827133444e-01
-2.118623742616794203e-01
2.981762868625006391e-01
2.277562884445014646e-01
-5.761277998448086635e-01
-6.416577404069805368e-01
1.607285438253835963e-01
-2.027262841266495030e-01
3.801499922174187418e-01
-6.778822852922443687e-01
9.525315948698853674e-02
-4.294648828905414106e-01
-1.613185826098719744e-01
6.158457282083817930e-01
-7.560312539193212444e-01
-2.867331541661544136e-01
4.149629911370507074e-01
2.015824932012622028e-01
2.395893917449978261e-01
-1.845793445357131191e-01
-6.520476023474746086e-01
-1.214253344945479540e-01
-6.186126069804878114e-01
-3.735492497924219890e-02
-2.953603888196179028e-01
-4.167116732502922360e-01
-3.056056947942114022e-01
2.466135131678850456e-01
4.989492585947896686e-01
-2.284653052167264775e-01
-4.998222536202927557e-01
3.107772267733501792e-01
5.435036052410744389e-01
-1.263184663404359753e-03
3.185745518462033132e-01
-2.372213853625426694e-01
-3.908316748915865446e-01
-7.113415488731957836e-01
-2.931061871500375560e-01
-3.491585964788326280e-01
-2.592545561376633501e-01
3.008635748237429297e-01
-8.879576943071576522e-02
2.374188315770382474e-01
4.608319698994103319e-01
6.965116713007812876e-01
1.756213223391966949e-01
1.645599278853246972e-01
3.714608969903245850e-01
6.386345545952574199e-01
5.982332138796850884e-01
-2.960854441990576902e-01
-8.208433669356107742e-02
5.808719693155230956e-01
-4.467109220272247327e-01
-7.187988065528783110e-01
2.480504133249219478e-01
6.244343821866715771e-01
1.108008305833365625e-01
4.498328811049523424e-01
5.140227124764740196e-01
6.222235308800163622e-01
6.031340623015601921e-02
4.525581829085485452e-01
-4.312488442712565373e-01
7.526001260972012830e-01
-2.321987927533353258e-01
3.751691990672512134e-01
5.777344788704628087e-01
3.495350809411146287e-01
4.549643398548139928e-01
-5.957615040200394674e-01
-2.649163715367439664e-01
-6.608657407713796061e-01
1.613270700203308650e-01
3.542212702454445861e-01
-4.193326079536667805e-01
-1.831633906214023000e-01
4.823221461618842909e-03
5.762664119191454049e-01
-6.037466113598082273e-01
-5.435356340947894438e-01
7.047737227436190466e-01
2.359224327169604507e-01
-5.513882494966582115e-01
7.066735328735953559e-01
3.560182983754458519e-01
-4.173630855743812873e-01
-6.055876322289810432e-01
-1.471124037633817494e-01
1.775030105457258145e-01
-4.204644998055817595e-01
4.410058990425200776e-01
-1.204744149237235717e-02
-6.249926310800804075e-01
-1.318078878844346491e-01
-1.320576717544597045e-02
-4.318262841396744989e-01
-3.321153014148237048e-02
2.275290952537813993e-01
-4.903854304281409782e-01
-4.861328153416284437e-01
2.975951687645226329e-01
2.471824157800739385e-01
-7.142495316199122257e-01
-2.764734310914045423e-01
4.051106272160325261e-01
2.952033053856384370e-01
-2.348178906340825378e-01
6.622548107716497157e-02
-2.184443784700267344e-01
3.098754945347792500e-01
5.166611513229844022e-01
-3.390579746601742883e-01
-1.354097558444582461e-01
-6.628563067350832227e-01
-3.907955392079900392e-01
-2.819645322289190403e-01
-2.030492676082715775e-01
-1.333070770522581938e-02
4.620774408714449777e-01
7.731198197951982820e-02
2.917861570289925766e-01
-3.652726046111931524e-01
4.990351171362341631e-01
1.676624274088265310e-01
-3.326458718276921189e-01
-3.747306724363177466e-01
-2.499608001087958442e-01
4.374505788657758742e-01
5.542868850434512495e-02
-3.913003718662118047e-01
-6.371616080937219095e-01
7.033808391218876466e-02
4.930901466485941853e-01
3.080341558534538393e-01
-6.744076809220604929e-01
-5.994122418609562075e-01
2.084997646346309352e-02
-2.372172087976585075e-01
-5.983187358500163811e-01
-2.110252933666147968e-01
-3.524476466938022412e-01
-6.468462975540489879e-02
1.453228826413148767e-01
4.868054951871041425e-01
3.489245997676988509e-01
-6.366242478660764093e-01
-6.042211295257118309e-01
-5.327309871486374249e-02
-5.467779838539232884e-02
-7.152477437602833277e-03
6.326672939064783563e-01
1.522190322066796497e-01
-1.314759593375622870e-01
5.502507985435967086e-01
-2.315668158207868643e-01
4.339025649115733074e-01
3.067855084746771155e-01
1.868775506533184583e-01
-6.072881055479140144e-01
-8.080123932421479083e-02
3.891685712053938317e-01
3.336636893838651474e-01
-3.954686109121530180e-01
-1.822507727917024312e-01
-3.291594717395796010e-02
-5.413329137506837085e-01
4.108786122257637174e-01
-6.555064277957569630e-01
1.262484883207832809e-01
-2.839846552057894158e-01
-2.657064618942772682e-01
2.696675266012471539e-01
-2.969494042231968223e-02
-2.584537011121881278e-01
2.139938742130631510e-01
4.432108767193110310e-01
-7.646833938471315761e-01
6.386180426817835709e-01
-1.649994215703269873e-01
-4.380427825214425752e-01
-4.239129958458711656e-01
3.897625689569572671e-02
-2.370657533368065728e-01
-9.519207498288118074e-02
-1.456444556974441085e-01
1.753992607554604177e-01
-4.448198279575468206e-01
5.555092663609180192e-01
7.565992800891727654e-01
-2.701097857747978281e-01
-2.206934315645430189e-01
-2.001972391571200660e-01
-2.063053961524641267e-02
1.922473706069816046e-01
3.285934444837153023e-01
6.707945153430472374e-02
5.990324071667583183e-01
-4.377262720335899360e-01
6.212642712126825728e-01
-5.613669621110108920e-01
1.469402775943109418e-01
2.058883282052512698e-01
-5.738496901674317030e-02
9.710469255229803309e-02
-2.055684637963572925e-01
7.493883653951982637e-03
-2.102640076214132847e-01
-8.016351774282739484e-01
6.802546620479610340e-01
2.999167999698784115e-01
-2.891307007282959418e-01
-5.874231157203926301e-01
-2.320925715500026243e-01
-2.315636662412865476e-01
-5.689264444905113294e-01
-4.650312531669325011e-01
-5.835879729518795855e-01
-3.991852231046895128e-01
7.198812305522661603e-02
3.965426903115290003e-01
2.688355384995135822e-01
3.164302693343401529e-02
-3.351312706845739342e-01
1.079772929452316177e-01
5.922161109162278336e-01
4.678580143945669789e-01
1.916450741664776913e-01
-2.661791281930190323e-01
-9.540471797859240155e-02
-1.080651206740057546e-01
-3.457597867599568886e-01
5.564082870890727506e-01
6.583199691417966903e-01
5.627792725193003776e-02
-4.288516875297752051e-01
-3.243113977166895978e-01
3.345515830234688792e-01
-1.412869272512597973e-01
-5.820866218670062153e-02
-6.061728695157011515e-01
3.610230187725402828e-01
4.253331569750358199e-01
2.542485749054996802e-01
6.372158980814557339e-01
3.583993862132448527e-01
2.283334522146329704e-02
6.526101561012627172e-01
-1.585651390142484018e-01
1.617357503459029289e-01
3.307281891980471400e-01
1.971833191556191522e-01
2.909734606800027379e-01
-9.112829694598367780e-03
2.465737094217512748e-02
4.139745492769915103e-01
7.306505696070324518e-01
3.784937400102439398e-02
-5.522124912726660284e-01
3.456288898213344396e-01
-3.367829131959769740e-01
-2.774448607811841327e-02
-1.238651838080988554e-01
-3.949802284490724347e-01
-5.064632087068954291e-01
-3.304468054521958464e-01
7.416274901916652951e-01
1.927216374097540097e-03
-3.788689820194868219e-03
-2.390290173793125916e-01
3.010907793602948246e-01
3.502293591659668692e-01
3.112425438212094164e-01
1.472237404234189029e-02
-7.244786134568226288e-02
1.019436360202687908e-01
-4.370811499057616345e-01
-3.934370415492836059e-01
6.259298243233875070e-01
-1.099397882139108162e-01
3.614398133246936595e-01
1.001754661719536088e-01
-3.504370281575184265e-01
-8.444694536043506616e-02
3.794624875075545134e-01
1.110225027593259028e-01
-7.432801620530984366e-01
5.620395737167696026e-01
-7.307483786048774022e-02
5.823889709439811213e-01
-3.632995585387508441e-01
5.563299957678005114e-01
3.980061897345619215e-01
-3.694660938615381696e-01
-2.008797056860842645e-01
3.112758749024617799e-01
7.910744814247916423e-02
3.254075552088320222e-01
-6.277247901807143649e-01
-6.522062567856066195e-01
-5.775114754474524048e-01
4.875233195946844234e-01
-5.384884197385337856e-01
1.277645621803920051e-01
3.372731701574416263e-02
1.842431872062642029e-01
3.847628761653041352e-01
-1.853320433397867006e-01
3.320157506022178850e-01
7.058951480251458577e-01
2.772568960961683260e-01
4.970507453273445009e-01
5.872433076914953531e-01
2.321337843728166206e-02
-6.094501932505860253e-01
1.184543212378734722e-01
-6.881970791544196331e-01
-1.383818966543124418e-01
-4.298591301781851115e-01
-6.836697494992174384e-01
-1.926960070673722214e-03
-6.164619064296497086e-01
3.728395302645779452e-01
-4.092380585475776655e-01
-2.761122216976437116e-01
1.378683100503153014e-03
6.720706696797593693e-01
2.629540253614637280e-01
5.005192506070272884e-01
-2.878456235379109884e-01
3.621197247983110046e-01
2.059635988040930954e-03
-1.731849545816324110e-01
1.071997305109704257e-01
4.243694958290618047e-01
4.246094022536617274e-02
-2.926273695620125181e-01
2.280252365255730496e-01
3.526133979130543494e-01
-4.436104921090882058e-01
-2.812081460075575023e-01
3.098330061162108962e-01
3.796106931370921700e-01
-4.475909743575403610e-01
-5.842391943466092030e-01
2.295434492756829314e-01
4.482757546734861265e-01
-1.028541923989658713e-01
-2.686603456528917633e-01
2.499971619435923387e-01
-4.497505864350408444e-01
-2.952537916501718485e-02
-1.549832872612455503e-01
-4.911630575646706021e-01
-4.502020635008872063e-01
-7.785207201862833770e-01
-6.763658295772145834e-02
6.700151284344748603e-01
-4.424231943634291397e-01
-2.808734643370947026e-03
5.592248464437021838e-01
-4.415640320371467809e-01
7.844054470816264057e-02
-1.985886155470435455e-01
-4.929759867414187369e-01
-3.333248922472868969e-01
-4.927350241417514098e-01
1.641133181696430299e-01
-1.062604403859896962e-01
2.540214087965608769e-01
-2.791168286222465156e-01
-2.389313782556365950e-01
1.247512188736390470e-01
-2.108489552545034229e-02
3.785245430722108395e-01
7.468435848702847935e-01
-2.005513976037409662e-01
7.223215131678859535e-01
-1.352572685623307791e-01
-1.868851334760321947e-01
-3.679346050660301515e-01
-1.811467398518020744e-01
-1.204016650457067072e-01
-6.414717129261990891e-01
-4.252785646705463662e-01
3.448211810661963028e-01
5.407388251131628465e-03
-5.380380706756646703e-01
1.479525533321446318e-01
-1.532653225877318448e-01
4.210281358565204357e-01
2.541455292134386923e-02
-5.079784902033814831e-01
-6.623499570434168149e-01
1.854053197737819403e-01
-6.010578124304020164e-01
2.794107058476278382e-01
-9.280301043429695085e-03
-4.689567717006219993e-01
1.470442631536359457e-01
3.058051951903886234e-01
4.744723889782136439e-01
1.863680353500543063e-01
5.661067569185629367e-02
2.079798313917979868e-01
-2.515342756974598970e-01
5.229901804482217642e-02
-1.987550944460458879e-03
6.277157699684279279e-01
4.295725426601144648e-01
-1.982230727971909801e-01
9.724306794384762753e-02
-3.114854474111785620e-01
4.617964124111404445e-01
-2.682793841539767854e-01
-1.785093810388991287e-01
-4.274483185015505171e-01
-4.983146566621829976e-01
-4.224960913427366904e-02
-9.467409419043626428e-02
5.455951458730359249e-01
2.986775740911635779e-01
4.808209244396532966e-02
-3.694206126436867521e-01
4.896472934289430867e-02
-2.911142965585069575e-01
-5.297329407894180164e-01
-1.076468811299990946e-01
7.460087345257448987e-02
-6.618894541159132672e-01
2.843419613823803260e-01
1.073111116996248171e-01
7.530056451485993563e-01
7.226527608097939037e-01
-6.015887377575532824e-01
5.538113214463358247e-01
3.289662297493389786e-02
6.634745990385493286e-02
5.578192064796212435e-01
-1.685410324055416353e-01
3.821382991015056518e-01
-2.498703760251226313e-01
5.124444326070332068e-01
-1.258958612746861050e-01
-5.175234684673890584e-01
4.688851161266711642e-01
5.172553099981191949e-01
-4.444255006684896259e-01
1.484106721771993875e-02
6.502742350187045162e-01
2.049681270292627033e-01
2.332126493430761727e-01
2.893563313266422909e-01
2.048493698877917879e-01
-5.036380132453599501e-01
2.689873990442270824e-01
3.520987677744171762e-01
6.771875899915000829e-01
-6.216243197434074830e-01
-4.636103504524911045e-01
-6.417738877464280733e-01
7.659905994712143951e-01
9.385847602854546778e-02
3.548628731214886756e-02
-1.308893508812642992e-01
3.091239010433088907e-01
5.369161291802164726e-01
-4.071045427981569986e-01
-8.897454921545744355e-02
5.346333052124734309e-01
-8.629484860751190922e-02
5.688630769068510062e-01
5.319442079951617330e-01
-1.672387231770589011e-01
-3.921811459002819689e-01
-6.506728424485963558e-03
3.889412875662570102e-01
-1.209920380653342065e-01
-2.276958221534073346e-01
-3.954093645848688610e-01
3.096515508987724985e-01
-4.322907398994519923e-01
-1.038343699097143968e-02
7.584397420404549450e-01
-3.789574062410059341e-01
-5.884216507341015756e-01
-2.576682047182874413e-01
-5.089819895389249282e-01
3.530285727429394171e-01
-2.306671045389379060e-01
1.808157616479206808e-01
1.716099265391015649e-01
2.425407906049956708e-01
3.981732467264675890e-01
-6.541153264411558865e-02
-3.675426090413873581e-01
-2.209576985378047809e-01
-1.037045733753334531e-01
-2.106093281297667374e-01
-2.107848184635550126e-01
6.413754941655911423e-01
7.227832325519836232e-01
-1.040131362494598477e-01
7.709964484909441751e-01
5.839663337708174140e-01
-4.991512313699519865e-01
-3.847564036005497456e-01
4.357815900488830607e-01
7.294042923099794962e-01
-2.889444310698436880e-01
1.617555171637921063e-01
-1.735004011550529412e-01
3.419972292821080728e-01
3.741848274242123296e-01
4.726199460221263138e-01
-5.645923319588135314e-01
2.950474502114799336e-01
4.981782013813784715e-01
9.282646386325765775e-02
-7.075413752180805815e-01
6.044439721077523586e-01
4.452549656943389778e-01
3.012929744248102892e-01
5.271523292720123877e-01
-7.779953177450620316e-01
5.422904965371095898e-01
-6.176200683862553831e-02
-5.898558407690241978e-01
-4.615018775081054514e-01
5.060191586914344342e-01
6.139760273287553360e-01
3.242547777066651093e-02
5.748313505122375489e-01
1.263954204709838436e-01
-1.083003296905591384e-01
-5.775879321658612398e-01
4.305163869960004774e-02
-7.473027298434864463e-02
-9.912904867608318682e-04
3.643035579092295251e-01
2.586616932399090629e-01
-4.024255508959573291e-01
4.487196287311849829e-01
-1.026892186251346928e-01
-1.591304163947162564e-01
2.071387549499110747e-01
5.506177879625724358e-01
6.388728308301363512e-01
-1.119636544740627571e-01
6.554900957509222081e-01
-3.134977019904923168e-01
7.254996435647971254e-01
-6.263929008258495301e-01
5.026394564478087190e-01
-5.234318965780913047e-01
6.125461624829924290e-01
-6.650047526725284541e-01
5.783831240544117236e-01
4.247880666788166337e-01
1.749103312862576587e-01
-5.021563592475164484e-02
-6.024754864267203303e-01
-5.669655336928709488e-01
9.241458428102422573e-02
5.809524223961926026e-01
4.776404754333976044e-01
-9.208198583213089705e-03
-5.163081287366342309e-01
-1.325089996266264336e-01
2.563731974869565278e-01
-8.466874642853561284e-03
-1.470922631882780607e-01
3.926335669188674160e-02
-2.487962400457677248e-01
2.525277618501302612e-01
-4.939985518765883654e-01
-3.121223313520058440e-01
-2.407379725813161286e-01
3.120816195674525062e-02
2.303024608128581008e-01
-3.677563470176217209e-01
3.754046051384349880e-01
2.497650224745839864e-02
1.826271622654651594e-01
-6.552824253625910700e-02
-1.127610719809464257e-01
-3.849919348330796964e-01
9.912301152485802902e-02
4.353391484926181221e-01
4.549020549996152241e-01
-3.477772153020621815e-01
2.643999143697826071e-01
5.383244168794334428e-01
6.872417447984302541e-01
-3.037232577022557223e-01
7.975087577009603024e-01
1.985008428164132255e-01
-7.156388247362661659e-01
1.392243444772853778e-01
7.107703539275860294e-01
-5.639598007791093437e-01
-1.813036963039627025e-01
5.989366351803484534e-01
-4.315452683155145408e-01
3.118457757655646034e-01
8.808244322502822854e-02
3.435358719046712750e-01
-3.938902562184178890e-01
-4.831025979711238705e-01
1.146924578759023206e-01
-6.724668189564164678e-01
-1.986824849686534833e-01
3.288256050218896220e-01
2.141475290183336710e-01
3.707454434898309614e-01
4.884799733393148102e-01
-1.953116781541499591e-01
-6.573904800547412108e-01
-4.848525262275407144e-01
-4.882808373758527054e-01
4.195554537226424685e-01
4.199108755884921607e-01
7.010333674465938358e-01
3.641219711154644045e-01
-3.317133072768010393e-01
-4.878410235981451848e-01
4.395216919696487423e-01
6.275643076010464227e-01
-3.882814333859663236e-02
2.228131510489745892e-01
4.677591181056151015e-02
5.301615420688108316e-01
5.484240532022592873e-01
7.114435641435443713e-01
7.800204893199929046e-01
-1.354520368741365388e-01
-2.767084918957882778e-01
-4.220586493559546071e-01
2.671583700803292771e-01
-5.017695581180339204e-01
3.273304247325103944e-02
5.807661311736644905e-02
5.987393973484556042e-01
-4.323776576358175916e-01
-2.730466375099043219e-01
-5.461632325210681316e-01
5.985533151352999681e-01
-1.805809644300273575e-01
4.551299214670212478e-01
-4.219920833808394889e-01
4.158174103767375840e-02
5.051003782151299859e-01
-6.184067491341593836e-02
-5.253744719462769552e-01
4.648782265115514178e-01
3.932749415209899624e-01
-7.104416233403796355e-01
-1.479739620994102722e-02
-5.108703561668583859e-01
-2.976142997597630568e-02
-3.169412149858104044e-01
5.858079921291006187e-01
1.802536657606070847e-01
-4.957346716776847018e-01
2.090318338952972255e-01
4.806569861149494471e-01
6.378020750290058771e-02
6.726996722031994835e-01
7.114367144921729391e-02
3.251740137700966926e-01
1.555727232506498581e-01
-1.846136250576178028e-01
2.333344058755812966e-01
-6.467972604759877342e-01
-4.323360640102862362e-01
-6.600442480760104758e-02
4.879737032541076047e-01
1.605384161166298895e-01
-1.959587136416409692e-01
1.814652435945678377e-01
-5.810496294105682580e-03
3.013035044019343189e-01
3.634640152750989728e-02
7.021258374935435143e-02
-2.492296760689409751e-01
-3.584881790462812745e-01
-1.731855334279543968e-01
1.127007643543915805e-01
-6.760977653192234982e-02
-5.533880377034519071e-01
-1.917562268961781058e-02
-6.298397904030084149e-01
4.067211116613664856e-01
-4.309617437185320199e-01
-4.915003934359400972e-01
4.052926243891272762e-01
-3.700664879948760699e-01
-7.616738225715966593e-01
-1.493594355039409294e-01
-3.388546184414957807e-01
-6.009170367931968570e-01
3.789636346863245464e-01
