1.543530748547694564e+00
3.371557854336368010e+00
2.075485061280186727e-01
-1.822279258704337934e+00
3.358178907713709194e+00
-2.395116375577947210e+00
3.332575759142937244e-01
-3.610456227815950214e+00
3.397954312096857166e+00
1.146777487693654507e+00
-2.128367730782882106e+00
-1.752092116954926837e+00
-2.601395343673166494e+00
1.376542711900857974e+00
3.343326789097744722e-01
-5.803799962576920990e-01
1.425688849845866635e+00
2.426195649474069072e+00
-2.540031264300183445e+00
-1.551821530394387416e+00
-3.034850887516753914e+00
2.565642286946951067e+00
-1.625780300593466787e+00
1.611573708597974885e+00
-1.066639255247430196e+00
-3.292660530926017071e+00
2.296908292577701793e+00
-1.611587777290050205e+00
-1.580912587306091410e+00
2.295538716781484467e+00
-6.234956825063822095e-01
-4.933027661745841286e-01
-9.995479144244665548e-01
3.305015124794774550e+00
-1.396383812867443286e+00
-2.160622680558308417e+00
3.615451222130602105e+00
-2.332136210891722961e+00
-9.438341609323375181e-01
3.414775790738017847e+00
-2.799968102173817641e-01
-7.756753674573344526e-01
-1.487329544701983863e+00
1.910859656326650224e+00
2.830052957148909698e+00
3.270371242527463806e+00
-2.617347337826882558e+00
-2.403516290146933798e+00
-6.366150436537489909e-01
-2.872730251540258628e+00
-7.170091993475864456e-01
1.479809358214119186e-01
8.909516325891084776e-01
2.833621724534520325e+00
-1.061038276964580085e+00
-1.021486549547682365e+00
2.296129732819203184e-01
2.894563392704371019e+00
-1.054351311118546963e+00
-1.944961370759283881e-01
-3.645028004537900657e+00
1.903319411972765884e+00
2.738966977948740222e-01
-1.193399184158861370e+00
-3.502515621136061963e+00
-2.363134142780055846e+00
-3.902132893954401993e-02
-4.220502209075451816e-01
-2.474148612950308745e+00
-8.151222679306684427e-01
-1.907508216594520079e-01
-2.095884589317406288e+00
2.888132105721710197e+00
-8.012619187785112729e-01
-3.791998446618877416e+00
-4.240442594296132128e-01
2.279303686251706651e+00
-2.993911401230926472e+00
2.197905223606245961e+00
3.234851273858794229e-01
1.109442396892291960e+00
8.995776191653703791e-02
6.958927991203900376e-03
5.735090549664079163e-02
3.869305327788563176e+00
-1.212855615319340608e+00
-1.890792957752734260e+00
-2.245956013197559109e+00
-2.121374205936834567e+00
-2.330530425409160777e+00
-1.892274653446914812e-01
-1.781699428938550600e+00
-2.003838866318927714e-01
1.542783866113780711e+00
8.585243473191894736e-02
-5.579410568600451370e-03
1.467981808119096954e+00
-2.340792957159745669e+00
3.559688831071223802e-01
-4.014867616110784354e-02
-3.981709906021324574e+00
1.501273075667889145e+00
-2.265085753296479432e+00
5.948002398161449378e-01
-1.644110518197368975e+00
-4.688415317390806081e-01
3.107716680896677630e+00
6.300554292108104804e-01
-1.600990513722870379e+00
-6.924238646620093363e-01
5.018055191007197990e-01
7.464838478050461745e-01
-1.378007807129151274e-01
2.635883086475478088e+00
-1.363375721637747784e+00
-3.386985944094540457e-01
3.398714795346410966e+00
2.819847576871481465e+00
-2.338104311719782835e+00
-2.223364084356953985e+00
2.629339119453763196e+00
-1.648386192047724741e+00
-1.020932116262406097e+00
1.550878763607135724e+00
-7.797677830784248698e-01
1.999886394905461273e+00
8.782242774997222057e-01
4.593975081252210657e-02
-1.602866736854567264e+00
3.726880069206561785e-01
-1.796066053965756470e+00
-1.163303920612940967e+00
3.208636799526715322e+00
-1.674058585993690063e+00
3.221768274540638188e+00
2.578064074801726946e+00
-3.839013640292680662e+00
1.571010572795428217e-01
-2.601151621305887396e+00
1.525907207358674356e+00
-2.436297175195893949e+00
-7.349915589072359978e-01
-2.848802363097974855e+00
1.915299228669839593e+00
-6.234772968026982554e-01
-2.405034731888792798e+00
-1.473292963922024246e+00
-3.802356301292974194e+00
9.277648895429813081e-01
-1.106193613601955672e+00
1.676761989080003623e+00
1.136733211682679823e+00
2.830442110129663291e+00
7.487572914722315787e-01
2.639785302842369674e+00
5.915879391851088798e-01
2.975333414605152882e+00
-2.513584919367382930e+00
-1.141947209219841497e+00
-9.974511570475073086e-01
-4.583521224628404056e-01
2.800240706382463252e+00
-1.737671373456404655e+00
-2.131733394301820628e+00
1.505437684388883923e-01
-2.553503788501822580e+00
-7.618497999473037297e-01
2.196559781028181391e+00
-1.333822595026567193e+00
-8.567246346097867615e-02
-1.891047617574514561e+00
3.454019770071203865e-01
-3.631074372919463222e+00
-2.124971558756785228e+00
1.296147504002293616e+00
1.635817787069004936e-02
-3.321030309300440742e+00
6.100248135518162584e-01
2.352929054183007906e+00
1.627502030219575069e+00
-2.679116568711068513e+00
-1.360978583411120990e+00
2.935517417755935554e+00
1.205596472932066732e-01
-8.331710505713179060e-01
8.347942674752948378e-01
-1.445204516288706831e+00
-1.916994467739711716e+00
-2.011916872860503247e+00
2.021252474956192202e+00
8.462914435587221007e-01
3.248923219718534483e+00
-2.480420052434340050e-01
-2.173092095106278876e+00
-1.725040359836445880e+00
-1.247572230579539365e+00
3.085437664971131255e+00
-3.333562941741410768e+00
-1.498698341181014193e+00
-2.809763884776863563e+00
5.449168818278860016e-01
-1.925763540634338966e+00
-3.093436553674777656e+00
-2.542057627436413725e-01
1.906825287526331181e+00
1.708331402196493265e+00
4.702775199790663052e-01
1.848320800504064110e-01
-1.094764649418449753e+00
-2.755741018466217884e+00
7.604433057098258786e-01
-2.914692880140295372e+00
-3.107766236522170544e+00
-9.782289915722772733e-01
2.618234842620259073e+00
2.056048992356343419e+00
-7.749699004371199962e-01
-2.134534695257046533e+00
-8.600353272973286778e-01
5.532032554442425365e-01
3.336276619392773313e+00
-3.017618480663333713e+00
-5.568623433063271122e-01
-9.742905656727050001e-01
-7.003538020266564246e-01
-7.527365789865596568e-01
2.521637045989894688e+00
2.746722334885696171e+00
6.477134913808590966e-01
-3.532495836045605131e+00
1.338364185259486305e+00
2.251829106724704488e+00
3.645380931510171507e-01
-1.868130446902591224e+00
-3.679493128979280492e+00
-3.602987650361558103e+00
5.392094482565115143e-01
-3.142028704586055099e+00
1.005966908651707570e+00
2.188346791540771719e+00
-2.440433728634507915e+00
1.728601893992647298e+00
5.695646309488742176e-01
-3.208773078450152028e+00
1.906289004639124762e+00
3.727821392780326093e+00
3.807690077147407592e-01
-5.741472955934412425e-03
1.331334513616454274e+00
2.928995381139340104e+00
1.029271580174427214e+00
-7.347110846950410945e-02
-1.532750845474567747e+00
-2.245172995342494815e-01
1.710501067344418757e-01
6.580621500045840122e-01
1.519024311191651044e+00
2.944300514838205096e+00
-2.412280695185878621e+00
3.805258166180712109e+00
1.970273402198579049e+00
1.256608487283812359e+00
1.963864628575402449e+00
-1.282588846172261654e+00
3.394469230787411362e-01
-3.205464917664507141e+00
-1.812381550756413162e+00
2.138025361299996874e+00
-1.427195938267741049e+00
1.692381652659733504e-01
-2.829257935090775611e+00
-2.672624435666647980e+00
-1.199116177937372019e+00
-1.435444788200691768e+00
-1.365644287676804680e+00
-9.432686705665824789e-01
-5.939156899839819204e-01
8.065140541821689268e-01
1.391211629488575241e+00
-3.577398066429493539e-01
-2.772908482694158128e+00
-1.493917207059765051e+00
-1.013050169598832539e+00
-3.535557498555956357e+00
1.970234136694111626e+00
1.302928273645205692e+00
-3.819854502798154527e-01
1.410071015227954305e+00
1.048704914223577589e+00
-3.143775998629829260e+00
-1.160050575224032432e+00
3.914772397496637524e+00
5.214482912979789830e-01
-7.153433183741562118e-01
-8.177635323491525554e-01
-1.208323461679757571e+00
-6.321375660899937188e-01
-3.746412590335720161e+00
-3.353460190348975800e+00
-1.469292711252524697e+00
-1.708527684444178796e+00
1.567423512951533482e+00
7.098150061522510157e-01
3.278937418994740227e+00
1.467754693965463986e+00
-1.896285018044743254e-01
5.728794817291422703e-01
2.758074110152816338e+00
9.203821224157078262e-01
-6.123162833952342510e-01
-2.961510545805154937e+00
8.118722043804282862e-02
-3.275843355531566914e-01
-3.778280565236610045e+00
-1.454997004952306661e+00
-1.547782254198912799e+00
7.174937971156953864e-01
1.252760121548224248e+00
2.385051329985021340e+00
2.605452383309666331e+00
2.399040643997024880e+00
-1.430574188631525967e+00
-1.287413003234537889e+00
1.115186134246473060e+00
1.814002263378400315e-01
1.891679000659238774e+00
-3.505024053819881580e+00
-3.085596319474094074e+00
-8.560404814480433444e-01
1.011132982830510230e+00
-3.188826307196963583e+00
3.236987862416958350e+00
-3.272433989774720775e+00
6.698122678585427536e-01
9.774346938494993253e-02
1.588096998261418591e+00
2.678479435033683131e+00
-3.765825490962482647e+00
-3.505838779616633261e+00
7.742754754021650143e-01
-7.199602879211575157e-02
-3.846912285093806005e+00
-3.737571532001808805e+00
8.937216531708287448e-01
2.490474072060129274e+00
-2.465472955890470885e+00
3.517471304836448098e+00
-2.838613245599510559e+00
1.941485072774473686e+00
-3.255510837726409701e+00
-1.383772097213753494e+00
4.012977942254813968e-01
2.218102183817343587e+00
-3.822062185638952947e+00
-1.061693646210275510e+00
-6.949508333823555262e-01
-7.139296781646269352e-01
3.595024205300498821e-01
-2.435462844530785986e+00
-3.351402109491682602e+00
-3.674345316191818256e-03
2.849362722673697945e+00
1.829461802209984000e+00
4.274105659438927063e-01
-6.961578722590591184e-01
-2.445705333378054736e+00
1.092266564729520439e+00
-4.722955700587672112e-01
-2.457845533898796120e+00
-3.277711396295818425e+00
-1.753616253828945037e+00
2.211126972023526704e+00
3.309003779264438450e+00
-2.103846531789464791e+00
3.095363846791494566e+00
-1.362665307723540664e-01
2.895162477395576417e-01
-1.336394019362734831e+00
1.106209649900336878e+00
3.878785887039164493e-01
-3.935946183804579945e+00
-1.076617477202053141e+00
3.741093396880943445e+00
-1.508926029724060758e+00
4.057924746812879846e-03
1.497124229994685862e+00
1.968042363939440875e+00
2.776031961683599114e+00
-2.792822241105137770e+00
-6.856240229242516193e-02
1.064659841723827327e+00
2.803836348979346305e+00
1.533556296911926964e+00
-6.840146505940101207e-01
-2.677995085318197077e+00
-8.014507292934034410e-01
-1.158262673858621028e-01
4.998969314828993760e-02
-1.828859431272742420e+00
1.531134714537680352e+00
7.058074052191685155e-01
-2.978608008580109878e+00
6.665056358957768268e-01
1.509410219080177029e+00
-2.133059513386335038e+00
-1.092001268689019255e+00
1.204442427537571803e+00
1.223746061012610298e+00
2.721848645934464628e+00
-3.998339121106929461e+00
1.589264855017623823e+00
1.590929338722468778e+00
-1.734114561579769287e-02
2.818229282388447388e+00
-1.479122152703776116e+00
-3.121038853333141905e+00
-2.748245395288373416e-01
-2.359824067819272564e+00
-3.883885794916976053e+00
1.690887713954356997e+00
-3.870478441158576199e+00
1.868682879044544443e+00
1.425322256409850219e+00
3.578009616939601401e-01
-9.848649952141199648e-01
4.040609013266829308e+00
-1.340914800293921960e+00
3.721351589455235143e-01
7.474542374494594910e-01
-3.844493187762481057e+00
-3.240008228089052089e+00
-1.798238721586299604e+00
2.089342747897822150e+00
-6.992905649985292627e-02
1.690548941819304929e+00
-8.901461868662519095e-02
2.507896673281163835e+00
-2.689804391453000321e+00
-3.107927574638692292e+00
1.415983779126585240e+00
3.302987351853214903e+00
2.904469392521265014e+00
-2.936045004663705438e+00
1.810142945603621989e+00
1.852780554298703031e+00
2.988838405036378987e+00
-8.899683053652474030e-02
-5.602865212662848649e-01
3.912935267707942089e+00
-3.022680077780816710e+00
-4.278217042982683793e-01
-1.711966592504396978e+00
-8.195409597278153768e-01
-2.406836982978842077e+00
2.067347427591629483e+00
8.324719819631081208e-01
1.850341775238426578e+00
3.454526439989944464e-01
2.541634202993065195e+00
1.702437212837754288e+00
4.048166480398531775e-01
9.739814809711555554e-01
-2.894518991049623846e+00
-7.442826545156924212e-01
3.281873095244442595e+00
-1.302779996516590266e+00
-3.285490000337420557e+00
-1.330542651751125405e+00
8.997117302650377013e-01
1.631788810601929818e+00
-8.342741579357895176e-01
-1.857685599851343738e+00
1.857157204273409690e+00
6.089479293869377585e-01
-3.165579113786768595e+00
1.327516727298208465e+00
1.024646281092763900e+00
-1.009930639266798380e-02
2.879941927187013917e+00
2.681070370239448053e+00
1.930918990921636436e+00
-1.228065074116828637e+00
2.572268982251482150e+00
3.449376472582402542e+00
1.221733337594256952e+00
-3.532810388618656816e-02
3.090265977832942212e-01
-4.089471695995255729e+00
2.654437536737288994e+00
9.906852341741201329e-01
2.443982218867225775e+00
9.609566249574719166e-01
-2.247455536443985213e+00
2.095017146011369569e+00
-1.862399144165611364e+00
7.072762650632746784e-02
2.650518837098518432e+00
-1.468041429703381695e-01
-2.609374082689400964e+00
-2.171111912369820374e+00
