9.430000000000000000e+02
9.420000000000000000e+02
9.180000000000000000e+02
1.126000000000000000e+03
9.180000000000000000e+02
9.230000000000000000e+02
6.360000000000000000e+02
6.350000000000000000e+02
5.670000000000000000e+02
4.830000000000000000e+02
1.068000000000000000e+03
6.400000000000000000e+02
8.360000000000000000e+02
3.250000000000000000e+02
6.760000000000000000e+02
9.120000000000000000e+02
8.870000000000000000e+02
5.130000000000000000e+02
1.067000000000000000e+03
3.920000000000000000e+02
2.650000000000000000e+02
1.238000000000000000e+03
4.440000000000000000e+02
1.253000000000000000e+03
2.970000000000000000e+02
2.820000000000000000e+02
3.640000000000000000e+02
4.860000000000000000e+02
4.200000000000000000e+02
4.330000000000000000e+02
3.570000000000000000e+02
4.070000000000000000e+02
2.160000000000000000e+02
2.450000000000000000e+02
7.280000000000000000e+02
4.820000000000000000e+02
1.870000000000000000e+02
3.440000000000000000e+02
2.150000000000000000e+02
4.280000000000000000e+02
3.030000000000000000e+02
5.970000000000000000e+02
5.210000000000000000e+02
7.410000000000000000e+02
2.570000000000000000e+02
3.230000000000000000e+02
2.020000000000000000e+02
2.040000000000000000e+02
2.990000000000000000e+02
2.410000000000000000e+02
4.740000000000000000e+02
5.110000000000000000e+02
2.690000000000000000e+02
4.280000000000000000e+02
2.030000000000000000e+02
6.030000000000000000e+02
3.870000000000000000e+02
3.470000000000000000e+02
5.370000000000000000e+02
4.880000000000000000e+02
4.730000000000000000e+02
2.340000000000000000e+02
1.970000000000000000e+02
5.270000000000000000e+02
3.000000000000000000e+02
3.350000000000000000e+02
2.820000000000000000e+02
2.210000000000000000e+02
2.670000000000000000e+02
2.380000000000000000e+02
1.190000000000000000e+02
5.540000000000000000e+02
2.360000000000000000e+02
2.290000000000000000e+02
4.560000000000000000e+02
2.640000000000000000e+02
2.190000000000000000e+02
3.270000000000000000e+02
5.620000000000000000e+02
3.300000000000000000e+02
1.470000000000000000e+02
2.820000000000000000e+02
3.140000000000000000e+02
5.170000000000000000e+02
3.520000000000000000e+02
3.820000000000000000e+02
3.370000000000000000e+02
4.040000000000000000e+02
1.770000000000000000e+02
4.020000000000000000e+02
2.940000000000000000e+02
4.140000000000000000e+02
3.000000000000000000e+02
6.900000000000000000e+02
3.670000000000000000e+02
3.010000000000000000e+02
3.910000000000000000e+02
2.200000000000000000e+02
3.060000000000000000e+02
2.620000000000000000e+02
