-1.421977980143669384e-01
4.216051469609904956e-01
-9.542993470713589943e-02
-1.219216585181470691e-02
7.938859695802280569e-01
1.636036658690028567e+00
-3.914570687202534316e-02
2.100874638302974162e-01
8.065234132776000209e-01
-2.673724207579883938e-01
1.137989561165478669e+00
6.065881890259472442e-01
-4.990372961403108931e-01
-1.200185052272888520e+00
5.382105058340425074e-01
4.044662480154093132e-01
4.482822840981617318e-01
-1.711195873038846571e-01
-8.482674493785538061e-01
-7.469688640884477593e-01
9.360932659918317356e-01
8.417310969863951442e-01
3.504134767686553076e-01
2.716460381859073792e-01
4.796244292096769612e-01
-2.561675083275369857e-01
1.273075175845368889e+00
-2.274876673847332498e-01
-8.144671842563964148e-01
1.114716567908039302e+00
-4.421441032240611690e-01
-4.788136397107081166e-01
-6.633234571463173523e-01
3.266553258586499808e-01
-1.000274890745446843e+00
-6.748223617645665584e-01
-7.838196706532132296e-01
-6.278752758841941173e-01
3.389616605797831639e-01
-4.261352542818368505e-01
2.317774962847938269e-01
1.561595927204501244e+00
1.155470217950647083e-01
-4.217912566904020721e-01
-5.688143354034354005e-01
3.842609244304995286e-01
-9.614108637991600759e-01
-4.624523321176452484e-01
6.576998343179605300e-01
5.386209916239526052e-01
1.358063199592799641e+00
8.417605054231680484e-01
-4.111585741941583549e-01
-9.629368688509494234e-01
-9.592025000117256894e-01
-7.618110353404370372e-01
-5.507076315025258850e-01
5.501788869867496601e-01
3.434951219114612542e-02
7.800853928769022616e-01
6.564367939299096122e-01
-5.144229914575273455e-01
-1.036785152047225989e+00
3.340978841381492259e-01
-4.282371630056331924e-01
2.394719432071248377e-01
-1.116569331767625073e-02
-1.080323044593297865e+00
9.276109215230601279e-01
-3.257309328522897118e-01
6.871268929002631864e-01
1.029097141717141284e+00
3.274672484129448335e-01
1.750641041357230421e-01
2.686095694591390526e-01
2.374027788619779145e-01
-1.078377695943592229e+00
-1.216189631910866709e-01
-9.679013606855679797e-01
1.142165396377441411e+00
6.098937366225509749e-01
7.691783691341491647e-03
-5.944570078376276712e-01
6.865064647741334625e-01
-4.987551854619169944e-01
1.995120193813706422e-01
-2.729552422290719704e-01
-2.066664694624780196e-01
3.213784935155761247e-02
3.115369371366654150e-01
5.927756755460222848e-02
-1.123745700378042667e+00
3.171716729051956563e-01
4.588556313859193381e-02
-2.316694514970469854e-01
-7.077669612044967806e-02
-6.400457387968296885e-01
6.998152544521474283e-01
2.376502518917913420e-01
-1.645148800619592677e+00
-9.191994077424681109e-01
-6.758198241416115692e-01
-4.179178651565464975e-01
-2.381209606404004475e-01
1.170315171781455277e-01
4.542240221425686286e-04
5.924722911945092818e-01
-5.558246494377581115e-01
3.843719599026771405e-01
-2.370160182283944650e-01
-2.277800179627211818e-01
-1.357010787340744429e+00
9.751929306008371157e-01
3.414984597646153475e-01
5.851252130533026730e-01
4.246439176300320639e-01
3.053822101225946994e-01
-5.931332247983904793e-01
-3.021490276193343760e-01
6.509018771289518668e-01
1.141949106702462302e-01
-5.862117353827720478e-01
-2.466778266814557696e-01
5.466495638104396093e-01
-4.463469631711536323e-02
-3.052692766604589991e-01
-2.311966151188027396e-01
-6.509171644819149449e-01
1.233288846709812425e+00
6.415078809205043697e-01
6.108154273628043640e-01
-8.362475051809949989e-01
7.011427772011717963e-01
-2.153057560047724195e-01
4.356475036780640409e-01
-2.797542952105143144e-01
-1.746987859828709411e+00
2.160448884588008767e-01
2.880944805007370491e-01
-9.437471426440326994e-01
-5.067660780754543737e-01
3.310681628032803303e-01
4.817030035360847506e-02
-1.241036309706911034e+00
5.126640848316164067e-01
5.767184449633235843e-01
-1.383735431251125192e-01
-7.462360652409039119e-02
-6.805488455186896601e-01
1.749771546849379078e-01
-8.194858677565530769e-02
-1.862394495129784389e-01
4.220257282155737144e-01
8.413017658993844350e-01
5.492995957243973493e-02
4.680039537788616144e-02
-1.492201241693177138e+00
9.073655355668446276e-01
5.714767445233910337e-01
8.864639042541710978e-02
2.062853313642909470e-01
6.736961467887825350e-01
6.567676958530697107e-01
-5.230086584398723204e-01
-1.002795258352418006e+00
-1.680193798085927170e-01
1.581833397135126162e-01
8.796683778738643156e-01
-2.219913424643937816e-01
6.325731315461524673e-01
-2.117510164565601372e-01
-8.110983273372038838e-01
-8.752880667340772192e-01
4.112875626674137308e-01
1.280511316691441692e-01
-4.271075156224215519e-01
2.746782229627040550e-01
-2.357607379136448245e-01
8.099156042443134140e-01
1.095588514002033165e+00
-5.014349924095284905e-02
2.730052958313304856e-01
3.483792189578318599e-01
4.180030103633889382e-01
4.756395340198027455e-01
1.558550442883612774e-01
-8.175538402793449677e-01
-7.801152136341640286e-01
1.932467454388415717e-01
-6.642405962357367244e-01
-3.027632526275549907e-01
-6.916140426011683218e-01
1.211269949349960129e-01
1.190696581927090492e+00
-2.776060123960810699e-03
-1.594336240156835061e-02
-7.358768691540928941e-01
-4.149745229118275702e-01
4.737256200281478868e-01
6.217648442921586138e-02
5.159409190885941854e-01
1.300137174244852645e+00
-2.007493189837603609e-01
3.893429073881096159e-01
-6.813792314408946282e-01
4.084217159916896378e-01
-9.077367098241255761e-01
3.122606937418135331e-01
-7.802880910516751811e-02
-6.392515586082749834e-01
-7.101793566841276828e-01
-3.949762289067750842e-01
3.234091704475616780e-01
3.546560190929701761e-01
-1.210671028260223103e+00
-2.121882827715300124e-01
-7.878181585197605585e-01
-3.931306270012946413e-01
-3.216539174740979945e-01
-6.484084965062946182e-01
-1.605209681118582310e-01
-3.764621771021916530e-01
-1.491526238904619106e-01
-4.663892898577373103e-01
-5.250303336150725642e-01
-9.732122143805543857e-01
-2.205416619797215816e-01
-9.082695700402565464e-01
-4.999492022236484701e-02
-7.658012373585094679e-01
-3.887526555861189337e-01
2.542680309406755157e-01
-1.492388377755875073e+00
6.102304928534794115e-01
6.146026066564891366e-01
-3.132500907169841753e-01
-4.630527289705259619e-01
9.189677628284620425e-01
-2.270497555264476830e-01
-1.529726499906312043e-01
-6.602925426590289248e-01
4.040588985761335294e-01
-8.756571110363173815e-01
1.050008419384775848e-01
2.893453017624034729e-01
6.484116443415919306e-01
2.239648014390205333e-02
-5.923391192407621020e-01
-2.483509243211496909e-01
-5.364872963902485026e-01
1.750037246902280685e-01
4.323911202871810744e-01
-1.158780308127811409e-01
-1.161818639391878349e-01
8.139287608250675987e-01
-1.468985161209781509e-01
-1.362254224416572512e-01
4.321759864852801059e-01
-6.699576415166337284e-01
-3.967273460707305688e-01
1.059517682370394454e-01
-4.507245858027628671e-01
-3.336092132094599094e-01
3.038786538389359748e-02
3.215289449100673380e-01
5.594029986796513754e-01
3.291806103384047333e-01
2.017839425682854682e-01
1.237260053930452131e+00
-6.845210885799861700e-01
2.342407006754942955e-02
-8.548379740374318914e-01
8.551664145481163715e-01
2.971667392552257425e-01
-4.763549258632897576e-01
-8.566614296799768269e-01
2.216618140554462713e-01
-1.249743736429177687e+00
2.275254900369008126e-01
4.871981746561253601e-01
8.627352522888029895e-01
3.175182380702734619e-01
1.207468398702578050e+00
4.989106702044416863e-01
5.072888753779647431e-01
-2.443186037195488325e-02
-2.546419280678975383e-01
-9.617123090007062558e-03
-2.579926796842837433e-01
-1.237694423764698293e+00
3.833773886573244027e-02
1.861329776125133506e-01
-4.377709577168866772e-01
2.841297798633757310e-02
1.299346171489990098e-01
-3.482501827621327095e-01
-5.817879068811837584e-02
-5.244802326451383223e-01
-7.776981392149373562e-02
-6.312002817329034343e-01
-2.268032997527571482e-01
5.010636517200639517e-01
-4.075503114735266053e-01
-5.490331392482383777e-01
-7.683410423888910046e-01
-2.189146962646404404e-02
-1.413959474269503858e-01
1.146464093023724651e+00
-1.731633116247088822e-02
-1.280143056702973681e-01
-5.312749784988213264e-01
1.791501680596212509e-01
5.155768636762356749e-01
-8.410910181549624554e-02
1.148132661619691852e+00
1.982623544871131571e-02
7.132403299497198645e-01
2.197142692227505023e-01
-3.747262189235831542e-01
-1.828069619334264928e-01
-1.259418287937061010e+00
5.885830557079998471e-01
-6.803864355328670399e-02
4.115155623517976480e-01
-2.430421525242962844e-01
1.575798391246463481e-01
2.425835272103942231e-01
-1.193871260926864686e+00
-7.126255336939246732e-01
-2.733835370941353204e-01
4.321310732246708142e-01
8.651896911223104780e-01
2.336463115266642632e-01
-6.857434878620685126e-01
1.135515779367679556e-02
8.882669538207910165e-02
-1.998227718596776725e-01
-1.286945618758934540e+00
-4.357640928337556119e-01
1.939585282824047852e-01
-1.615905081307804636e-01
6.302654365071571618e-01
-1.063307291832646939e-01
1.811217685350392514e-01
-8.591037554365428264e-01
9.928973430482734841e-02
-2.884461604978643123e-01
6.423151110922749041e-01
5.396232072889262099e-01
3.821684573193753209e-01
2.808386036310839273e-02
6.751695094599599045e-01
-7.189625599808486811e-01
8.143286685961781401e-01
-4.969622369021218233e-01
1.611384695630615482e-01
3.794641043568223182e-01
-5.646595917143351073e-01
-1.367248348487279941e-01
-9.738446692716271613e-01
-6.236018039182056327e-03
-4.095425421492047136e-01
-8.621745714920168169e-01
5.572817030851009434e-01
2.791928669304333255e-01
-2.985217070932524308e-01
1.562555082681802432e-01
-7.509939332546426982e-01
2.830042752001924455e-01
-7.942188349869514497e-01
-8.960730899341804445e-01
-1.591791780508007292e-01
-3.135578797811788831e-02
6.283160632024831216e-02
-5.869907924711759151e-01
-1.109443729295222614e+00
7.722835795248483848e-01
-3.064008203187800206e-01
-7.921721861532020625e-01
-1.156984131216311162e+00
4.905977800939176348e-01
1.347819855037944770e+00
4.280472869430562710e-01
-6.970552241845293651e-01
-2.854366353259161215e-01
3.526246644877204517e-01
-1.380608388290980315e-01
-2.030998146170892582e-01
1.590340167366992574e-01
8.171077071767314237e-01
4.388274622210905918e-01
2.720995907683168014e-01
-8.397176929108116639e-01
4.373245175565738663e-01
-2.546004981479752516e-01
-3.254748376656291242e-01
9.502914325430715792e-01
-1.139402412298393674e+00
-1.867186716898503462e-01
3.139190029644467472e-01
3.570925839553034109e-01
6.131971534800850776e-01
-4.889180601156795092e-02
-5.864031530135562775e-01
-2.608957988668443306e-01
4.201407321420314034e-01
-7.947567968167792429e-01
4.311561889434720740e-01
7.435209964374767111e-02
8.209307195304447191e-01
-6.529211010734394804e-01
2.643533670005835390e-01
4.048655491780008830e-01
1.142393266744745617e-01
-1.254253963627775192e+00
1.263753468974585736e+00
4.289611710154392910e-01
4.677521592144984197e-01
-7.451792907662797560e-01
2.010655911764249737e-01
-8.634217220405906446e-01
-1.186599563091492726e-01
1.239911165851941277e+00
3.195360944277574333e-01
4.209634027081321506e-01
4.078128532241844795e-01
-4.900383492890938442e-01
-3.391362652111702403e-01
-7.311012638565230759e-01
-3.092063425548268185e-01
1.282185654586415424e+00
-3.314179363718903204e-01
9.070867475416317660e-01
-5.260422785013973979e-01
-3.187294741343542626e-01
6.455096476362589542e-01
-1.991966616634451626e+00
7.974197300076095729e-01
7.877321128123284666e-01
6.616128842532065235e-01
-6.734461131774951426e-01
-1.082495744251894543e+00
-1.017186092724298163e-02
1.680672212827074574e-01
-4.406128672435691840e-01
9.120287584300257322e-02
-4.029657342884620519e-01
3.226637429856138439e-01
2.606592637574269844e-01
7.397463552225680417e-02
-2.615950670414015633e-01
-7.277398249668163288e-01
7.405787665300858080e-01
1.068913007067444632e+00
3.783470593988580433e-01
-2.488379453613411840e-01
1.830245657006432936e-01
6.633830624928407360e-01
-2.908684729638251198e-01
9.733932438591477165e-01
1.543029816518463271e+00
8.393928389215652430e-01
-2.349617232188547788e-01
8.879946016298401190e-02
4.389482811151959041e-01
-5.463215402945262866e-01
1.028623373985850797e+00
-8.987920308891803600e-01
-4.421547308481930116e-01
3.786275880750622491e-02
3.437892243410782811e-01
6.511788219828353874e-01
4.248268711250595686e-01
-5.787676329850013346e-01
1.956472407148677206e-01
-3.902446186598549360e-01
-6.113710079934131514e-01
-1.834163822333749749e-01
-7.672194895524402369e-01
1.076767029097331907e+00
-3.819008894230826456e-01
6.307581977816525409e-01
-4.789999656794670102e-01
-9.193283342347555731e-01
7.121091760435600548e-01
-3.055410203697572769e-01
-9.453394471511300523e-01
-9.075368233834568699e-01
3.456541458131994204e-01
4.547368192584464452e-01
7.782526289261486596e-01
-4.712723492612713727e-02
-7.809807703583082628e-02
-5.196297257633872846e-01
-1.533425506128032634e+00
-4.649956741746734679e-01
3.231169998371141716e-01
-4.367788907489131844e-01
1.277496495486047934e-01
-2.111163820890729070e-01
2.112033664745895933e-01
-4.002598988758077070e-02
-1.793408472112645313e-02
1.632089398529812385e-01
2.241525733532707676e-01
1.708240129947569130e-02
8.152811158913344514e-01
6.791389497340283299e-01
2.632773942102932807e-01
7.387262079870282605e-02
-3.959854690790418630e-01
-5.893044460681560182e-01
8.768362623120644628e-01
-2.423918805740745697e-01
-4.122579566887178970e-01
1.596597332133962155e-01
-1.096542524075964309e+00
-1.125090175382502444e+00
2.009405138710889105e-01
4.753311398289294942e-02
-8.362238436463353963e-02
-4.696939165618445600e-01
1.286435209616467290e+00
-3.479902312015443755e-01
1.827359807851394180e-01
7.594546985913819270e-01
-1.738062660053429909e-01
5.202067814353998898e-01
-1.839912250947577377e-01
5.852598253772489656e-01
-3.151112045957127350e-01
-8.209259718255390581e-01
-6.220485999988678572e-01
2.237705732730868036e-01
-9.936107349001233047e-02
-9.630184469103664213e-02
-1.426243988896256365e+00
-3.754088801759447591e-01
-1.414424042469031306e-01
-6.634646085648627789e-01
1.079197981717813448e+00
-2.012521310851242973e-01
3.957498905992649085e-01
5.743049773216002407e-01
1.710542922663016441e-02
-4.672185980337442146e-01
5.232287908378534524e-01
-1.125245634233261072e+00
-2.056691687114859945e-01
-3.355710157940094973e-02
-6.248562381116320452e-01
-3.413050327697089159e-01
3.818149009245344061e-01
2.441505432785850971e-01
8.408506363735916977e-01
8.209830699419367050e-01
3.965554451987065576e-01
-7.418079927477272406e-02
1.471722217568096625e-01
1.829631362444015252e-01
3.757597320980776701e-01
-9.797794739574250400e-02
5.227639961525767376e-01
-4.720014180571094897e-01
2.036327980214611699e-01
-2.559394725700592232e-02
-8.851434157176107931e-02
8.631680386247895242e-01
2.505489103002762619e-01
-7.739861143934572141e-01
2.255669650684444250e-01
-3.140263932174125472e-02
-6.617250599219417495e-01
-6.024346798289688110e-01
-1.062326606004750928e-01
2.371897893279690805e-01
4.935635699656319986e-01
-1.017163570383960991e+00
-9.751615139526546017e-01
6.433694885233123273e-01
-3.582243860614937603e-01
-7.993005045976486755e-01
-2.354309796124738341e-01
-2.705343688550438941e-01
-2.116376860274922223e-01
-3.751687419597100615e-01
5.883597337600265931e-01
-3.081160113573284676e-01
-5.112565951532754838e-01
-1.689160508040075115e-01
5.048626230946506865e-02
9.210498452983628681e-01
-4.471855876422168308e-01
-7.519945183314948878e-01
2.591390892590883510e-01
4.158097322619447311e-02
4.785772563454848694e-02
1.480572733455733925e-01
-1.654409239016096933e-01
6.824750777020680559e-01
1.579947820459484120e-01
4.954351251835742431e-01
7.943147767680081017e-01
-1.113049021087864077e+00
-6.095563452288033091e-01
9.731393641385182036e-01
-3.571646580533700543e-01
7.853669060621086828e-01
-1.050204264267324827e+00
-5.737588744711263899e-02
-8.629692813933944606e-01
6.422686624231568331e-01
9.348306174882203834e-02
-7.102013858878386543e-02
2.125623812480199604e-01
-4.733752643863216036e-01
-3.136617220332862388e-01
-8.099385041815034825e-01
-3.375201086544414864e-01
-5.258306473846552365e-01
1.436627176696896768e+00
5.447605026351816093e-01
-5.402888370025769049e-01
9.356243560652899305e-03
3.756279798982937734e-01
8.922088788376800750e-01
-4.149033871991925082e-02
4.162661478420695005e-01
-6.051229775067596961e-01
1.999239695557841756e-01
-6.358121736449273698e-01
1.721396251925888521e-02
3.853306766396604743e-01
-1.353456106527272773e+00
-5.323101375089507314e-01
-2.154748583760470737e-01
-3.997891878342301197e-01
-7.439879541715024303e-01
2.463584653943931002e-01
7.853481526903927090e-01
2.941868642899594377e-01
5.573552948911491001e-01
-9.277959757038285460e-01
3.045673947745495269e-01
2.493801728049742650e-01
9.095102465869908670e-01
2.776835697573245554e-01
-7.546267409289342254e-01
4.143729773809434747e-01
8.070948108412334676e-01
8.969571248182992562e-01
-6.169403713569154846e-01
-1.576096707567273825e-01
-4.526439449190844400e-01
1.081443810480966050e+00
2.207395158076703723e-01
7.349008057680705974e-01
-5.196238805615482903e-02
-1.279505460326006983e+00
-6.492981355920424136e-01
-9.956525059782119769e-01
-2.517650851355242025e-01
-1.000257176836788275e+00
-6.937272969253172050e-01
8.379103802233922593e-01
5.202552414833121475e-01
2.883005420040110067e-01
-4.411959417705180186e-01
7.573079557010684582e-01
-7.178117362264631041e-01
-2.303447723511631295e-02
-1.549042884984661583e-01
-4.815973275939402498e-01
-2.148214016414131677e-01
-3.964915105992075084e-01
4.178615562972431974e-02
-2.965572382804246843e-01
1.106148828133086681e-01
-4.711859009160512812e-01
-9.319287812712033769e-01
9.122878851774549602e-01
-5.498350194774950239e-01
6.258035205662668687e-01
2.446062571508180739e-01
7.452677589334655295e-01
-5.355793704266957889e-01
2.391563026294907246e-01
-4.082197310949586821e-01
5.045964813728733844e-01
6.234200996042948972e-01
-2.997900367416042045e-01
8.979479012614195454e-01
1.043433592606941573e+00
-5.907281457677342473e-01
-5.749192743405071582e-01
-4.104059382749234430e-01
1.230668181947934592e+00
5.985873633499227964e-02
4.447360164324187792e-01
-4.607371463296248137e-01
5.861616566161567121e-01
-3.165948230370005945e-01
-1.252650463400890590e+00
-8.504972895760074536e-01
1.918460153764200982e-01
3.516251035937889569e-01
-8.236807675805648543e-01
-1.289058869970738375e+00
-1.008240636104353882e-01
3.920665482494705145e-01
8.821790743810407065e-01
-1.426141984313460842e+00
-2.332347521678146407e-01
-1.267771602274923026e-01
5.897652668168875678e-01
-1.352397806712822614e+00
1.585770571281530650e-01
-4.526669232584721314e-01
9.372051295350409816e-01
-4.679467392421887695e-02
1.086460063777732188e-01
-3.951073837931318167e-01
8.535778378167435676e-03
-3.825065245558523230e-01
-1.088606255043323312e+00
-4.650035932791567461e-01
-8.484846238479279990e-01
-6.083267891923007653e-01
-2.336832677427036487e-02
-5.850304895823885687e-01
6.935798920105629151e-01
9.845957244789040885e-01
3.634922916435368023e-01
-1.687787182059130586e-01
2.890123323036908332e-01
4.691342750208962187e-01
-6.766059163611437555e-01
-3.342647654589807615e-01
-3.703087514415361881e-01
-1.145459365311110034e-01
7.629913694573904337e-01
-7.926791406367783566e-02
-9.927770154120345580e-01
3.751439900640498593e-01
2.276213433713341061e-01
-5.239381274903802677e-01
-4.448113207858286344e-01
7.156322840598754453e-01
-9.094034804027586461e-01
3.845641387959286561e-02
2.028684580061028697e-01
-4.764090686654460782e-01
-1.184597022535984312e+00
-1.011749672252020282e+00
2.070591653214748362e-02
-2.047891530883365618e-01
-6.082846517733573322e-01
1.269480315173456830e+00
-2.306129713065718789e-02
3.135120765364902695e-01
1.343783381948170152e+00
1.132824091366183339e+00
-1.023064901771667756e+00
1.012428539853456044e-01
2.395282295957397167e-01
1.149065025764299364e+00
-7.054429314679655505e-02
-4.572413043736398564e-01
1.138691129288328163e+00
-3.161052280314020635e-01
-6.156092973903870558e-01
-5.565492515612904256e-01
-1.406114545301075935e-01
-5.589225296169395563e-01
3.988863191302876032e-01
3.450815072616641999e-02
-8.851023380845122190e-01
3.680874855560212211e-01
-1.287250066173357244e+00
-3.425695509451642806e-02
9.246656315478780641e-01
7.304396842106397614e-01
7.160910398527065013e-02
-5.733691071441358034e-01
-1.089643826817798811e-02
1.507286136371934759e-01
2.807669403574299949e-01
-5.429463429005494390e-01
-9.475824189394099761e-02
1.698740774481226623e-01
-3.780181645024605075e-02
4.954221438733572569e-01
-1.060488296054860058e+00
1.764573611122237651e-01
-1.195371536546161462e+00
2.475064243555298304e-01
8.072402287361768458e-02
8.968908903174934721e-01
1.194339043056942273e-01
6.759065699036579389e-01
5.323777199969006446e-01
9.854974701240184487e-01
2.068978122340663361e-01
-4.524583877727650361e-02
1.804543811584142787e-01
4.513251813453855732e-02
2.573299728081650528e-01
-1.770165156791465577e-01
-1.267327799937402855e+00
7.354816490194870937e-03
-1.099846092294072264e-01
-1.276849551875204547e+00
-6.870872580725926326e-01
6.869812020165610988e-01
3.457960362065470861e-03
1.834647502297492849e-02
6.632842075283917893e-01
-1.106747565766866614e+00
-4.629174178044674903e-01
7.183519840006233892e-01
-1.260115939202254953e+00
1.335984630088971947e+00
2.813035924014801736e-01
-9.370003746661659250e-02
-7.918255713996300571e-01
1.311866863726010024e-01
6.531388540284819300e-01
9.280471623766972655e-01
-4.342282620207162935e-01
-3.337883462828052927e-01
-5.896566656789836713e-03
2.226605449898073630e-01
6.755659551619626058e-01
-7.940172016704867275e-01
7.987934767579520923e-01
1.202326940839038016e-01
5.186533700168771688e-01
-1.697867064991056552e-01
2.890170288150484268e-01
8.465471904015586802e-02
7.628267291386592319e-02
1.965591034810687532e-01
-2.192626708932676749e-01
-7.239999672047376933e-01
1.683720306226490493e-01
6.038619813428773853e-01
1.710203807683416954e-01
1.861571399738179977e-01
4.134410368571792560e-01
8.201549966346437515e-01
-6.319430151287361852e-01
-5.118797174485525403e-01
8.689947145534357986e-01
2.541967874790866944e-01
-7.584291158436791136e-01
-1.813417376502250988e-01
-1.064303179932584609e+00
1.311389426736120356e-01
6.040479666704934303e-01
1.257713904564136342e+00
6.341428363651804290e-01
7.565709325358156434e-01
9.294327330857381497e-01
-1.374459731136114193e+00
3.495133063724287226e-01
1.673385621116416644e-01
4.481598041391343656e-02
-7.044117290005083021e-01
-2.413686349376424900e-01
1.692090267687660798e+00
-4.126176895415447632e-01
-4.432074852427962952e-01
-7.384652144136971685e-01
-7.271767335975729551e-01
1.036958475578160233e-01
1.030791143334042204e-02
-2.169281678006340641e-01
1.090700723654567383e+00
4.748283601172973434e-01
6.101345595163447655e-01
4.259851761956561234e-01
7.332643427950333859e-01
6.811718042380396909e-01
4.524635179641052218e-01
3.813782325798600326e-01
5.230458568813656228e-01
8.683058815475064307e-02
2.193381596227217400e-01
3.439942108771107954e-01
-2.065830037383085127e-01
2.327597083395538391e-01
1.258208996666922985e+00
-1.831041475138031061e-01
5.799601290356850569e-01
1.313179428498347789e-01
-4.998364409108537743e-01
1.761943273264563459e-01
8.974043642819751199e-01
-4.490329846940515068e-01
1.931710406797382262e-01
-7.407294124682648473e-01
6.360650838788695083e-01
-2.619490638935308979e-01
4.039915886500828890e-01
-2.440391285704119895e-01
2.233981387163099797e-01
-3.539097199663041593e-01
3.221560446428739510e-02
7.000058758689062799e-01
1.440182614904256475e+00
-1.093677348682074779e+00
1.083234841909050061e+00
-8.742559629941126786e-02
-5.582024221693870913e-01
-7.268315160022531529e-02
4.298238134472054384e-01
-2.393978892538672909e-01
6.990814797777140654e-01
-7.761264055238612514e-01
4.820057848786083454e-01
3.610888454042191498e-01
1.876991281958773072e-01
-8.691504383965487079e-03
-7.320996109055801782e-01
8.488210102124105205e-01
2.731829732341806150e-01
1.348521292567399499e+00
-2.001796710699679238e-01
5.467974756441797979e-01
-4.931667972158377822e-01
9.017766747147604178e-02
-3.374370819991963089e-01
-3.635136943480246075e-01
-5.315103471271207525e-01
2.394707199783852047e-01
-9.621008368914285569e-02
-1.898574683318976497e-01
-6.655848716405001753e-01
-3.955608367546092907e-01
6.609245248849049403e-02
3.915021687039974552e-01
3.471810744810337468e-01
-4.733838163065069438e-01
3.210565365995066145e-02
1.343549248451443745e+00
7.829200776014086927e-01
-7.244894845130209760e-01
1.288372283121117512e+00
7.957226734718103600e-01
-2.095399733298446421e-01
1.120954419325181917e-01
5.996867647528381084e-01
1.049251172064977311e+00
-2.340862183900416227e-01
-1.233480880589991280e+00
-8.098114023150504437e-01
4.964781021112543158e-01
-6.837180520262915451e-01
-2.926002513390750792e-01
-6.080381312973672792e-01
3.763690628197320365e-01
4.736290707079504614e-02
8.662794767197947721e-01
1.295918511972407039e+00
8.338977478597007220e-01
7.598445993107354468e-01
1.721196728417240251e-01
2.199486999480040339e-01
-3.566575141577024155e-01
2.565285390150595646e-01
1.228782526205670855e+00
9.573756432445099662e-01
3.215492136194999517e-01
-1.137592886738847398e-01
-3.343125631630528005e-03
-1.435992579572651362e+00
6.200793049548360969e-01
2.878684787959437941e-01
4.676297771417878835e-01
5.957233562811623528e-01
2.387608503689877537e-01
8.489476985422941269e-01
-6.747349571628982190e-01
-9.274941437612014283e-01
-2.908085540678726488e-01
-3.971370243531850974e-01
4.465293066960995816e-01
-4.884797439984609468e-01
-5.428800337176546975e-01
-8.856588914531844381e-01
1.338574666290321957e+00
-9.940786901828335687e-02
5.314789757200655274e-01
-6.215095766155780410e-01
-4.163511833726296629e-02
-2.171188343489713901e-01
1.024129094002277363e+00
-4.520523110638965392e-01
2.453804341018877011e-01
6.776346625891811470e-01
-5.319166745077916758e-01
7.245503269315811679e-01
9.295625277723562618e-02
6.494919036660977696e-01
3.517312143273390035e-01
6.346751558931256199e-01
4.314451825816565389e-01
1.033229052267614634e-02
2.541351562978775291e-01
-6.534554315889451459e-02
1.203158934387467127e-01
-2.368276636575163963e-01
-6.913148349599813614e-01
7.536246168733757855e-01
1.793467602672116357e-02
-1.062158945212698935e+00
1.414947418645842170e+00
-6.009102329439262036e-01
7.201103712236589516e-01
-3.237595164214299714e-01
-2.549481604943615309e-01
6.330252978873005532e-01
-3.731607339258218303e-01
1.556445479593504544e-01
1.285010334137277610e+00
-8.915039218688747269e-01
1.591769502491207078e-01
4.428733050799058546e-01
-2.444977252046127703e-01
-1.124373391133568045e+00
-8.551013476908586597e-02
-3.377419516499520213e-01
1.415052619878256479e+00
-8.785582277605490376e-01
6.644419730295876292e-01
7.615801374775283961e-01
1.888651518583817079e-01
-9.747847154665283398e-01
-6.528469767785276545e-01
8.144600925550484760e-01
6.909587221667958801e-01
-2.566035535118125210e-01
-2.933381987671168645e-02
-4.363304814401125498e-02
2.445596906608038523e-01
4.640907722801994595e-01
-9.138857456586126915e-01
1.050359562039990813e+00
1.830549764349171937e-01
-4.729984596253222762e-01
-1.641513634077718109e-02
4.877243854060751005e-01
1.134220105876188711e+00
1.167673023195041182e+00
3.777310711313752734e-01
-8.657547360225521516e-01
-5.902580140973388012e-01
5.241024712329043211e-01
-9.292887376965630608e-01
7.425983649391856289e-01
-5.204734338041925312e-01
-5.089082476494368734e-01
-8.608127275300025971e-01
1.454524568455495270e-01
7.104094875405300158e-01
-3.291753201315286148e-01
1.386170803144924690e+00
7.281520232459648412e-01
1.693885587356334099e-01
2.906686937935436532e-01
3.250334349415409108e-01
5.920139827353843032e-01
1.060650701356698811e+00
1.300264759018858740e-01
7.109288274288738663e-01
-1.340045591514242851e+00
-2.685071691811300454e-01
-2.330698994117357259e-01
-8.034317220034647988e-01
2.748077310741292578e-01
-9.197749634770282512e-01
-2.864038382442295472e-01
-7.684355606992889776e-01
6.224716365907925208e-01
4.497663364101462946e-01
-2.140932830138702059e-01
-1.235035218141288027e+00
1.462104129165285649e+00
-6.231401760312023086e-01
-1.588330891677181000e-02
-5.900043235305982847e-01
-1.418017457405529314e-01
5.919002445347487651e-02
-3.590911824418130394e-01
8.977943132364529788e-02
-1.467395226997361135e-01
1.359871872167879303e-01
1.789809644244542142e-01
-4.060834719487091959e-01
2.976039769605876018e-01
-2.477005221725887552e-01
6.313240691294659257e-01
-2.504395087445407952e-01
-3.206139801270069256e-02
1.217889767772826204e-01
-3.251236100767567194e-01
-2.032559534733566764e-01
1.348614066254878452e-01
6.752972606802289945e-01
1.453079751528445485e-01
-3.770558231837064511e-01
7.187403068305062703e-01
6.324049487678715664e-01
-1.322947858130190113e-01
5.013555232576250020e-01
1.352792175984420808e-01
6.722524686701616403e-01
1.240824780194365040e+00
-1.340754192621975704e-01
6.207427473297038034e-01
-6.962819637604580336e-01
-1.508225640715631144e+00
1.637260342259718726e-01
1.378529665929014492e+00
-3.286607181052492166e-01
6.997367254208768372e-01
2.150303047714832161e-01
2.590017713073962113e-01
5.385863146589926487e-01
-5.272884132405231128e-03
-6.930268931685024114e-01
1.166985431296404307e+00
1.485138691499463093e+00
-2.608207533474660167e-01
-6.050947643807660370e-01
7.929013576453556311e-01
-2.627078045573592036e-01
7.139186683145659629e-02
-3.110527297006910885e-01
-3.480817918962015867e-01
1.608998257832148226e-01
-8.791033252361835082e-02
-5.135953170293774406e-01
2.736113810494664733e-01
-6.272560674057778840e-01
4.167565424476329383e-01
-4.579725573884436685e-01
-3.580293387520718795e-01
-9.043307319626343599e-01
5.032469332506206428e-02
4.029260648428678593e-02
1.743142302527846965e-01
-1.073074986841708878e+00
8.236679541914639913e-01
1.450295018147542692e-01
-4.700972409708628064e-01
-1.878713157637434961e-01
7.041964172308485814e-01
4.691394574097387249e-01
2.751111906676593222e-01
-1.274588338591043257e+00
-1.338311559036409193e-02
1.082167058253458158e+00
1.147364125469142238e+00
-8.745267729303023430e-01
-3.615629401105202589e-02
4.624504422693300754e-01
3.708514955146711145e-01
-6.856683409517918548e-01
-5.185750184586357392e-01
5.763330423286561199e-01
6.449870556223693541e-01
-6.487344161515586904e-01
4.393249329748618592e-01
-1.512782540477615179e+00
-2.583803681449499123e-01
-3.814412444169175131e-01
2.297172804847891214e-01
3.276394310606809412e-01
9.136220092938991399e-01
1.971480222705448426e-01
-1.360653618584656499e+00
8.949610707258308651e-01
-5.880072518442105434e-01
9.131930270231203295e-01
-6.078205913783030212e-01
-3.889215659794391655e-01
6.783933955701515472e-01
4.082082623737175453e-01
7.197387918369813065e-01
-5.467251145753175834e-01
-1.221962379037604407e-01
5.096597708419583483e-01
-2.222989221357813960e-01
1.591158951814284350e-01
-4.761383125527913762e-01
8.286009686224993231e-02
-1.465564055461499038e-03
2.715314152811565407e-01
-2.040499454238773325e-01
9.462010001788492275e-01
3.459121096568349429e-01
7.743659720231725885e-01
4.690976996221127848e-01
1.239500733786455200e+00
-4.503248891846443058e-01
1.237290702289408628e-01
1.095758378387160725e+00
1.193265090728424127e+00
3.568197941863440192e-01
1.992855073772803465e-01
6.157411427562422546e-01
2.868173298022558271e-01
-2.222654385716582581e-01
5.392123347386679200e-01
-1.338523523026511342e-01
-9.360857210918727134e-01
-3.459188655343945484e-01
4.003241124167375986e-01
-3.373414767319928842e-01
-5.115706074396477732e-01
4.032295331002977434e-01
-8.960872894896816376e-01
8.306798177566330210e-01
1.219070351109651007e+00
-9.495438852097217719e-01
4.036479867885365280e-01
1.094818461739865967e-02
6.328737550979166571e-01
7.349505956709609933e-01
-1.013286301482725360e+00
1.414087121972375627e+00
-6.249665564011959162e-01
-6.786486987226982848e-01
7.825367846746189571e-02
-2.353495484998893161e-01
4.079351263592387866e-01
1.533806230010199556e-01
2.449700330449413599e-01
-5.707531475066929261e-02
1.805703148077927089e+00
-2.927313270021327796e-01
-9.396527052672123403e-01
-7.103497020228060066e-01
-1.442298094211649229e-01
-1.084583721116164412e+00
6.197303590290896835e-01
1.192283491569803289e+00
2.340087561380652659e-01
1.120166752660559872e+00
8.203386767575873151e-01
2.456542274991679875e-02
5.123129719480719046e-01
8.188537519786542873e-02
-1.259506874712075231e-01
-9.075468692095922663e-01
1.283460417042013191e+00
7.580421846259248753e-01
6.254036251901693433e-01
5.897965292739044685e-01
-1.467675973880318452e+00
-6.580033321713862904e-02
1.255567007546085634e-01
-8.868052102406291937e-01
-2.218134203292034812e-01
4.649822450427016918e-01
8.768807948476631253e-01
-2.828432168819521308e-01
1.783377744748371185e-02
-4.929523764627941063e-02
5.870018014269025031e-01
3.856393178777555164e-01
3.444640167847374812e-01
7.631318235001067762e-01
-8.092311343937668155e-01
-3.261565701034783160e-01
5.524673096872723121e-01
2.359317507415594761e-01
4.916985990431230746e-01
-3.176364243680289690e-01
9.418977777563508624e-02
2.809290258245988881e-01
-8.102406673422102301e-03
-1.638360773906883949e-01
-5.601770583584482210e-01
1.458096148230359823e+00
7.809959353311413111e-02
-3.023065879820219237e-01
8.393249160183966495e-01
-4.462935374346939099e-01
-2.455246722557387073e-01
7.084914137298268244e-01
8.247866208511034358e-01
-1.548796520930182830e+00
-6.691779022285935241e-01
-7.397877005765876035e-01
1.398968167095979709e-01
-4.142009274372071559e-02
4.487844796713291728e-01
-5.013367462831119781e-02
-4.297020994917852832e-01
-1.245640776604032940e+00
-8.670640298497644949e-01
-2.817511744528049533e-01
-1.879473894278849144e-01
5.539178441444132517e-01
-5.820737379235376707e-01
6.760584229826127611e-01
6.477742788969820253e-01
-5.644323980918635186e-01
-4.969977664744362755e-01
2.567091311298677070e-01
-3.669089619800649515e-01
-4.269378914840320505e-01
1.470494344026653799e+00
-2.313984640238189172e-01
-1.058137327858406529e+00
-4.214263284551718058e-01
-1.188691860030868241e+00
1.317875569277937586e-01
-5.608835928732736065e-01
-5.548308010513283151e-01
-2.418554229906479947e-01
3.814050345821726751e-01
-9.472107697316927144e-01
9.316513537996140570e-01
-3.434806430893537765e-01
-1.635449911660922240e-01
2.018445458377566837e-01
-4.121550086662173484e-01
-1.980407589105528388e-01
2.453156521683190761e-01
-7.645179434389746120e-01
-1.164926369516565252e+00
1.003810234883761865e-01
-7.402649888932009148e-01
8.451044784882109084e-01
2.825898478449939688e-01
9.944157369859105700e-01
-1.951983778763946020e-01
2.483436069082696207e-01
1.732923537214769993e-01
2.368446806688986328e-01
6.494524222760293952e-01
-9.722252014624643834e-02
-2.380124319484053785e-01
-3.657245211250668149e-01
-3.897204081070162474e-01
-2.575218708110860177e-01
-8.246183762052998745e-01
-3.796338542328490107e-01
-3.509214824123754184e-01
-2.210641472159924348e-02
-1.218356971326439719e-01
-7.408295246703300307e-02
-2.603396676151659150e-01
-8.930797620045289875e-01
3.847301695739062666e-01
-1.249309473519595315e+00
7.464563988022980823e-01
-2.586070487487655001e-01
4.461840022781906612e-01
4.829091348575236253e-01
2.463282914300641835e-01
-6.759785227907082472e-01
3.656720190907929435e-01
-6.807459453889164180e-01
-5.389491644529265102e-02
-1.415932912993271842e-01
-8.559545102322250187e-01
2.814416880903802820e-02
4.111367071595015688e-01
5.923294751156458204e-01
-5.000291752864285399e-01
6.782158758489451600e-01
3.971182176601937286e-01
-1.700655381030253821e-01
-2.739779340903538696e-01
7.545471668928271924e-03
5.454306082181918924e-01
-6.275073863518372264e-01
1.025657954107897396e+00
-1.231105685219215928e-01
-4.557334157458328150e-01
2.161079104755883051e-01
6.500769965957982066e-01
1.070063053940470965e-01
1.082355542725332853e-01
7.141117813596133956e-01
5.829146142036787381e-01
2.738067800309895716e-01
9.572858966070452169e-01
-9.356449636668351388e-02
-8.012779694823510823e-01
-2.759280078185710749e-01
7.498741706940545981e-01
-1.015885197736566159e+00
2.403031221501850112e-01
-3.705773884047793842e-01
-1.098765251268666976e+00
7.760116204298972420e-01
-4.213319113237332658e-01
2.261321076511633166e-01
-3.670502325572293500e-01
-7.488472642136079216e-01
-7.071821401774442961e-01
-1.755298517823824511e-01
-3.093457902470948540e-01
-1.504645153502109700e+00
-1.162703050817268657e+00
2.193066833625962886e-01
-4.394659656796120473e-01
-5.833275045255490454e-01
1.925652078099338027e-01
7.999679602260290068e-01
1.271517760038846312e+00
4.675369994240359262e-01
7.062417792591482169e-01
2.197816327127473102e-01
2.053086279412370985e+00
6.170466727859746925e-02
1.110263553205097509e-01
-6.361719918126516049e-01
8.209457689104056044e-01
-5.897477894263145615e-01
3.426165139354448996e-01
1.922213887330670445e-01
-1.265078945046749226e-02
3.357788072216925102e-01
-5.672964804865667787e-01
4.537693190637526186e-02
-2.059271316226727322e-01
4.990886832160672526e-01
-6.682089546547942405e-02
-1.734860246102867265e-01
1.140478440274259597e-01
8.697538027616449341e-01
3.212183168301230296e-01
5.449842940494944443e-01
1.895307123955278783e-01
3.277751889972755350e-01
-6.564998730819651129e-01
1.079747770991291489e+00
1.704222771296031169e-01
6.737838592803067073e-01
3.063131116711943491e-01
-5.193569782707641025e-02
2.098703629997551445e-01
3.571948595573806173e-01
3.352451049465177135e-01
-1.366264425700780549e+00
-1.597455209613070082e-01
4.002719678704025341e-02
-5.035600959674413346e-01
1.412986236474047530e-01
-3.489372919834625719e-01
-8.477578514407415611e-01
-3.648638546750166967e-01
-8.222492046588483205e-01
-8.794308891010782503e-02
-1.059408739855616233e-02
5.146180928179902025e-01
3.945410898892678375e-01
4.303986151590493137e-01
1.082824347791775388e+00
-2.036545697530636190e-01
-1.109561183768854598e+00
4.704360281875032967e-01
2.597308537922993210e-01
-3.410019155006152047e-01
5.883430246489975701e-01
-1.022585353724026369e+00
-3.204699300972544407e-01
-3.634528194109885035e-01
-3.373588672530605237e-01
4.528712653284685530e-01
8.764474668823538650e-01
-2.719460752785787250e-01
4.951490104473723619e-01
-7.671993781286499114e-01
-8.271672755985663983e-01
-1.008260819544703146e+00
-1.380934042650974192e-01
-5.302366113316772100e-01
1.087409315801950882e+00
3.971625887705148017e-01
3.991318350291379602e-01
-4.862660948788244397e-01
2.187651866054807215e-02
-9.836687418968104168e-02
6.308464890720948404e-01
1.863132952694552813e-01
-9.674962932167643359e-01
7.656517264080413554e-01
-1.291309198365910849e+00
3.803009978541815883e-02
6.934535808240838151e-01
2.299983366231099779e-01
1.486714596358496010e-02
-4.828285285969577956e-01
1.740968971104059904e-01
6.994398618162769310e-01
6.692009256627144964e-01
5.323571365085912888e-01
-9.306941355393067994e-01
-7.863338965184709650e-01
5.554336748729173934e-01
4.327247641624420993e-02
8.754439369709743346e-02
8.444643604808819148e-01
-2.582093984181943469e-01
1.318269348061349433e-01
-6.506745807822911232e-01
9.653307766450103244e-01
5.523574522120284769e-01
-5.479019563293077155e-01
-1.419407994546992846e+00
2.580049189009567812e-01
3.867206157413942691e-01
6.362070127100691863e-01
-3.350962737526845814e-01
6.712544994439237911e-01
-3.885829762309898072e-01
-1.509618567427582825e+00
1.115214976909663314e+00
6.910246878069790100e-01
-5.637133634200957033e-01
2.032710133615331927e-01
1.164519222820685762e+00
9.948207269157594013e-01
-7.886488780840190671e-01
1.162555749548735307e+00
-1.936584443952282797e-01
-4.734014698664887888e-01
-2.985489175717779275e-01
-1.134501752886940551e-02
-4.595914787812880320e-01
-2.880108717592255729e-01
-4.688726567966146064e-01
-3.015165183497678925e-01
-3.335081034259568256e-01
7.595411114656691609e-01
2.301636853223119061e-01
6.438073344214849669e-01
-1.050086168856157798e+00
6.677038291227628264e-01
1.088533119689829576e-01
1.087478680613310544e+00
5.624220917860567326e-01
-8.975694221327996658e-01
-9.288307009739211750e-01
4.549213003555117041e-01
1.582529622937358660e+00
2.666064406902055595e-01
1.534970911798414051e+00
5.717874484873046725e-01
-3.730667304771779769e-01
-1.259638001926370876e-01
7.302175767575018739e-01
-2.901930284252358661e-01
-5.371369873380125171e-01
4.432643309002894938e-01
4.963788891100673339e-01
4.862105865444901198e-01
-2.067902831781243123e-01
-2.137937944389447509e-01
-3.189597910205259623e-01
9.851404030638155618e-01
-3.004404314290178846e-01
3.189722326436079669e-01
-1.123121490278155665e+00
-4.885082385497954149e-01
5.711017658386534634e-01
4.230214455430036935e-02
-2.731906349111881127e-01
-4.550673994366958297e-01
6.282214668417545056e-01
1.518915653011791989e-01
3.624939669463378422e-01
-9.028005677998240941e-01
-4.899202510810134470e-01
1.080826234522632490e+00
-1.383543163076036642e+00
3.269175486121387308e-01
6.755861948696129105e-02
7.893925269946446832e-01
-4.298949440160102498e-01
8.705169186933412462e-01
-5.151390314385739799e-01
-5.418037945432301328e-01
1.309832471859387226e+00
4.267390787580582767e-01
5.331167126679225987e-02
-2.207218386536711208e-01
2.552576434145148454e-01
-1.358243834777264070e-01
1.046802311425496512e-01
-5.431296806833296742e-01
-3.581694734138363145e-01
1.933684815450753547e-01
-1.177249027876144272e+00
3.363977922699499246e-01
8.653646354238553329e-01
1.700887400119732717e-01
7.051464187325269251e-01
-1.594395346382482259e-01
-1.071337007541487196e+00
-8.139328955862481507e-01
1.924342495482900262e-02
-6.077450861059965348e-01
9.007764686203145743e-02
-7.926714210461511811e-01
-4.442239418465936396e-01
-1.386179665761995139e-01
-2.373963462469212971e-01
4.574069255053938576e-01
2.411412667625612016e-01
-3.014683648988487619e-01
6.874600758318614169e-01
6.309074703825956476e-02
-1.761091759455615247e-01
5.052964013868894710e-01
1.482138915975346194e+00
-9.491427784842141335e-01
6.102628290763680852e-01
3.803783433741934061e-01
5.847651270645126687e-02
7.986568807643479317e-01
-1.863112592000568668e-01
-8.077204435363674051e-01
2.883749350779121201e-01
-6.364524692973381192e-01
3.836116529197060032e-01
6.287875987562063784e-02
3.181263426029579122e-01
-1.164828523096315127e+00
1.275193365390743239e+00
-8.890703619509334743e-01
3.851056445071865397e-01
1.097982935825578821e+00
-4.184031921435895640e-01
-5.207480721663833023e-01
1.870957087918085904e-01
-7.355812226032556467e-01
6.541903310923782300e-01
-1.098726017084112883e-01
-1.046607400045926894e-01
5.272406290126241402e-01
8.510547298234172331e-02
1.832698963913181878e+00
-5.385685202882948275e-01
1.654866480519132210e+00
-3.003786966358212851e-02
-8.805426123737190025e-01
-4.665769688907088764e-01
5.021698494544404312e-01
3.128803280812135768e-01
4.081167407349317600e-01
-9.600135680001651295e-01
2.212532257777262146e-01
-4.120457765632243863e-01
-1.805539681495278437e+00
-2.717565060130819887e-01
3.864020192091963679e-01
-2.824605101629984460e-02
2.280044749728471487e-01
2.033833468551362600e-01
5.720586133848515331e-01
4.318795686865071204e-01
8.756419891655395915e-01
-5.755507955264800302e-01
1.096133143618240879e+00
-5.017190130931972192e-01
7.299250226254052620e-01
-6.653482974889985968e-01
-1.228484573585055806e+00
-3.667662250158079118e-01
-2.406918563745064077e-01
-1.277821214833593899e+00
-1.725732455126571807e-01
-5.288732363247659052e-01
2.072477550919371581e-01
-7.515609558434741544e-01
2.065127491501081991e-01
-6.097611589658589182e-01
-3.831147551771421078e-01
-1.264457134172681130e+00
-9.350514026120375632e-01
-4.486609486178938511e-01
1.566421705817067078e-01
4.790919730374891827e-01
4.531375999949371902e-01
-3.209115524356915827e-01
6.837516691503182642e-01
-3.177419997821209208e-01
2.361121786845989945e-01
-7.711972648213105685e-02
-3.039533076967240177e-01
1.188925128901380468e+00
-1.277616217594971459e+00
-3.926143827390982111e-01
4.039133668378145359e-01
2.756208433959628223e-03
-4.610265698052735672e-01
4.389160262198625873e-01
-2.206717704009797387e-02
-4.004238405963009839e-01
7.153670977346955340e-01
-1.036938462087442669e+00
-6.190857435295882283e-02
3.747580813785624798e-01
1.688473974482151085e+00
-3.530217822841201780e-01
2.986540074333996486e-01
1.024087672527418391e-01
-3.406184077973053448e-01
-1.341481805425750906e+00
1.056886550549087644e-01
-6.125073684631949789e-01
1.082333652460025775e-01
8.401784604618995900e-01
4.206432622128319920e-01
1.502685198204734007e-01
6.612328863631660170e-01
9.188581413631791150e-02
-1.310611548324847497e+00
3.813527515687837877e-01
7.129765348533254610e-01
4.724239407343722164e-01
-7.937839711640961582e-01
-6.629876414901945125e-01
4.974303552804171247e-01
4.968921935248795663e-01
-1.847462121763498999e-02
-1.442060669505842441e-01
-1.399768712911075852e-02
-7.657977818716901197e-01
2.913097193767812954e-01
-2.432643103044913602e-01
8.597509433336814055e-02
3.073883568792377119e-01
2.658923492533169508e-01
1.085870884474191556e-01
7.829714156146945214e-01
3.987910931488203303e-01
1.185432420902543527e-01
6.990001649042607568e-01
5.366747945002519060e-01
1.983801971533161179e-01
7.250355443519227450e-01
-1.762675598049341374e-01
-6.013532606221350107e-01
-9.179793924404044958e-02
1.041072591545432857e+00
1.411785480333424658e+00
-6.997502257838315032e-01
-1.725456497922319699e-01
-5.420392243860314707e-01
-6.890149512659284881e-01
8.591708645543230105e-01
1.123807256054467629e-01
-1.413811366659771807e-01
6.108189001888977288e-01
1.413154904739235107e+00
4.791734734521346795e-01
-4.525065024401602187e-01
-1.105787327206155801e+00
-3.063333865848782978e-03
-4.820769165193130590e-01
9.835483943891283332e-01
-1.008114754210378550e-01
-9.577847112076458558e-01
1.824785845193162004e-01
2.245927223056742861e-01
8.357551002826113518e-02
-2.023762773279829119e-01
9.643226016675674472e-01
-2.736207827606751408e-02
-2.178723640808239992e-01
-9.783562053097094591e-01
-1.451800670185967590e-01
6.811794290003447827e-02
-3.015391720293623123e-01
-3.662232566228675879e-01
-1.012882854784662445e+00
2.568161158200172878e-01
3.768248762264025942e-02
1.045884660865876725e-01
1.864340082253157505e-01
7.359722380791744456e-02
-3.447614752861092313e-01
-2.750297301717150589e-01
7.066863069686490917e-01
-4.798990019670048568e-01
5.296949820111862550e-02
3.382916292893867194e-02
-1.124111867827162214e-01
7.298214417470747506e-01
-1.615665552314000664e-01
-6.731110255118561980e-01
-5.294632617888979098e-01
-2.054603588673913350e-01
5.130151130581221963e-01
-2.044981365965163889e-01
-7.700358689439346094e-01
-1.689754830797971508e-01
1.237939545735768476e+00
-9.939455479341026134e-01
9.188771707965859292e-02
2.201702885148648647e-03
-2.909193759002262070e-01
-8.652470476971982905e-01
2.190468420755014023e-01
-2.232620056475047576e-01
-1.278801904209280860e+00
-1.068916009138880074e+00
-2.153171643969207238e-01
9.965457138931199665e-01
-4.019945677430376563e-01
-5.507585496653533141e-02
-9.711294151377760642e-01
-5.724160300677070268e-01
-1.049127745928599698e+00
8.166808106378748988e-01
2.896084139799821600e-01
-4.842117985345995024e-01
7.062222428612408009e-02
1.164076335002014240e+00
-1.637132672319285831e-01
7.652942753796434516e-01
1.974682576333943729e-01
-9.595110081812281422e-01
-7.410816220025617795e-01
-1.019352474430671229e+00
-3.488177092628514941e-01
-4.847279077841530892e-01
-5.278469452891521030e-02
9.643278500721486068e-02
7.391062259721632444e-01
-1.625192040371281621e-01
2.395211919598612127e-01
3.129291281076085340e-02
-9.817701690087883293e-01
-1.216380664943770284e-01
-4.824478853716787086e-01
5.447721950326576135e-01
-6.209769239772349181e-01
-9.878612528762058531e-01
8.748773370805533744e-01
-9.180467163419532284e-01
-9.860038356753175748e-02
-6.514522770222566095e-01
-1.081736788971027430e+00
9.094152402737245566e-01
-1.976348810958832303e-01
-8.623808043651504107e-01
5.516171545848456148e-01
-4.746202286093312850e-01
5.646576537457290712e-01
-2.647553646716458431e-01
1.022565858941843153e+00
5.401984144721811987e-01
6.404217721997262913e-02
2.410499313999405757e-01
-7.817202263292655218e-01
-1.010470669092484286e+00
1.290093873708273442e+00
9.396746826634050365e-02
9.756212054654067600e-02
-3.070463714498758989e-01
5.889894954908783120e-01
9.956590955774391460e-01
-2.984154879640525948e-01
-4.687770280291205793e-01
-1.596387646972789565e+00
1.180114269465335042e+00
5.352337088527558961e-01
7.445883864685765019e-01
4.511294107660646091e-02
-4.112073824408026823e-01
-2.240551160387385110e-01
-4.146240927135487198e-01
1.382096555340064370e+00
8.039891573784316847e-01
-6.996509232836345404e-01
-5.606701654274264257e-01
4.474643565143301416e-01
3.992028130960321164e-01
-1.185682471778340297e+00
1.927921991759387055e-01
-4.616275581987583365e-02
5.091572271838318287e-01
4.503496565191191792e-01
-2.892975936614359256e-01
1.746954892111087787e-01
-1.779346723254127127e-01
-8.348718686409286605e-01
6.546591319477599313e-01
6.835990580692712371e-01
1.156543055367134087e-01
-2.541280167222641495e-01
5.330391859395211540e-01
-2.407503473990262322e-01
2.775011770621373941e-01
3.599939046597437908e-01
9.375771264875734090e-01
3.003812964768037830e-02
-2.959558874506891257e-01
6.010825911876702676e-01
2.502984629157856133e-01
-2.220882431872412965e-01
3.659953162739091326e-01
1.230700634581793906e-02
4.073065179792845214e-01
-1.321334902393989097e-01
1.302463146938563909e-01
4.176412792292127918e-01
6.231126536397546545e-02
-1.220124809095004537e-01
-3.732242233418947563e-01
-4.525519023833082244e-01
-1.004547195788791036e+00
1.067984308194311893e-01
1.833242677575697144e-02
-4.212749013828691602e-01
-1.347315295319626571e-01
-4.297161535901850016e-02
9.057806242009727171e-01
-6.258540339696416765e-02
1.753758191569021463e-01
-5.581480441335573417e-01
-6.221690526197516391e-01
-1.250960038541126806e-01
3.199381857432426202e-01
2.805254494687092759e-01
-6.130694165659855699e-01
4.699357410454894080e-01
1.544802502072019301e+00
9.533278004037999409e-01
-1.573164525022976434e-01
-6.685693946049688918e-01
2.243945648898399980e-01
5.536309070527103415e-01
1.354383527625838468e+00
7.463050811727045541e-01
-2.355914088900750158e-01
4.670212469718340031e-01
-4.183670051625840713e-01
-3.166016724294440365e-02
-1.112651229086489835e-01
-7.450995023998121525e-01
7.617704639202216299e-01
8.998896543420826788e-01
-1.248580683787121615e-01
-1.551453946360314973e-01
9.695059779052606075e-03
-3.171549020422679277e-01
5.313890972624202291e-01
-1.037698110077169833e+00
6.061431943977693138e-01
-1.206663868730750711e+00
9.545506857331886863e-02
-5.635969256857134013e-01
-3.785707788989842726e-01
-8.734971826465569578e-01
3.388064175882306017e-01
3.368967674412797209e-01
-5.984504757354560667e-01
6.375998742147350740e-01
-1.142282303962094403e-01
-1.501789505579775863e-02
1.046486686575311964e-01
-9.827731487566557789e-01
-1.059031128009945810e+00
-3.152991540008756033e-01
-5.089151740881900920e-01
-1.537542335684989325e-01
9.099424156373148165e-01
-4.930468904673261932e-01
-2.719418946898235490e-01
-2.364040124609143589e-01
-7.253332321452150566e-01
-4.287434780095953357e-01
-3.192826353125868266e-01
8.245073721062485816e-01
-3.386475706174154610e-01
8.367453127498940546e-01
4.514679805486121467e-01
-3.230459174221813612e-01
7.877650362646502202e-01
-7.892299963300839494e-01
2.322286099525969760e-01
-2.759511556971006030e-02
-5.256104305282560674e-01
-5.078794873825493994e-01
