2.447000000000000000e+03
3.509000000000000000e+03
2.911000000000000000e+03
2.442000000000000000e+03
2.982000000000000000e+03
3.397000000000000000e+03
3.727000000000000000e+03
1.109000000000000000e+03
1.536000000000000000e+03
1.291000000000000000e+03
3.457000000000000000e+03
2.349000000000000000e+03
1.448000000000000000e+03
1.189000000000000000e+03
1.047000000000000000e+03
2.112000000000000000e+03
1.238000000000000000e+03
1.600000000000000000e+03
2.028000000000000000e+03
2.177000000000000000e+03
9.460000000000000000e+02
1.670000000000000000e+03
1.298000000000000000e+03
1.278000000000000000e+03
1.663000000000000000e+03
1.633000000000000000e+03
1.388000000000000000e+03
1.437000000000000000e+03
1.948000000000000000e+03
2.547000000000000000e+03
2.600000000000000000e+03
1.596000000000000000e+03
1.727000000000000000e+03
2.075000000000000000e+03
1.870000000000000000e+03
3.853000000000000000e+03
5.140000000000000000e+02
1.206000000000000000e+03
3.246000000000000000e+03
8.550000000000000000e+02
1.956000000000000000e+03
1.466000000000000000e+03
9.740000000000000000e+02
1.408000000000000000e+03
3.881000000000000000e+03
4.512000000000000000e+03
1.431000000000000000e+03
7.030000000000000000e+02
5.023000000000000000e+03
5.218000000000000000e+03
4.105000000000000000e+03
5.511000000000000000e+03
2.903000000000000000e+03
4.914000000000000000e+03
2.957000000000000000e+03
5.381000000000000000e+03
4.412000000000000000e+03
4.770000000000000000e+03
5.102000000000000000e+03
4.990000000000000000e+03
5.243000000000000000e+03
5.048000000000000000e+03
4.595000000000000000e+03
3.310000000000000000e+03
3.048000000000000000e+03
4.692000000000000000e+03
4.242000000000000000e+03
4.813000000000000000e+03
4.864000000000000000e+03
5.474000000000000000e+03
4.047000000000000000e+03
3.628000000000000000e+03
5.727000000000000000e+03
5.248000000000000000e+03
5.737000000000000000e+03
4.120000000000000000e+03
5.136000000000000000e+03
5.054000000000000000e+03
4.982000000000000000e+03
6.330000000000000000e+02
4.429000000000000000e+03
9.000000000000000000e+02
5.028000000000000000e+03
5.131000000000000000e+03
3.712000000000000000e+03
5.405000000000000000e+03
5.160000000000000000e+03
5.625000000000000000e+03
5.111000000000000000e+03
5.430000000000000000e+03
4.525000000000000000e+03
5.410000000000000000e+03
5.019000000000000000e+03
4.762000000000000000e+03
1.335000000000000000e+03
5.575000000000000000e+03
4.495000000000000000e+03
8.320000000000000000e+02
4.452000000000000000e+03
4.890000000000000000e+02
