2.907823622701997124e-01
-3.240487829383767338e+00
7.421012574088781122e-01
1.930622612046212438e+00
-3.370969932934632318e+00
1.824486593054899686e+00
1.452308039952805885e+00
2.690065957043712430e+00
-3.043306053584884818e+00
-2.556099812730902698e+00
-1.441332374514097125e-01
4.654507526502769110e-01
2.879590493042540444e+00
-4.561850475894697610e-01
-3.603908389714582938e-03
3.000155546412708318e-01
-1.868987765974985393e-01
-2.748798577438588353e+00
1.697295071329579130e+00
-1.525784782458357025e+00
2.226805813362257247e+00
-2.165364903490199389e+00
-8.506009576202711031e-01
8.331654127789036579e-01
-8.084190093538801136e-02
-5.591892129068209982e-02
-7.604050812316263119e-01
-8.903354044280451518e-01
2.348486620448140272e-01
-1.429945114359329139e+00
-1.802055498364480535e+00
-1.183260984654981751e+00
6.049515472391444604e-01
-1.755751022321474508e+00
3.421611769539138592e+00
2.822716627843709247e+00
-3.104952178745507219e+00
-2.269799496469424582e-01
1.610253835244002119e-02
-1.131409903494263958e+00
-5.249255118113005381e-02
2.567971778439126496e+00
8.120933277540203221e-01
1.020582219338692198e+00
-2.090998083923335749e+00
8.637767880283497846e-02
9.317871913074613488e-01
-1.334215471625922689e+00
6.165600654533669456e-01
4.367491708317805532e-01
2.436702744108050211e+00
1.880824082676202380e-02
-2.924894939679343775e+00
-1.369146452747870946e+00
-1.492085758841859011e+00
-1.020371765329853631e+00
-1.018744883400606316e+00
1.859574264823748990e-02
1.594495988447262924e+00
-1.169957028495208107e+00
9.810924134916607642e-01
-1.160228419137768974e+00
-2.407801830660094566e-01
2.144397225258247275e+00
-5.425758761820134168e-01
6.862543043023610068e-01
-7.699930159003818275e-01
1.505141600474264152e+00
1.674455543028861015e+00
-2.338298145918624726e-01
1.947373063127672665e+00
2.572721242460501045e+00
-2.824049066151891996e+00
-6.897124370323579612e-01
3.069443531549881143e+00
1.010085674272177769e+00
-1.392066508259154567e+00
3.039162165074779764e+00
-6.473513390481997476e-01
-1.977711282955741723e+00
-5.246445992796591185e-01
-1.049211906878993794e+00
5.270510091151647813e-01
-5.894956120966519109e-01
-1.758119531385716527e+00
4.550935460137246480e-01
2.180577635189138164e-01
-7.569833057597064041e-01
7.453958691914035484e-01
1.082139877661099092e-01
1.007094142935745396e+00
2.370603181714639796e+00
6.454445436829772120e-01
-1.064436506095725488e+00
-1.630790392128688815e+00
4.867802174661326475e-01
-2.272824955751793663e+00
8.399030547998176388e-01
7.094250819297567290e-01
9.908122745806400289e-01
1.695924573050148432e+00
-7.031721252599973937e-01
1.595747282822427948e+00
1.869564491468400647e-01
4.459349746835954420e-01
-1.491803833899316700e-01
-9.308922834955568604e-01
-2.177815233883531487e+00
5.350321302148834945e-01
1.202494238236861968e+00
-1.025409892637984655e+00
-1.466313141163216649e+00
7.378639082805937832e-01
-1.796345834317851775e+00
-3.256034456064975657e-01
6.241759937448616569e-01
-2.540223668587695993e+00
1.523153257771761027e+00
1.359817256880365477e+00
2.294215565098495446e+00
-9.839130073351256556e-01
-1.052802448760685294e+00
-2.475615167008532680e+00
-1.182122770545102064e+00
2.538397293230234553e-01
-4.515513737054615007e-01
-1.387518399022448889e+00
3.483189029889128818e-01
1.583972188095966516e+00
5.807942585026175664e-01
5.345589297272779206e-01
-1.149713874363947674e+00
-1.693128088093112993e+00
-9.632027458025582689e-02
-2.960592460723914687e+00
-3.326118191808635771e-02
2.692007515927619110e-01
1.451510270212788001e+00
1.066215009357478039e+00
-6.336006530806042036e-01
-3.035348772261245998e-01
5.081727862209728386e-01
-3.041234714558882501e-02
-2.514927162208114630e+00
2.542268780141618834e-01
-4.633742801703899516e-02
-6.003425256377621366e-01
8.675854596121190809e-02
8.242683492709446114e-02
-9.705057537632297837e-01
-1.873870629487104367e-01
-9.481099915941895162e-01
8.603699075722843759e-01
-2.240725622759596192e+00
3.484552106499263502e-01
-3.222911754298261044e-01
9.833198327250070037e-02
4.226728992789023920e-01
-7.064667279293797009e-01
-8.016443717648060741e-01
1.810778777952463336e+00
-1.077865328559036939e+00
-5.376912333531773669e-01
1.348248763219878299e+00
1.702818261479791317e+00
-8.658321230783627698e-02
1.230866744225581400e+00
-2.313703590660918685e+00
-1.319879414330062506e+00
-1.979568020678028173e+00
9.252652881812206687e-02
1.126672864701820487e+00
1.807863061295008400e+00
-8.765044510889579144e-01
-8.193034454994023719e-01
1.249780851451241404e+00
3.257431282770584247e-01
-1.162259432570294848e+00
8.908327708589389715e-01
8.307069493628045365e-01
-3.390992476356853302e-01
1.003424182266130060e+00
6.128708793499981766e-02
5.745226688240245849e-01
-1.042726456123856060e+00
1.308783802631419135e-01
2.023987488195732709e+00
-1.657285310981062576e+00
2.009686831083667968e-01
1.589091182550978587e+00
9.654714353356048662e-01
-2.459185118210289733e+00
-1.768227349603005649e+00
1.649654543455259414e+00
-1.037652379088960242e+00
2.099677643507408931e+00
-1.853164504919296185e+00
1.981073973537695210e+00
-1.418516925682875574e+00
1.750674253252602064e+00
8.609374848244915057e-01
1.986067265042281704e-01
2.195321025700964768e+00
-1.618304993387873481e-01
-5.481602033429862075e-01
2.308348472712835608e+00
-2.647535206273712305e-01
2.334985330478964727e-01
-2.219343147552760520e+00
-3.444437531503963257e-01
1.971293152290414241e-01
2.990167202276357017e-01
2.835065826001031297e+00
1.579440791445474446e-02
7.248983440590865968e-01
-2.420717102627159001e+00
6.634519752748175847e-01
4.286630737950858361e-01
-6.460939674889090156e-01
-1.634324033323339975e-01
-8.220726689645889707e-01
3.075823367749130455e+00
-1.955655815238288131e+00
1.804531048324101050e+00
1.697500218445368247e+00
-4.764192186382221195e-02
-3.118962787054150532e+00
2.219113675621544601e-01
-2.166380221609573553e+00
-1.453053625120208636e+00
-3.192076230884941523e-01
-3.366275121735580633e+00
1.013764053207692584e+00
2.002850860394705279e+00
-1.922869422152846397e-01
1.415486530820930788e+00
6.913184260705085293e-01
2.205858881634141788e+00
-6.907226645794031228e-01
-1.506163591160956106e+00
1.629979313991896106e+00
-2.598552296437217635e-01
-1.003707521987973195e-01
1.557118822947645143e+00
-1.271002626551126724e+00
-3.414047325158295898e+00
-3.375137113941804046e-01
7.643303227329827365e-01
-1.478115417758236738e+00
-2.360257567554991276e+00
7.193549886321806142e-01
4.329343432839438677e-01
6.121106879270321599e-02
1.008753527542067374e+00
1.887052319886772800e+00
-3.152066607470285220e-01
-5.989867911983823845e-01
-1.210411203251005929e+00
1.850205294254134714e+00
-2.367732804107212097e+00
-9.801009584929420981e-02
-2.238983885389529860e+00
-2.520866724775362222e+00
1.517716843741673927e+00
2.844730450571999469e-01
1.277956280160335467e+00
1.440660374393251786e+00
-1.334340588348690293e+00
1.255776145900649787e+00
7.983718593939155284e-01
1.436119935714765816e+00
2.678739371577394834e+00
2.041185722564797800e+00
2.138187883968551972e+00
-6.645365602165060892e-01
-3.456947264356866611e-01
6.500462909243900356e-01
1.202841251970649949e+00
-1.100031785677215712e+00
-7.121389508497255605e-02
9.534540349185771646e-01
1.667990088274668992e+00
-3.018380234266135886e-01
-6.300775164474377021e-01
-1.763586426939146357e+00
-1.295591025228846505e+00
-1.059980240892945957e-01
2.798942426293651309e-01
-5.677426226243742491e-01
2.596964976017739346e+00
8.393202952769520664e-01
-1.541596895396066813e+00
-1.254793834409654973e+00
-2.107631382768873074e+00
1.657492420976920400e+00
1.794534980579473249e+00
6.751980852568344460e-01
3.559699943901520669e+00
2.996438988030247330e+00
-5.152443181187571497e-01
-1.164715633182566101e+00
-2.581447983199411933e+00
-1.117842856653946004e+00
-8.523668891851237106e-01
-1.073732938371154688e+00
-4.272443386511692864e-02
6.869497289765220671e-01
-1.700581337896737821e+00
-1.160653123581006696e+00
1.291142518361887426e-01
1.608776377693921233e+00
-7.209569506832087527e-01
-2.636245020313009668e+00
5.173773813345272643e-01
1.433478559098714911e+00
3.005074038747778786e+00
-9.530632204766424920e-01
-1.239929334396883132e+00
-2.366802529672033195e+00
-2.071393277738399874e+00
-1.995263946652842790e+00
9.545663078942547841e-01
-1.412418501288319472e+00
2.852002357226726126e+00
8.255280872152281901e-01
1.506384337703876142e+00
1.994171489185276869e-01
2.179944491832140230e+00
2.126718575593020688e+00
-4.741459335570592515e-01
-8.560270974882913109e-01
-2.023596481711844142e+00
7.658174392838983380e-01
9.219310289543756198e-01
1.103257453594816084e+00
5.476305662136224939e-01
-2.548281354708105795e+00
1.966626031098634542e+00
2.601875983895933331e+00
-3.367658502547552501e-01
2.007988133424547073e+00
3.229563697616210760e+00
2.322003186879903147e+00
-2.197991517907174952e+00
-1.338775928744863286e+00
1.580509463482984600e+00
-2.357089009947176628e+00
1.446305860132293120e+00
-2.632177489886865729e+00
2.200205972377764496e+00
-7.392865955484877460e-01
7.281385644606039875e-01
5.640724603183224772e-01
2.306477019292603181e+00
2.327688042698163429e+00
8.607091769035282169e-01
1.172455092604304028e+00
1.178193195333863130e+00
3.083190148929118024e+00
2.830916426243837769e+00
-1.634925734898899918e-01
-2.341756115964770402e-01
-5.301275150341044906e-02
1.373781149666397638e+00
-9.044622004195366216e-01
-7.039592167981369997e-01
-1.196566325143315623e-01
1.259779574247541944e+00
-9.509232417373478796e-01
1.601360744495003097e+00
6.082468340045661392e-01
2.237444665949155365e+00
-1.032496222363039617e+00
7.561094250001083594e-01
-2.104288462704968943e+00
-1.835059028002926418e+00
3.444604590380500042e-01
-2.572337699839412739e+00
1.757520997748204472e+00
-6.375513777760062339e-01
1.961508447431958402e+00
2.474052114250977041e+00
4.367469364755036665e-01
1.944492930496810601e-02
-7.174489279755764670e-01
1.035325784848678765e+00
-1.893364603624304365e+00
-1.336539297062503628e+00
1.863959617478715636e+00
1.322235553253720219e+00
-3.089886003624721766e+00
-1.030507253288706071e+00
-1.679151634049271369e+00
5.678932075095177723e-01
9.661572965029456839e-01
1.897558950190880722e+00
-9.724457387662175378e-01
-8.845776250727324097e-01
-7.113053146966628049e-01
-1.006864079738925444e+00
-1.411739221585927684e+00
2.665297618341134545e+00
-2.337719491709413067e+00
2.388787129911094098e-01
6.747036993616788436e-01
-9.273392075123201295e-01
1.815435297338082954e+00
-2.044267080072783571e+00
-1.566506847225492383e+00
3.612504910014981974e-01
-2.779543657483273478e+00
-1.661963718795131939e+00
9.975537536821157403e-01
-1.451226782348805422e+00
-2.958287012460969478e-01
1.171706231639690010e+00
-2.052713036897537702e+00
-8.078591606866645236e-01
2.400043086799246161e+00
-1.379228930553831667e+00
2.926902087991637202e+00
-2.705417310100033390e+00
4.200135573408747547e-01
1.587593609506921410e+00
1.613914097763431421e+00
1.301247188843075442e+00
-8.390648085181622307e-01
-4.405055505215287326e-01
2.194961560318482441e+00
2.158763612625918427e+00
8.114630892763994297e-01
7.183756054433132476e-01
3.510661450646157533e-01
-9.176732881609259707e-01
-9.018033893488990316e-01
-1.184730786725225471e-01
5.440990919374657508e-01
1.695920169605576788e+00
1.476136895623310963e+00
-1.223566226015399661e+00
-3.689929062872465693e-02
6.027741423553090172e-01
-9.961611777503964760e-02
4.170542264268704002e-01
-9.323946092743717884e-02
5.101301675016776116e-01
1.526769596434726317e+00
-4.325595297615105750e-01
-3.229395513618574576e+00
-2.153936599667076734e-01
3.237938324091391706e-01
8.575154841161545249e-01
-9.594821839501470606e-01
2.151341756101794900e+00
-2.358048656980709090e+00
-7.943568873141746423e-01
-2.811167581840070540e-01
-1.552189617029160473e-01
-1.618084207885892578e+00
-1.138279899203316958e+00
1.111535687129372008e+00
-1.317078262862085403e+00
-7.950926675575189506e-01
9.424610819281848961e-01
-1.037754179087937878e+00
4.865207053903368717e-01
4.176511248827914358e-01
3.982718067989532429e-01
-2.788213330647431931e+00
-3.514684959891090088e-01
-1.804057440173974403e+00
-1.569011481357005966e+00
-2.738544142442722151e+00
-5.171867011008401960e-02
1.708327912709521890e+00
3.427770508128347160e-02
-9.281779338051121542e-01
1.359556954628990511e+00
-2.398738500687577435e+00
-2.314782489495373241e+00
-1.633680308010716509e+00
-2.922362388662875787e-01
-2.116257777132254603e+00
1.825941184045163368e-01
1.204569262954477971e+00
1.582152379682622900e+00
-3.867001019308178300e-01
2.813473685554823689e-01
-2.128836636293845785e+00
-7.350931356656245086e-01
-1.068128444636993635e+00
-2.814025013438108402e-01
2.717971936618952533e+00
-5.201955818287888889e-01
1.156272549924040050e-01
1.465274664547790096e+00
-2.188586859826435749e+00
-4.005729356907430372e-01
2.836289854652452647e+00
-3.136953236739747908e-01
