7.699703025816484470e-01
2.135284528960053052e-01
-6.682346994854775346e-01
1.354742551202425815e-01
-4.522502506972445602e-01
-4.988978121236078422e-01
-1.539668132725930949e+00
3.651908155152412405e-01
7.814771361999897081e-01
-4.677753522467611447e-01
-4.845767267901264219e-01
-4.792455070640269099e-01
6.176369748517878122e-01
-6.291527156471365956e-01
6.442427353395636658e-01
-5.218446900387014864e-01
-1.236244114420985696e-01
1.125665157607746991e-01
8.600576013369396478e-01
4.685155682796349197e-01
-5.555918029633932775e-02
-8.085780853671247215e-01
-3.750137154028738706e-01
2.341017498673245711e-01
-4.418273728748083329e-01
1.553350718629840088e+00
4.575324539510061683e-01
4.048138089255033378e-01
5.277048971296789404e-01
4.837489367516401018e-02
1.002614890738088960e+00
1.580522211021540002e-01
-6.267403358996999074e-01
1.002428769510368411e-01
2.855204337322057029e-01
5.090130837992976609e-01
-8.456156139366566293e-02
2.729438883821275752e-01
-4.333782679712356867e-01
-5.215146195281779029e-01
-7.366050611054273389e-01
-4.858718440180318510e-01
-1.109834711888614045e+00
-9.526960784021110129e-02
8.382966802851568033e-01
3.057149279417084031e-01
-2.809248162603381616e-01
3.425146300026380430e-01
-6.639628252942300080e-01
-4.355744021244225550e-01
-9.393802284134107339e-01
-1.441971780916222023e+00
-1.031778381079515583e-01
-2.231069565902732421e-01
-5.478977317706235084e-01
-1.148794802821520022e+00
-5.281195004468468568e-01
-7.807021482871911999e-01
2.155566165583833182e-01
-6.105739485274943590e-01
8.348948625126713097e-01
-1.937426406659312761e-01
-2.514723425872231743e-01
1.059272315976582668e+00
9.376571180876425160e-03
-1.396685697808539128e+00
2.610384760717412433e-01
-3.575331310185312361e-01
-2.159865871074710952e-01
-1.609581749723907329e+00
-5.937062333077589571e-01
-9.864147114475496636e-02
-1.150847604260558654e-01
-3.156293090669413104e-01
2.407993711334430742e-01
-1.408527349567050280e-01
-1.110732511028168723e+00
-2.619095970578024790e-01
-2.991939374532295304e-01
-5.439328660627378298e-01
3.154933026983144373e-01
6.730319659159702539e-01
3.536602009323885909e-02
-9.149621938830616585e-01
-7.699417507405037497e-02
-1.236555572801973035e+00
-5.932944994041289277e-02
-2.137078570834942681e-01
6.060996675412910761e-01
2.426158926528803050e-01
-2.952152080262475664e-01
-5.156271742623950161e-01
6.313456490249471642e-01
-3.843944047854357393e-01
8.174046406856092517e-01
3.386742454483835374e-01
3.784777489522328509e-01
1.650678744377964691e-01
5.651305388794893858e-01
-3.989078488168855685e-01
1.247393383250363641e-01
-2.002028274569402910e-01
5.497697314006479985e-01
6.971695974789282602e-01
-9.376381117706564794e-01
7.224063694455651330e-02
-6.790313641637295561e-01
6.778629375566076476e-01
5.096768833814024902e-02
3.106592039342084277e-01
-2.552568046277441383e-01
-5.023726332187168353e-01
5.409977615904733028e-01
-7.695102870346293145e-01
-1.145918256192119955e-01
7.143479299720034703e-02
-4.492637406919932630e-01
4.774582833211091781e-01
-2.563975719118278818e-01
7.689592247676060310e-01
-1.108552746469598116e+00
-2.081679746645823670e-01
-1.034741085741599953e+00
1.528583704475803273e-01
4.606800611268297985e-01
-1.303013690801404945e+00
8.045859435021407435e-01
2.054912345546000552e-01
1.115973105720005520e+00
-2.141528169332698184e-01
-2.829088886265358482e-01
1.669823614269816403e-04
-6.114525427476804609e-01
2.526188857352673622e-01
-3.257262162073750744e-01
-8.862817326719234501e-01
-1.967786273789968732e-01
-3.056993698856471653e-01
-6.179039716108736258e-02
-2.705882772242524936e-01
4.168711233299573493e-01
6.650932522524861668e-01
-3.955652511915079828e-01
1.008969198184339611e+00
3.944082665400863164e-01
-6.067947793093253495e-01
-4.313988359755747126e-01
1.082601092911019691e-01
-5.115404472518045864e-01
2.863495930658217503e-01
-9.318171077110806166e-01
-4.263853140332249936e-01
-4.507373963174270415e-01
1.168672571584501441e-01
8.072485625469560944e-01
7.165013075631874173e-01
-1.617861402461393538e-01
-5.968667061501600202e-01
1.325021471056605726e+00
2.014929908394229585e-01
8.356712901251794889e-01
-6.844993015114280155e-01
-2.261027970926390296e-01
3.187547181972831822e-01
-3.852875546383147665e-01
2.439121169906304232e-01
1.356559420140114547e+00
4.453417901510494659e-01
2.201518738828234234e-01
-8.427918476484475008e-01
-5.194070706114208846e-01
2.057607751467003254e-01
-1.040250483297118222e-01
1.605442843828571498e+00
4.028788238172298364e-01
-8.364355721072689320e-01
1.053527441249375585e-01
1.918660543453860612e-01
5.319866415334217891e-02
-1.337077873444314946e+00
-5.771086217961638454e-01
8.765976413023448544e-01
1.110258940272006001e+00
-6.535941611375157834e-01
3.565230164787536182e-02
1.336767811102138381e+00
1.271669856589552339e-01
-7.521786595043522539e-02
-4.505305323280204277e-01
6.475810162677539950e-01
-4.004788767544287253e-01
-1.591980891919231311e-01
-1.430580689795064586e-01
1.835923650112878391e-01
6.195484657921754845e-01
1.662605982617577638e-01
2.728859526531852708e-01
-1.651158990781578240e-01
3.358393256397977922e-01
4.453216467131166922e-01
1.910311183881034935e-01
-4.480220082031998174e-01
-7.890170854413929291e-01
-8.399267367605842693e-01
5.320365368619475177e-01
-1.582178042982809174e-01
7.969326724791336858e-02
-6.628019060255372352e-01
7.288731889360944294e-01
9.384849587682850824e-01
-1.585654730994403128e+00
4.847371242922813295e-01
-3.752103889878259935e-01
4.716122811785430358e-01
-5.203942923518045660e-01
-2.803078838350083757e-01
-6.500023131780450214e-01
-5.785678041344377576e-01
3.756075341424498504e-01
1.980497492517923064e-01
-5.839265389452501509e-01
-3.338907015274630297e-01
2.358138942158225504e-01
-3.197063474918673265e-01
-1.057123145284855070e-01
-1.082770463332214383e+00
-3.373837165102244740e-02
7.393426523324801991e-01
1.082338118802628202e-02
-2.160445528961858486e-01
1.570430049534117245e-01
1.514164741177568274e-01
-1.232714907894629341e+00
-1.176921893231661631e+00
5.291937353317877069e-01
-6.227337742756180461e-01
-9.039934209668105680e-01
5.842220774265936001e-01
5.429089330699401472e-01
5.306246807612833294e-01
3.064937836181211850e-01
6.311195654201373628e-02
-1.608888625477955525e+00
1.334163385416164971e+00
1.080931296469538339e+00
-6.301529018731510945e-02
-5.052227120947314631e-01
-2.821820983092226953e-01
6.634494097970460302e-01
-2.284941907657387361e-01
1.552352923690740738e-01
-6.866169171156037976e-01
-3.764696898756696442e-01
7.695363613829702132e-01
5.653875002587476217e-01
4.950913515515775742e-02
4.327275478267456066e-01
1.427368268298732090e-01
1.310695210650880682e-01
7.047421748429494315e-01
3.251106951040494408e-01
-2.879586984461903754e-01
1.273132450399874216e-01
3.850412418407191950e-01
4.890455806672511230e-01
-4.551983919928384026e-01
4.409663517301423141e-01
-2.866634836896650995e-01
1.798709506470519415e-02
3.079039127650338159e-01
1.183441429237618081e+00
2.217838996913368277e-01
7.424955844490970236e-01
-7.738153805927519002e-01
7.139545142311494175e-01
-4.075378839643484241e-03
-2.546269571895525274e-01
-7.473070563908832398e-01
1.807658228255668575e-01
-6.320894740419387148e-01
-6.827188739700318365e-02
2.209573793015140453e-01
-6.605340852546017771e-01
5.101207384646073706e-01
1.216923122917412670e-01
-8.130460077475456515e-01
9.884182294137531244e-01
-3.131795358705229404e-01
-5.157157380632675370e-01
1.374088757249687376e-01
5.766611224417967918e-01
-6.600370784302640459e-01
7.549121211499105755e-01
-8.874703514910793345e-01
-3.437684426041460739e-01
-1.085798905189499841e+00
-1.613507221785805967e-01
2.441442238372202311e-01
-1.309704760354790665e-02
-4.927789524579795355e-01
-5.819417640747222009e-01
5.980734281813848696e-01
-1.602328670145356071e+00
-1.195044673547607683e+00
-4.545015015497169131e-01
-9.804309698696513919e-01
1.130000235223262095e+00
-4.115921408400602388e-01
4.260811529599468628e-01
-8.935035057412852311e-01
7.772278360476558845e-02
2.719025578469915772e-01
-1.289298729737344384e+00
5.072762941814890070e-02
6.135899644725038016e-01
-5.902044907637948867e-01
-2.398656179821161416e-01
-6.937184633367108333e-01
-1.664647235449043805e-01
-1.092169744014324095e+00
7.827253685278465767e-01
-3.648011809507059056e-01
-1.188260359208040740e+00
-5.983063150412384346e-01
1.436096856445516323e+00
1.210482184280370355e+00
2.449622982405186278e-01
8.888847957649472775e-01
-7.409661988247604469e-01
1.567898367184756836e-01
-5.045194646676076644e-02
-7.943203191864238732e-01
9.051792186800522444e-02
-4.567931111318053183e-01
-1.040056781601099711e+00
9.876885559870096642e-02
4.367357469269546044e-01
3.431481736295705076e-01
-1.250852476588659279e+00
-3.569556148928745287e-01
-1.049342101043127418e+00
5.132128860503311074e-01
2.892277178293234385e-01
-3.164513273565017215e-02
6.936981226221394792e-01
1.750034870441701251e+00
9.909403015020323835e-02
-9.193561911217349447e-01
-4.231261916212663010e-01
2.990787752006172084e-01
3.389232185268493680e-01
-6.934724396598301865e-01
-1.177337043128030558e-01
-7.783028099586370985e-01
-8.376268014748795565e-01
1.251622017938522902e-01
6.373836639426269102e-01
-5.618181325955537986e-01
-1.530926710909108479e-01
-6.635985157935841983e-03
1.093753363996469830e+00
2.807666048803199033e-01
-6.139782223655902982e-01
1.799413446953117557e-01
-1.316356035081653886e-01
-1.104690290788083118e+00
2.906993071477028678e-01
-8.326498073125145893e-01
6.483059492931531054e-02
-3.480155962156317173e-01
-1.146627522722607484e+00
4.603476767518399626e-01
9.184002588452946370e-01
1.524630511291888979e-01
-2.713913152658520289e-01
-3.846766807723698278e-01
2.358999554892466932e-01
1.035930612618667368e+00
-7.313393236381688922e-01
-1.360557940926128140e+00
1.524311619334284273e-02
-1.125308478889526231e+00
-1.647698495903702209e-01
-3.792659989911708607e-01
1.047221704378031859e-01
-5.821857961801732984e-01
4.310861459385337824e-01
-1.573738833832711848e-01
3.945815015156988181e-01
1.852262688213359709e-01
5.297462054226365069e-02
-7.454649766680674361e-01
-2.102927008332748926e-01
-1.979999144579824844e-02
2.412770430451267600e-01
-2.734767220321199233e-01
1.029659935693048922e+00
2.788814633887737315e-01
-2.349260401325548031e-02
-2.983285981782737295e-01
3.514598043424417284e-01
-3.412161652877099272e-02
-4.693624607451738484e-01
-3.519817570222363301e-01
3.839907118637331251e-02
-3.456644710335670112e-01
-1.091324011285490503e+00
-5.685704207187267656e-01
-1.147114973629093537e+00
2.239653281985436450e-01
-5.293896457543718626e-01
2.495142884890615420e-01
6.207839252683724496e-01
4.701014996824444125e-01
4.588933703915270002e-01
-1.488208619700994717e-01
-7.650085887811819418e-02
7.711443632300287732e-01
2.377376937482935659e-01
-6.193271749217847955e-01
-9.725544729684516554e-01
-6.459470106587552607e-01
1.669340851822891381e-01
-2.925627817220357585e-01
-7.149723978755258003e-01
-2.932139392788961629e-01
-3.378052899186156921e-01
5.722037376429112143e-01
-3.066840179781831210e-01
-1.126497031204398258e+00
9.047968985884038418e-01
9.449255227673569735e-01
-4.465686143714027168e-01
-3.073635544272406150e-01
-6.971270781447485021e-01
7.902702260086025277e-01
-3.660934941939464338e-01
7.351332974223456773e-01
1.133147177815015283e+00
2.772351588006358725e-01
2.890906415601612878e-01
-4.392192504131138264e-01
-1.817283789144132911e-01
-7.386419732645688185e-02
2.289882692870985892e-01
3.593419170759846182e-01
-2.515270904608692959e-01
7.115130348182781006e-01
1.666504499175172072e-01
-4.950897749123832625e-01
-1.072131127537198747e+00
3.686573043061356358e-01
6.931702220909805590e-01
-8.937130410500984112e-01
-1.297527384006789131e+00
7.256279138885552982e-01
6.497218742508783507e-01
-1.083035237978612564e+00
5.275456847423134477e-01
-4.088634845274805585e-01
8.353786465264620986e-01
-9.009854404400297057e-01
-8.171366557244290618e-01
5.654818919791981813e-01
2.658868912740954826e-01
1.306121498138290704e-01
-2.372227954103909298e-01
-3.231552049309556196e-01
-3.117638892275413909e-01
-2.264597993200592185e-01
9.650221849799578422e-03
4.949446935493417854e-01
-3.856153405440920778e-01
3.166156191080338189e-01
-4.849471879339199987e-01
4.098319006218034133e-01
7.584446217172491345e-02
-1.011076874092752931e+00
-3.107128213117587023e-01
3.552690439527550481e-01
-4.872254349388835948e-01
4.868726021607203691e-01
-3.152164850282854758e-01
6.265534643713444041e-02
-1.626009867991680125e-01
7.395386452782499731e-01
-1.591513757677565088e+00
4.874248064216599730e-01
1.225754314833764624e-01
-4.239239801004677233e-01
1.059436889773390789e+00
1.011222320128775998e+00
-9.235428895384512060e-02
1.623933669537249713e-01
-3.795342028525467981e-01
-4.261893742337248270e-01
4.032047163126968314e-01
4.333874549959180200e-01
4.555495194843297568e-01
-4.228243248798593257e-01
-1.420484681717395503e-01
-3.526962741606904927e-01
-6.126059099052554302e-01
-4.475688736419201064e-01
9.287355581890990308e-01
-5.701674660279651974e-01
-6.868966387417030361e-01
-1.398354911427857061e-01
-5.364968698690777416e-01
3.546422622080678266e-01
-3.007558036923914102e-01
-3.560466424561381515e-01
-5.602990951655808516e-01
-1.669324883950418226e+00
1.279615351483265329e-01
-9.555095262901858177e-02
-4.294275376834777447e-01
4.014015898902636437e-01
-6.369483810924734257e-01
-6.024976904047960602e-01
-5.071370291810826103e-01
-7.947953838041152963e-01
1.012636519353135256e+00
4.237705112636636073e-01
3.692298474292021737e-01
-7.011157187248171496e-01
9.086759577900274110e-01
-4.051345678893447655e-02
5.871083776420498168e-01
-4.949993641764738328e-02
4.786544562335146580e-01
-1.396427053100655069e+00
-3.770702565695325248e-01
3.230209418482319350e-01
-5.658000899595414523e-01
-3.489466400192569040e-01
-3.158674422897620460e-01
4.926521852543288560e-01
-6.243810104404250438e-01
3.837484478037600510e-01
-1.171397063149683948e+00
-6.562096142487048311e-01
2.180570652803970333e-01
-9.644886185177607985e-01
-1.812976540033730544e-01
-4.773077219661594484e-01
1.197031871479109277e+00
9.153565012381061905e-01
-3.275161493206901753e-02
5.272669554473798925e-01
8.157793251904985610e-01
-5.610294015423828995e-01
-1.287953482915860093e-01
-2.742782136928987313e-01
-2.597564021971914272e-01
1.090961331093174280e-01
-8.296439122670129507e-02
-5.539888520435232167e-01
2.544304607925891304e-01
-2.808297895563578450e-01
-4.666590847691853838e-02
-1.337326573338373237e-01
-3.179762843042226450e-01
7.184130894804212630e-01
-2.727945345966009683e-02
-9.160162814263035358e-01
4.560338921220949970e-01
-2.262964638785547322e-01
-8.611367486160448337e-01
2.496461710292745551e-01
3.599327791322339820e-01
4.225811604901386076e-01
3.329731962432216363e-01
6.359110453812704122e-01
9.785261300233916160e-02
5.927502863288705015e-01
3.150341214901430931e-04
-4.681423142226659451e-02
2.296918944033210508e-01
1.196919820162420933e-01
-7.118995769188813938e-01
-3.724319304946446252e-01
1.518507602830423409e-01
-1.650231718742833920e-02
7.215485111540598240e-01
-3.901611052649247569e-01
3.405297059353662448e-01
1.111821107617819493e+00
-7.054257568244945986e-01
-1.591806179562205159e-01
-5.789251892293441060e-01
1.207434590926240503e+00
-2.747231084802326251e-01
4.900111374328686153e-01
-8.776731385698468557e-01
2.898492129748255763e-01
-6.066795332872230162e-01
-4.456658708009531011e-01
1.517524247393566839e-01
2.692772213135921078e-01
-5.320254327051987531e-01
-8.612733506275560558e-03
-1.105721644863248976e+00
2.706356420455788836e-01
5.140159849316372487e-01
-5.440561426100734010e-01
-3.073784425622614336e-01
-5.622118167975891367e-01
5.769352693498088769e-01
3.724490311554662370e-01
-1.189053740570639839e+00
-3.373704148994480789e-01
-6.413272948881578728e-01
2.110499504113434455e-01
-7.668358647353414881e-01
-5.471432963290574492e-01
-6.523107722164525057e-01
5.155104354025557001e-01
-4.776803217473553076e-01
7.009717435339712921e-02
-1.300048475226018851e+00
-9.271165934025749067e-02
-2.954476605564577696e-01
-4.177946942198929037e-01
-7.848702660615467508e-01
-4.023881087819241031e-01
-1.148448694867573838e+00
9.747991292394520002e-01
-1.542244136036154956e-01
-2.503352311575843814e-01
1.052144025842043362e-01
1.024087077923258704e+00
4.946568628855843031e-01
-8.932432071171891863e-02
-7.843956511962337785e-01
7.665242161718310854e-01
-1.000873541992703952e+00
-3.894726208400287604e-01
1.255853435934000117e-01
7.408936490354909310e-01
-1.151772815690952356e-01
-7.383209641137433721e-01
1.749102651545975107e-02
-2.875450143424620464e-01
4.211821189610454041e-02
-6.157981854468896898e-02
8.049629189681395403e-01
8.823560991858698799e-01
2.618615061930649190e-01
4.695184241578278517e-01
-8.968222912278740466e-01
-5.165839903020961188e-01
7.803954309577934012e-01
6.528975450750928999e-01
-1.142479785779393353e-02
-5.942217788108496990e-01
1.494066048042239636e+00
7.641226459740018129e-01
6.998565698052239270e-01
6.000485745209003241e-01
-2.317868083958432024e-01
-7.100089260801736302e-01
1.071374003241882811e+00
-3.072745042767266455e-01
1.214518246904052745e-01
-3.938025937806894916e-01
3.537654503974128062e-01
5.423647743318742442e-01
8.105441884875030922e-02
2.449829265276086687e-01
6.709094792447389821e-01
8.524471872747163559e-02
-7.771593158376433053e-02
1.152309683147727526e-01
-9.332773600427293204e-01
7.568160996750750158e-01
-4.480098187386269970e-01
-4.126492162400250407e-01
-7.280911920242862934e-01
3.605488526220002043e-01
-4.842640953758357014e-01
9.495650650231279855e-02
-1.024313953485139983e+00
-9.003723944134591761e-01
5.955305455901083178e-02
1.919630385555635144e-01
-3.522382355530808695e-01
-7.583518033314975426e-01
1.836158501387119557e-01
-1.475717822448219252e-01
-4.983749393379648396e-01
-5.753804786128604576e-01
-2.268801570305054582e-01
2.734267986099165881e-01
-9.364832936642599748e-01
-2.996241189243402658e-01
2.944370600215791001e-01
7.850616344396277313e-01
-9.628912188787275284e-02
-2.440997905666186796e-02
-9.858317098826629987e-01
6.277030522881439367e-01
1.630265989129267012e-01
9.866511815912515360e-01
-4.061680514153458432e-01
-3.617690849548891308e-01
5.904153641672316155e-02
-8.663364754816242908e-01
-3.352737829878922327e-01
-1.089211923483262012e-01
-1.185863438730834218e-01
-4.789453540436063861e-01
-3.221209852802449092e-01
-6.565874689428747857e-01
1.880624727999418155e-01
1.473604196476252071e+00
-2.430657906534721135e-01
-1.450760904748911173e-01
-1.039478526807935843e+00
-1.744078758565545506e+00
3.028558826723815045e-01
-1.771466914780184254e-01
-3.631101960986171662e-01
1.137031462057873199e+00
1.225986886952012966e-01
5.490253851179218714e-01
1.070135584146429508e+00
2.862572154562847970e-01
6.642485898262169286e-01
-6.290991792685369788e-01
-3.770043986802917857e-02
6.046400534310683028e-01
-2.650773891514504044e-01
8.388349323592061424e-01
7.069922311108234325e-01
-4.717870680259768079e-01
4.491254511270170724e-01
6.581406252237087529e-01
-7.076049664516732562e-01
1.697214974807764953e+00
4.296775454538508399e-01
3.169489092627619797e-01
7.693951417794853143e-01
-1.446037791548784313e-01
-9.198402693874738745e-01
2.135762048909795041e-01
-1.098486735963955852e+00
-1.097274249654585088e+00
2.178227933654843795e-01
6.586109103842989754e-01
7.443480824707400245e-01
-1.345839224210041429e+00
1.374176781988019513e+00
1.626434664626863480e-01
2.147432764136318895e-01
1.165721608882036797e+00
1.172799290350370782e+00
4.680782723333845041e-01
6.957313141684746682e-01
1.953506047238633414e-01
-1.280460191228973699e-01
4.155916565333095392e-01
-6.205264112362138818e-01
-5.172255377952463817e-01
8.117350896921449177e-01
8.719814145345861078e-02
8.454218698838129598e-01
9.093522746539841606e-01
1.789828117764544757e-01
-2.033538128936758227e-01
1.864890681503190706e-01
-3.027503154297717103e-01
-6.725405237556234539e-01
-1.805850560421085049e-02
1.315142746062729628e-01
5.632014594810019759e-01
-8.821384643853207308e-01
4.155376003733461943e-01
1.690465374908791674e-01
-5.673433364626605524e-01
6.524231225004504253e-01
2.423440554824232152e-01
5.992979240663007801e-01
1.523415589918890589e-01
6.034532212501551030e-01
3.709352721921277407e-01
-5.869133762191980352e-01
-7.862161747467641959e-01
5.226246704398862519e-01
-3.233778348522164947e-02
8.939432203302777324e-01
-8.232594603468408323e-01
-5.717454073281382776e-01
6.816220325041619787e-01
-5.919759315609232075e-01
-6.545362669625545138e-01
7.057018540329629275e-01
4.656418997240310276e-01
-2.952054739655221027e-01
5.661856796985453855e-02
-5.509189118962893872e-01
2.779138733249748583e-01
1.024809079508406384e-01
-1.218106351725331216e+00
-1.611659191965122417e-01
7.552767568107743301e-01
5.471416375505722129e-02
-6.941297514980684369e-01
-1.262455013308070306e+00
-1.179187697568507609e+00
-9.866872912355217906e-01
7.181731010192615727e-01
7.650895202050715938e-01
6.998888453241756125e-01
1.822531344687945420e+00
4.281094285861488657e-01
1.863778185409445953e-01
-5.995768075958451959e-02
9.473079995652167185e-02
-7.187337732509657684e-02
-1.964548552940481585e-01
-2.442813384837432267e-01
7.837732296029997769e-02
7.296718875921115455e-02
-9.453254091964122807e-01
-4.689674427807872803e-01
9.235351071713395754e-01
5.088631922499322613e-01
5.320278176391921576e-01
-9.659509721742960409e-01
-5.969047407388474724e-01
2.380171481970876357e-01
-6.631999143155873355e-01
5.922062838208912439e-01
6.590629514164447755e-03
5.821687922477192245e-02
3.572585954408014075e-01
-9.528817281192338839e-01
5.870831047507714118e-01
-8.883526296629007390e-02
-9.466230915788820255e-01
5.351756081086858075e-01
-7.584589608325345012e-01
-1.180099774095309417e+00
-6.525377583034526197e-01
6.951723842839161449e-01
-3.507385899323516298e-01
8.077573707559846383e-01
2.432365900287045690e-01
-5.302135236380607353e-01
7.018971214671587688e-01
-2.229367670616095864e-01
4.718728244465708599e-01
3.273776514497388490e-01
-7.670996384718815619e-01
1.234738585817858336e-01
-5.470633840651739632e-02
-2.870277802198621941e-01
1.852725752061523679e-03
7.999553484689503335e-01
1.515784011922516328e-02
-2.388685162772761217e-01
-1.310553641931981872e-01
-1.110116275816466214e-01
-5.580792724141430128e-01
-9.203711450715506004e-01
2.777479780201375092e-01
-4.871475482486067321e-01
3.202668698951507409e-01
-5.309254443971775927e-01
-1.067586049746600096e+00
-5.711070064576748706e-01
-9.544194168942325973e-01
-5.126531897146726635e-01
-2.219694205409119547e-01
-4.738591055196641477e-01
-2.374021531424865827e-01
-1.193326558447953545e-01
1.095988108861289945e-01
-4.309687407932560888e-01
5.890410199843749695e-01
-6.194735438859746424e-01
1.461584554894299615e-01
-3.842598798851444286e-01
-8.590124066156814564e-01
-2.376931952924508096e-01
1.195119109639581012e+00
-3.183530576253899014e-01
-2.058812477871940771e-01
-9.338647059430700281e-01
3.963772554529914061e-01
-6.266688364131747235e-01
7.437231983091132648e-01
5.095923363472598666e-01
-9.938152862154137068e-01
2.473963013944118217e-01
2.225467308446402726e-01
-3.622593423492048714e-02
7.930977681484918662e-02
4.648414705857089047e-01
6.838585395165717173e-01
3.183484617228691249e-01
6.479711063216146982e-01
1.428116542714530368e-01
3.028482012142301727e-01
1.892573183403358783e-01
-7.713524292983819919e-02
3.186325582564908387e-01
1.763788787123008461e-01
7.099369684403260550e-01
-4.448063603284904133e-01
8.932967312204986854e-01
-5.950796003714984295e-01
6.510228442734700138e-02
-3.769187739344195265e-01
-4.253172348601150787e-01
1.781908486411829529e-01
3.406935276724105677e-01
1.265708642240350734e+00
-9.680243603722349377e-01
1.008309423773622093e+00
7.232706467367187031e-01
1.520363130311066513e+00
6.347450901786011457e-01
-8.330577616525163265e-01
7.340147712676881042e-03
2.509017940137292513e-01
9.181855102992839690e-01
2.495581273370008901e-01
-5.471790123197006750e-02
-8.133405325614688763e-01
6.371534252934516473e-01
1.309886876917419229e+00
-2.328163194310484130e-01
-9.608573785863576688e-01
-1.019091025304122766e+00
9.210495556196107714e-02
-1.131105203030304818e+00
-3.031620049004093431e-01
-1.043027337724726777e-01
4.399097913120932901e-01
-7.771667921552705138e-02
-1.026702322232057263e+00
6.866499448707958919e-01
-1.452793414859804066e+00
-4.044863479614946300e-02
-2.097941885935474815e-01
2.315806952169019439e-01
-8.341259216618759353e-01
-3.743099281751618435e-01
-4.283189696236204824e-01
3.537001873847014366e-01
1.069686765215113411e+00
8.580802115846228872e-01
4.801549553071033927e-01
1.080280887588753735e+00
3.718132022170772544e-01
7.483983083234511113e-01
3.014804382441944597e-01
1.406128438453135843e+00
-1.813620117285514866e-01
4.931057767065949449e-01
-8.137799841216288854e-01
-7.424671092013470641e-01
-1.633723484592541908e-01
1.287947766286667850e+00
-4.772649693477193367e-01
3.091436758110415184e-01
-1.821625248161584665e-01
2.291975027321182523e-01
-1.831694390019809049e-01
-1.072815618783698355e+00
-4.228883404996670592e-01
1.354607947911539156e-01
-5.616431142265199128e-02
-1.371119634665296516e-01
3.751120624814863191e-01
7.012464707034222755e-01
4.623887317658414986e-01
1.735359433271330687e-01
-7.569816774242106305e-01
-7.381560388189711830e-03
-8.730958195713691694e-01
-3.752242755489021420e-03
-1.399950679824051303e+00
6.716625508026208280e-02
1.121272655536227347e+00
8.319394441660072914e-01
-3.866531369474683899e-01
8.737833536177799232e-01
8.939756672088527978e-02
-8.868343952006503272e-01
2.152903504376570964e-01
4.129101927611911194e-01
-3.273078725033418124e-01
1.736657743642133767e-01
-4.158252412981067181e-01
1.848405343235750564e-01
3.815267246379283606e-01
4.382040402736731011e-02
9.562309315815573640e-01
1.364273366458688130e-01
2.894866375828977212e-01
-6.537580999994485609e-02
-2.250079527856492234e-01
-7.067679710409091598e-02
5.233614897016209966e-01
1.061714218825125400e+00
4.091450500869520113e-01
6.039428093867194036e-01
4.707012484787416184e-01
-1.075314930408805658e+00
-4.156701279164751739e-01
1.231257304024753196e+00
1.525092309213267328e-01
2.106683880427953071e-01
8.037456519313312953e-02
-9.954454825789218475e-01
-1.401636940258228492e-01
-2.325250188364904602e-01
-5.843764599612777388e-01
-1.023497282238030159e+00
1.952963478386227081e-02
-1.376086419652326587e+00
4.839506829575057623e-01
-8.403347212243730269e-01
2.526706974476020662e-01
1.774675884160004102e-01
1.481050578891762726e+00
5.149501279427317613e-01
5.690749413220768105e-01
-5.525268228396402748e-01
2.572366094487232857e-01
2.728199646633635567e-01
1.332917670888438266e-01
-5.506805772173537505e-01
-8.968589168325991068e-01
1.431233789157052350e+00
-4.148607415757474826e-01
1.322671986475061345e-01
5.620329683001106247e-01
-5.513876604640026713e-01
-1.272968383470215237e+00
7.285681609677920889e-01
-4.962261889216357247e-02
6.733692608581032246e-01
-3.520218768673153420e-01
-5.508593569180089133e-01
-9.430861082140484797e-02
7.815133183854614529e-01
-7.681479655174605625e-02
-2.022177104784361745e-03
-5.071095881107208214e-01
5.518227032254463538e-01
5.169964586003317208e-02
-4.970791110249841438e-01
-4.596941254308060110e-01
2.482704211851149978e-02
2.881828966789736768e-01
-1.699575990872812525e-01
6.928503548828484071e-01
1.922275055794813170e-01
5.692881077648266341e-01
-1.398431139545380120e+00
4.405432518223584282e-01
-4.599276520142581148e-01
-1.347838648487398316e-01
-6.690775312449677159e-01
1.049451843650888172e+00
7.582654739610958927e-01
4.233094204557126261e-01
-1.100246945926769193e+00
8.020247671151210511e-01
-5.337558018689803063e-01
-9.276119478759978776e-01
-5.193672001711497899e-01
1.263712511160548502e-01
-5.527606950092334159e-01
-3.179106131726054940e-01
3.214839464027638982e-01
-1.867390826578718688e-01
6.112331480245440929e-01
2.711343420835490292e-01
7.871312575924527266e-02
3.051060014370783335e-01
5.245141407825766322e-01
9.459180250920322663e-01
-9.632361911326920989e-01
-4.364853288549097599e-01
1.179140167098369218e+00
8.083225389707129338e-01
4.839038825099617469e-02
4.161868526798828682e-01
1.018157721340978483e+00
2.109661866903067562e-02
-4.900108702707273167e-01
8.909628000367542100e-01
7.233664095344387590e-01
1.568232931358707560e+00
-4.164645995746916185e-01
-1.372795629253009686e+00
-1.865971205893357521e-01
-6.996368410722517694e-01
-1.196517264547507065e+00
1.290236801987387771e+00
1.608549001256616151e-01
-1.279784674933009292e+00
1.198056237989815642e+00
1.171803421108582377e+00
8.210689516644009700e-02
-2.537659265385538987e-01
2.849115490620839353e-01
-4.834536460330740582e-01
-3.795439499324508859e-01
2.060369785875328930e-01
-5.429006301889316433e-02
-1.030438882761348651e+00
4.690556558831335821e-01
-5.838619376184626120e-01
1.114055030096951171e+00
8.842122894233277464e-01
1.083204997543738557e-01
-2.922045776797714822e-01
-1.174794751816063076e+00
6.885137147551656511e-01
-3.725475401043132351e-01
-6.930302557947047859e-01
6.012679275925139066e-01
4.906197630257871367e-01
2.991086834205347600e-04
-7.390059758944360624e-01
-8.042608718548178715e-01
2.818215836004602792e-01
9.476625326584020570e-01
-1.401789668204533879e+00
-3.951413764567215381e-01
-6.341172186733876615e-01
8.020006685752623099e-02
-1.436512608542468428e-01
-5.706262250379197098e-01
7.245032722171043105e-01
-6.301201195868344485e-02
2.088832156404851759e-01
7.394263014196402750e-01
-3.245591146036899133e-01
1.689948150545088623e-01
2.265087634393294636e-01
6.892337226270157657e-01
-4.971531972799887455e-01
1.436703151152343594e+00
-8.249996393134573225e-02
-1.857992161483323912e-01
-3.668603683987106123e-01
5.495427126197940382e-01
1.213568457013202817e+00
-1.220579388135650589e+00
5.031402966060305459e-02
5.312428585212467524e-01
5.166276435502226150e-02
-6.386712522344577536e-01
9.454164760086669617e-02
-3.498582239007177463e-01
3.788592362056029117e-01
4.243915201559644856e-02
-1.132752037328058847e+00
-3.048725028159857686e-01
-5.248944001954409799e-01
6.010247968946025310e-02
-5.642875712351393958e-01
1.173996521860303233e-01
-9.549113955843768764e-02
-6.262879346200787012e-01
-4.999367501778975154e-01
-8.103223989678465244e-02
9.634033513806938842e-01
1.007306191131256412e-01
1.004232352863629885e-01
-3.793067015216040616e-01
-2.296676918780002907e-01
2.872982456175616761e-01
-7.427427500887091583e-01
-1.615166937853436124e-01
5.277754236148899381e-01
-1.000158439587313097e-01
-7.766781498464103706e-01
-7.606635588103092260e-01
6.654250463052235887e-01
8.228493033378549981e-01
3.328057858962942817e-01
-4.355535577616436171e-01
-2.780825264426312060e-02
6.474624712122833969e-01
3.299521242303846691e-01
-7.413521661964228571e-02
-9.018083241925207716e-01
-8.768059375807251143e-01
-3.406891391027766502e-02
3.620333984224002322e-01
1.103460092490747613e+00
2.667939118620923367e-01
-4.182810306016335744e-01
-1.149960436672547104e+00
-2.761966042104937458e-01
-2.957982946015143000e-01
-1.047942924538380893e+00
-9.957250752852795372e-01
1.392177445849887008e-01
-6.748124184184955965e-02
6.872630214218382605e-01
-4.342441750619085994e-01
-3.039086397176395948e-01
1.577711821817029403e-01
2.927491568109141795e-01
1.120851045172717164e-01
-1.024138668115259776e-01
-5.814776733612925241e-01
1.105126282805905191e+00
4.058904595835821638e-01
-8.417773876393663812e-01
-4.973807944040444795e-01
1.015972292238807917e+00
9.015263329262879211e-02
3.197483445362205856e-01
7.573552086263291017e-02
-3.796557893647545256e-02
-8.198365007433219276e-01
3.310993760153788656e-01
-5.999229890308468427e-01
-7.683324830711821818e-01
4.698036761821953178e-01
1.245534428119544401e+00
-2.262045977238802408e-02
3.790012581606543307e-01
-2.753701998645485816e-01
8.078619050525652767e-01
5.236765655720674317e-01
-6.511855838660842721e-01
2.821474046739229635e-01
-7.259495864598299875e-01
3.836317395856028156e-01
-1.246172042316155970e+00
-5.756201173897137480e-01
3.919906727914419520e-01
1.148483065193074637e+00
8.324920138341385112e-01
-4.398455103839751246e-01
-4.419214544433724967e-02
-7.019953204435704919e-01
-6.246187815625194872e-01
9.087261573123841529e-01
2.618450966100542843e-01
-7.656007131153552692e-01
-1.079398417302279700e+00
3.050292595849004584e-01
-2.773765923463837879e-01
-1.889144298089515672e-01
-4.695209999147920144e-01
-5.306280865638335342e-02
1.176317113239608858e-01
-4.300530419021342254e-03
1.369560294575142834e+00
-2.246368877835411837e-01
1.245476418881603209e+00
4.955073545730392937e-01
-4.699281084795572383e-01
-5.317621291968679387e-01
-8.908533835151288827e-02
3.958285165824939611e-01
1.544322368086454844e-01
-2.381476459361762110e-01
8.216367140744527120e-01
2.798708946506511808e-01
5.993836522831408331e-02
1.000718965967602792e+00
-8.726872369072502522e-02
-1.567318093745662111e-01
7.145930598334793160e-01
-2.089013180567249606e-01
2.961087592591749029e-01
1.134615597855329838e+00
-4.653655534920906334e-01
2.912751813098708453e-01
1.904798523463444582e-01
-3.093901077964780200e-01
1.012338931157126254e+00
-6.609462752768946459e-01
4.752161658066098582e-01
-1.093780713387788595e-01
3.815982319447819293e-02
-7.972597232996214700e-02
-7.257283901518025715e-01
-5.601745373488586921e-02
1.065129902880538992e+00
3.524259265905325123e-01
-8.722037400719901967e-01
1.240453324256041157e+00
-1.183373144313044634e+00
-3.831745610681664971e-01
-6.360781981062366697e-01
-5.478981542622030076e-02
-1.228666274773855704e+00
-2.213259387636599129e-01
2.486690722627589167e-01
4.474548335835404345e-02
7.882861199627821946e-01
1.018615232319128872e+00
1.103348905623073861e+00
-1.991081559459306760e-02
-1.416291861448154776e+00
-6.937553324669902821e-01
-6.567085238830534522e-01
9.053115060973659922e-02
8.025544901420653687e-01
2.136198180849433470e-01
-5.259162839302042869e-01
3.226204816046926993e-01
-5.464327193277283001e-01
-9.184098449857831525e-01
7.388024951265936835e-01
1.211144430723734899e+00
-6.356871906111427606e-01
-5.965996479408914865e-01
6.930221923928368000e-01
4.245243124398978551e-02
-5.835068537781866738e-01
-3.897893291556222550e-01
-6.112239524152700554e-01
2.477036615232028893e-01
5.582403586179749411e-01
5.706096542407372851e-01
4.369817996747693556e-01
6.918959269431210757e-01
-9.720759228988455902e-01
-6.612228774429240730e-02
1.806878188233209670e-01
2.032828989600989900e-01
1.250999115641509007e-01
-6.659256800642197049e-01
3.459721740462660122e-01
2.785114501942320686e-02
-1.263002059009641354e+00
3.971142247830519167e-01
-4.196419388529202266e-01
-1.181606633847458454e-01
9.873177538237190021e-01
-2.838817497191827854e-01
9.392730537578479755e-01
-1.333051104985178981e-01
1.263561823844202792e+00
-1.525886473957114298e+00
-6.758687049405853742e-02
-9.508982505381009531e-01
-1.660941507103173009e-01
1.866869499068961602e-01
4.357708530915864742e-01
-4.571267087742212354e-01
-8.161875372464511003e-02
6.722693731783877524e-01
-1.450525192943521446e-01
1.111319253990146194e-01
-1.378730623548168666e+00
5.827680103863794869e-01
6.489473371048752881e-01
-9.836691039939635672e-01
-4.299021631083403960e-01
1.666450942132975399e-01
4.751182647715612717e-01
1.257869907185026115e+00
-3.240266722309925740e-01
1.890578233289144094e-01
-1.659897237599015085e-01
9.504821272203134441e-01
6.421877611968671573e-01
1.066167541392998075e+00
-4.938220663463370741e-01
3.815705289980764192e-01
9.082510156739234120e-01
-2.223413948608783386e-01
-4.783382933638069545e-02
-9.595085928603150904e-01
-7.258763275360191614e-01
5.363218033884393776e-01
2.923936961027928660e-01
1.955297949166432403e-01
-7.821836778713198157e-02
-2.552907737011747002e-01
-7.722191017712756178e-01
-9.757965698011386024e-01
4.112645718025582653e-01
-6.148283975485986375e-01
-3.780699785423315973e-01
-6.248717542980228856e-01
-1.721074088121644863e+00
8.785012368174065500e-01
-2.613745636919899695e-01
-7.308910257621992201e-02
-1.547687134334738701e-01
-2.125606072699728344e-01
-3.773730139018152130e-01
7.345592594100125439e-01
7.930390039613062214e-01
-5.180615799440637659e-01
4.262796583371457615e-01
3.787670138409016118e-01
-7.085497488653098586e-01
-7.628606346506128233e-01
1.626505810265497232e-01
4.034127069839517077e-01
-3.918380357623600929e-01
1.117006287219330929e+00
4.776661456856556853e-01
2.093872538330057154e-01
2.542441124330352409e-01
7.269316531415670468e-01
-9.807653694228868346e-02
-6.871744643471453529e-01
4.406660286501491441e-01
-9.463835823799771063e-01
-2.564349707139781387e-01
-8.371222250441849866e-01
-5.806442186706597397e-01
-3.265328591369547340e-01
-6.792832876731225156e-02
6.493630976334250349e-01
3.491493602579076594e-01
6.392123555656663569e-01
2.287573444815897972e-01
-1.164607582527592555e-01
1.219190812760789555e+00
-7.036838482561504904e-01
1.678784377471817635e+00
-1.326080972159600968e+00
-1.128380515061861988e+00
-1.040902527979727932e+00
7.078816183224549974e-01
4.631600373084312494e-01
5.199622141988058388e-02
-1.158203696590911491e+00
-3.592466418511177650e-01
-8.291646958598040129e-01
7.176666199750778574e-01
8.521180767515392773e-01
-5.551859477959011357e-01
9.048418949653616039e-01
-9.819466726702588133e-01
-8.888323419309926976e-01
-7.365751495599326404e-02
-8.352784124910694885e-01
1.899151614199858784e-01
8.408860556034625233e-02
6.258588435068688227e-01
-6.514989520055110006e-01
-6.693172474748729783e-01
-4.648024950552853696e-01
3.245607973126150014e-01
7.816474634778138864e-01
-5.382110482572528554e-01
-6.906312226436064350e-01
5.498719009945922664e-01
-1.029735683561771253e+00
3.900657029166865186e-01
-3.210296033677746408e-01
9.684201176814859480e-01
-1.907300137240639515e-01
8.134156072960685435e-02
1.756069571927554307e-02
8.112988993578333918e-01
-9.623794728554209144e-01
5.873137904944947252e-02
-3.163183347272289225e-01
-9.317443084266763265e-02
-2.013553115623007983e-01
4.106665459303551202e-01
-6.860913860144339793e-01
1.241491582992435561e+00
-8.455910617098787441e-01
1.839405646524472360e-01
-1.050972610107017147e-01
-4.381158716566533329e-01
1.549416131563026156e+00
3.355248608470340344e-01
2.087297228961837448e-03
-9.555062926083293107e-01
-1.912070482649248504e-01
4.888219791854142571e-01
1.028810735271450838e+00
9.559705456853144767e-01
-4.490585550409260662e-01
8.613069216646174198e-02
-1.264247443576849150e+00
-2.274909148638073475e-01
-1.122642528825226194e-01
-3.719536909940810432e-01
-1.224101910466846022e-02
-5.399086350263022638e-01
-5.899382649506108578e-01
-2.899043761617470238e-01
-2.586506311587397633e-01
8.083242027728569923e-01
-9.055790239208931780e-01
5.993363801291708981e-01
-9.087077475950895433e-01
3.042704565582790011e-01
-8.077718058302885140e-01
1.635916110785409217e-01
-1.464043596966977390e-01
-8.897372952298079340e-01
-1.916778475054243813e-01
-1.350273984247845060e+00
-4.814867493291838940e-01
2.832684975090398183e-01
-2.656953633749576937e-01
2.285604050635914319e-01
6.659101862668714844e-01
-3.891310128341025631e-01
-1.202868754691361453e+00
1.194824282371063973e+00
-6.160486283009882769e-01
-2.686666648133169133e-01
-3.471554607388513958e-01
-3.300762046534400085e-01
5.020233838137198035e-01
4.249929872199578185e-01
4.714102576233836217e-01
4.669301394984248788e-01
-1.279867990198736649e+00
4.846271860165476397e-01
-3.732737250071762602e-01
-7.470151787675725075e-01
-4.122420571365905673e-01
-5.855067708993422215e-01
-1.575931026132591839e+00
3.720066987653058987e-01
8.341099473502033845e-03
5.494375056681057856e-01
-2.335412451047940152e-01
-9.556400209150055503e-01
6.311900917329138494e-01
-2.015000953698535824e-01
9.151247973387564016e-01
-1.244058309204808310e+00
-4.687708749941386088e-01
1.117180858667861543e+00
-3.797050204694309983e-01
-1.324730381108703003e+00
-1.131111186989810502e+00
2.041417384250623357e-01
-8.256248334038396308e-02
-1.206098971911870876e-01
-1.092653785291583191e+00
-1.064146617716656973e+00
8.459377881865481896e-02
7.366632831534190018e-01
8.259655625017625624e-02
7.542393528631308186e-02
9.963602446104324883e-02
-9.886067355414418500e-03
-2.601489352370522923e-01
-5.979960737851488517e-01
8.077441956107112020e-01
1.521612695383256053e+00
-3.550906367523518625e-01
3.494771515647743243e-01
1.163680960180411894e+00
-2.235264113699608757e-01
-4.604779168856953930e-02
8.755810024407519876e-01
-7.024047611694594906e-01
-3.327720336675525914e-01
2.416802133806736919e-01
5.790320951260765625e-01
1.038797776374071447e+00
3.640624437442632200e-01
-2.651620222950077377e-01
4.412653374066834999e-01
2.699714297509192562e-01
5.706150075333393801e-01
1.081821729352570038e+00
-4.791196287542636156e-01
8.326543123201224361e-01
5.066823331567409383e-01
5.696223608855923715e-01
-8.098524325300076043e-01
-5.545284327747408426e-01
-7.167394501855213207e-01
-1.173855259067441814e+00
2.444839713295028361e-01
5.428947784459703385e-01
-7.584959163808235871e-02
-9.726962540316543837e-01
-3.991745795888492765e-01
-8.010151240650333904e-01
3.234893559491940351e-01
1.442254685952932824e+00
-4.929188218786588749e-01
1.149890320337611627e+00
-5.742239844021845840e-02
-1.680241132717101848e-01
1.146239761793168555e-01
1.870357204455437738e+00
1.123422107375830592e+00
-2.708080248736752793e-01
3.140842479674166299e-02
7.367795913680810216e-01
4.156081286338109138e-01
-4.946584175999682031e-01
-6.011799540056381730e-01
-3.637319685251849677e-02
-1.150657034254642941e+00
3.011860311465985873e-01
6.636041469099431822e-01
-1.586670962594425305e-01
-8.626983637072775934e-01
9.119145947572100397e-01
1.637358736989114050e-02
-1.158873424250255635e+00
8.354256272128379734e-01
6.453753110153028771e-01
1.461916810700714109e+00
6.367999558676977756e-01
3.161461407271968227e-01
-1.399224369864695561e-01
-5.982531563298287836e-02
9.335048411625912479e-01
6.915966715815891064e-01
-1.392476609624182515e-02
6.183341316751000960e-02
8.338556868161708380e-01
1.179413354039109407e-01
-2.014967253437554007e-01
-2.679960790832138784e-01
1.987372907209934425e-01
-1.005278850221122955e+00
1.092792495350014548e-01
3.660524007185479434e-01
-3.120310176709022443e-01
-5.573237074684387338e-01
5.660169161886905442e-01
4.297764572815871986e-01
-9.263852457091754644e-01
-6.515275182756026240e-01
3.227965394489409334e-01
-5.303104534752431931e-01
1.838854478652933722e-01
-2.423897998864301684e-01
-7.626495070405425736e-02
-1.060570105622469228e-01
7.876863203345187969e-01
7.515144666705095844e-01
-1.067001344790653228e+00
2.619547443425052080e-02
4.451680871644860815e-01
1.021713375699286885e-01
-4.209607656550833354e-01
1.184946248075765318e+00
-5.114543191032225877e-01
1.898548691492933926e-01
1.239628076277039526e-01
3.848661595232085730e-01
4.325237060139581757e-01
1.211782818075242574e+00
-3.328871691074795081e-01
-4.264069334379776421e-01
-3.614521843394005174e-01
-4.250353798602590771e-01
-7.800426936532618427e-01
-7.998126102172555818e-01
-9.842668925274429270e-01
-5.099879421947246527e-01
1.688167210935613838e-01
2.811531399972846401e-01
7.264794541142149953e-01
6.341803605051978820e-01
2.371932056564860503e-01
-9.945233490946296939e-01
-9.574348158046719348e-01
2.043185413058070665e-01
-3.621876955474903070e-01
-4.984246449527338640e-01
-1.325516002824196349e-01
-1.291425644608397150e-01
1.056078479137436688e-01
-4.017991106444691596e-01
-5.248783165541208717e-01
-9.543358471356588879e-01
-1.296151625593540135e+00
1.104914289604133515e+00
5.536348345114774361e-01
1.134675963625619843e-01
2.410044860921720655e-01
-8.153861754119242633e-01
-7.016485826963894112e-01
4.601726503357639331e-02
3.177125669440350464e-01
1.666968145794180955e-01
-4.796093627234290224e-01
3.621993707578718968e-01
1.328160976708794294e+00
-9.531108732534745442e-01
5.498946603767072006e-01
7.087142280874285660e-01
1.811115557104159279e-01
7.638381331300791999e-02
8.331979010165628807e-01
-3.923496397097112620e-01
9.298416481134985645e-01
-1.002343391963471664e+00
1.508243080783522316e-02
2.880618315876839475e-01
5.982025715633998431e-02
-1.624851019859814727e+00
1.019790474814561421e-01
-1.058220211276559297e-01
5.982570228363499609e-01
7.401982572905421165e-01
-3.898901551268227905e-01
-5.109123579481247290e-01
-2.465158179520789972e-01
6.839709870505039646e-01
8.101387153495744897e-01
-1.548492481524874620e-01
4.989595558229442673e-02
1.325676495255523335e-01
-4.839322298556707480e-01
4.371904611308572441e-01
5.501569979579290504e-02
-6.398008264791403832e-01
9.386057631376925059e-01
1.970966913430132195e-01
5.377066858212895539e-01
2.375867713170247697e-01
6.135845060457540967e-01
2.870934338238289030e-01
-9.070418755277591671e-01
-3.201152782792657803e-01
5.087619989551637190e-01
-7.168363656927478900e-02
-1.822003511630123640e-01
-9.819969842903866208e-01
1.255911536521345795e-01
-2.787192347407252413e-01
3.762497563708055992e-02
9.835816144243256787e-01
8.566671871607329791e-01
2.322032709278145646e-01
7.699858203377480947e-01
-6.293157397323945190e-03
-7.887817214754093698e-01
-9.985050083017643630e-01
7.164819225980778583e-02
2.049998380391677699e-01
5.643569448149632350e-01
5.171338956859861113e-01
1.156727398283826425e+00
-4.153098717986472010e-01
-3.775034202044249554e-01
4.656756179308274568e-01
-2.870232862684858333e-01
-2.364646998018322677e-01
1.071188727689915687e+00
-2.512216292871762846e-01
1.581336425846302518e-01
-1.214050332588811010e+00
-2.738540907940292257e-01
6.810056580898535827e-01
6.578443018531396902e-01
-6.128301439983649956e-01
-8.124632766159969322e-01
-4.994324249631452162e-01
-3.860948954492693375e-01
-2.119007855357377679e-01
-2.527338742609401834e-01
6.787547050391786740e-01
4.802725521120816410e-01
1.174771434568829598e+00
8.519489662622738990e-01
-2.423988098356932852e-02
8.289289591729387396e-01
-1.098244687437786915e+00
5.667546438438009204e-01
-9.354101704096251524e-01
-2.367819565932522963e-01
-3.267770666989306960e-01
-5.915966983790443834e-01
7.585059211392781719e-01
-3.116197513978775646e-01
-5.547718745309477839e-01
-3.077167414566863712e-01
-2.438366980942046069e-01
-5.125610452019460084e-01
3.513490875105764744e-01
-2.400861038423833804e-01
-4.501809074536193833e-01
-4.543540000086663255e-01
5.785645959069229960e-01
1.143424046640618030e+00
6.535214102444761863e-01
5.449337815534782692e-01
6.207957374642010251e-01
-1.206392825567695226e+00
-6.359561417313317477e-01
1.133358285833363510e-01
3.953102980342029227e-01
3.309563237025692217e-02
5.239029280811298150e-01
-4.311458956974698609e-01
-1.480144518397086273e-02
9.435769922452195146e-01
6.829566534098496788e-01
1.686137724441829633e+00
-3.739739386425569023e-01
-2.444712790850402939e-01
-1.282050637696441342e-01
1.319931639249185551e-01
3.857362556804355691e-01
-1.864664556879844781e-01
-4.901679927014441773e-01
2.795681526385473958e-01
1.636161548881029937e+00
-2.275042292237339225e-01
-6.680202860959658651e-01
6.653081722115894436e-01
-1.634892637192723708e+00
8.841486953800981041e-02
4.734097375076320446e-01
7.774670115729609421e-02
-1.363398424644596041e+00
-5.568592982668283398e-01
-8.478579382917406093e-01
1.212221868876177666e-01
-5.582056921557132512e-01
-1.227025967970281073e-01
1.646198225552621963e-01
-7.276401679028854375e-02
2.956804113335227413e-01
-2.016764632064633744e-01
-3.526643823260364741e-01
7.241606597333589690e-01
-5.337732513633479670e-01
-1.369206789934158675e+00
-4.081883277074593863e-01
-4.803984636648772621e-01
-1.153910639676607897e+00
-1.000936381693064536e+00
1.397732771085333781e+00
-1.744606713634082595e-01
7.568296003387615656e-01
-1.045523928492573695e+00
-7.786568517969252312e-01
-2.562993223661642617e-01
-6.653998442942317126e-01
1.252489742708706721e+00
4.847816962582571776e-01
-4.630658812051109408e-01
-3.882015005280647912e-01
-9.773563995381859826e-01
-5.596305246447883519e-01
7.142693880904262826e-01
-4.117832455540497705e-01
-6.965343829895900285e-01
6.139522502044094665e-01
-5.162123166593399759e-01
7.172200398053316661e-01
-1.493201957737882779e+00
-1.640365693075359843e+00
6.767007600716867799e-01
-1.218256790876318441e+00
5.452118513478412254e-01
-1.334932994739590928e+00
-1.199513976067495769e+00
1.306426057270213548e+00
4.226313747225489692e-01
1.504971261148400075e-01
-4.543094327233268004e-01
1.646548111198400832e+00
4.832652837246502742e-01
8.182618933635765757e-02
1.244487199313972781e-01
1.826901223114116846e-01
-5.515076638156619637e-01
-4.066345825889987609e-01
-2.385990789776588628e-01
-1.341530901844727452e-01
-8.865369105380036530e-01
-3.526446835378314049e-01
-1.394372037765121419e-01
5.739872947276509763e-01
4.396731983495660856e-01
-1.033663989990307730e+00
-4.160650198807722688e-01
9.608302434702853390e-01
-1.043982418571137494e+00
1.667090256775606960e+00
2.336781034384314282e-01
-5.226253326916729947e-01
-6.109143350676662365e-01
6.963534999281595361e-02
4.786258021617593172e-01
-1.470529957466100157e-01
2.245258527360434186e-01
-1.707008499070470364e-01
-4.033259037180068063e-01
-9.964950488907273751e-01
9.555626048472767309e-01
3.004397143452219865e-02
-5.062508016507987207e-01
4.071612061474922939e-01
-2.903119942760250538e-01
-5.424519275492354353e-01
-1.795618449365656843e-01
-1.256161880419756294e+00
7.078772787297076263e-01
-1.732343027962732762e-01
-9.645235826575495608e-01
-5.007190208541132392e-01
-6.689519738678129102e-02
1.582193765812078823e-01
-1.092703961492795361e+00
-2.379146961778531022e-01
8.200751780055774987e-01
6.444889978273007358e-01
-8.258594255813385132e-01
4.671628814540085273e-02
-5.318237424527767487e-01
-1.363659017647726124e+00
6.995623636369439069e-01
3.593185427259912856e-01
-4.554326640619441591e-01
6.873173877186751213e-01
2.322610838797514177e-01
-1.540912108968264249e-01
6.383348592473234717e-01
1.163631296609768384e-01
7.200715496381171477e-02
-4.637509804777018019e-01
4.257294230503747556e-01
-8.254516372042619565e-02
5.123586475951213970e-02
6.355657789996991269e-01
-3.484219709483848959e-02
8.283870044409544775e-01
-4.605045116591197640e-01
1.083016900335715071e+00
-2.546274868599942565e-01
2.797971341325089512e-01
3.682283922273725807e-01
-3.690580676846169084e-01
2.546673118961813032e-01
5.080743153900355580e-01
-8.510523148144724104e-01
-2.186457036707771806e-01
-8.197835244143023559e-01
8.751034450198211800e-01
3.626790835735018703e-01
-5.882289581977317994e-01
2.530677284770703750e-01
8.227188590244072230e-02
-3.444749108076345934e-01
3.137932847358895216e-01
1.083840710331021029e-01
3.208664468303759065e-01
3.614585260654834542e-01
5.519186727107179280e-01
7.922721158719747692e-01
-2.837566285062740334e-01
-2.998382142665398931e-01
-6.802217058404647076e-01
7.717564949765076676e-02
-4.853239304107574981e-01
-8.386461445333992515e-02
-6.974987263576792884e-02
-1.384879332995133439e+00
4.173656247652637319e-01
8.326401762902904125e-01
-8.392475614317183030e-01
-2.934618024262354297e-01
-6.455655472848844667e-01
5.519414285657999741e-01
-2.277472942954590351e-01
-8.511006482179315213e-01
-8.529813098733658450e-01
1.388057705596201785e+00
7.171321760359088415e-01
7.501481655290431760e-01
-1.160698668922330867e-01
6.327269432777296032e-01
3.364509519646885494e-01
-4.867969440043200535e-01
-2.253646917395366600e-01
-1.975760796081829085e-01
4.407492371382213392e-01
-4.605482797977353826e-01
-5.265216484832802024e-01
-1.236853904232280144e-01
-7.031856719083613427e-01
1.154553942084257656e-01
-4.287340907002308299e-01
-1.327736638331603380e+00
-5.230704107322736718e-03
