3.155000000000000000e+03
3.814000000000000000e+03
3.918000000000000000e+03
2.467000000000000000e+03
2.706000000000000000e+03
4.422000000000000000e+03
1.771000000000000000e+03
1.974000000000000000e+03
2.765000000000000000e+03
1.036000000000000000e+03
1.030000000000000000e+03
2.310000000000000000e+03
1.780000000000000000e+03
2.693000000000000000e+03
2.512000000000000000e+03
1.720000000000000000e+03
1.305000000000000000e+03
2.303000000000000000e+03
1.349000000000000000e+03
1.832000000000000000e+03
2.433000000000000000e+03
2.592000000000000000e+03
2.157000000000000000e+03
1.870000000000000000e+03
1.791000000000000000e+03
1.537000000000000000e+03
1.168000000000000000e+03
1.943000000000000000e+03
2.597000000000000000e+03
1.493000000000000000e+03
1.961000000000000000e+03
1.782000000000000000e+03
1.944000000000000000e+03
1.316000000000000000e+03
3.135000000000000000e+03
2.167000000000000000e+03
2.694000000000000000e+03
1.692000000000000000e+03
2.123000000000000000e+03
1.472000000000000000e+03
8.820000000000000000e+02
2.366000000000000000e+03
4.071000000000000000e+03
1.737000000000000000e+03
3.412000000000000000e+03
5.478000000000000000e+03
4.954000000000000000e+03
4.816000000000000000e+03
1.133000000000000000e+03
3.892000000000000000e+03
5.190000000000000000e+03
8.780000000000000000e+02
5.286000000000000000e+03
5.261000000000000000e+03
1.405000000000000000e+03
5.583000000000000000e+03
4.643000000000000000e+03
4.732000000000000000e+03
5.374000000000000000e+03
3.053000000000000000e+03
5.234000000000000000e+03
4.063000000000000000e+03
8.020000000000000000e+02
5.568000000000000000e+03
4.998000000000000000e+03
7.330000000000000000e+02
4.988000000000000000e+03
5.696000000000000000e+03
5.314000000000000000e+03
4.939000000000000000e+03
4.793000000000000000e+03
4.990000000000000000e+03
8.380000000000000000e+02
5.564000000000000000e+03
5.085000000000000000e+03
5.870000000000000000e+02
3.693000000000000000e+03
1.074000000000000000e+03
5.136000000000000000e+03
4.799000000000000000e+03
4.074000000000000000e+03
4.985000000000000000e+03
4.801000000000000000e+03
4.451000000000000000e+03
4.770000000000000000e+03
4.396000000000000000e+03
5.168000000000000000e+03
4.168000000000000000e+03
5.754000000000000000e+03
4.850000000000000000e+02
5.523000000000000000e+03
2.975000000000000000e+03
4.824000000000000000e+03
3.724000000000000000e+03
5.202000000000000000e+03
4.143000000000000000e+03
5.431000000000000000e+03
4.445000000000000000e+03
4.868000000000000000e+03
5.147000000000000000e+03
