3.581000000000000000e+03
2.887000000000000000e+03
4.147000000000000000e+03
2.517000000000000000e+03
2.331000000000000000e+03
4.675000000000000000e+03
3.413000000000000000e+03
4.888000000000000000e+03
2.520000000000000000e+03
1.768000000000000000e+03
5.239000000000000000e+03
4.877000000000000000e+03
4.247000000000000000e+03
4.984000000000000000e+03
4.562000000000000000e+03
4.477000000000000000e+03
1.504000000000000000e+03
3.601000000000000000e+03
3.629000000000000000e+03
3.521000000000000000e+03
1.644000000000000000e+03
2.205000000000000000e+03
4.093000000000000000e+03
3.334000000000000000e+03
9.300000000000000000e+02
4.607000000000000000e+03
2.451000000000000000e+03
2.003000000000000000e+03
2.368000000000000000e+03
3.800000000000000000e+03
1.296000000000000000e+03
3.842000000000000000e+03
3.450000000000000000e+03
5.061000000000000000e+03
6.536000000000000000e+03
4.050000000000000000e+03
9.270000000000000000e+02
1.264000000000000000e+03
2.301000000000000000e+03
5.390000000000000000e+03
1.040000000000000000e+03
5.220000000000000000e+02
5.161000000000000000e+03
2.122000000000000000e+03
5.159000000000000000e+03
5.531000000000000000e+03
3.042000000000000000e+03
2.063000000000000000e+03
3.888000000000000000e+03
3.186000000000000000e+03
1.907000000000000000e+03
2.663000000000000000e+03
5.602000000000000000e+03
1.736000000000000000e+03
3.229000000000000000e+03
5.600000000000000000e+03
5.957000000000000000e+03
6.074000000000000000e+03
5.903000000000000000e+03
5.866000000000000000e+03
6.108000000000000000e+03
6.180000000000000000e+02
1.094000000000000000e+03
3.545000000000000000e+03
2.634000000000000000e+03
1.355000000000000000e+03
6.012000000000000000e+03
6.735000000000000000e+03
5.662000000000000000e+03
6.002000000000000000e+03
6.239000000000000000e+03
5.989000000000000000e+03
5.891000000000000000e+03
6.259000000000000000e+03
5.841000000000000000e+03
5.648000000000000000e+03
1.608000000000000000e+03
5.803000000000000000e+03
5.547000000000000000e+03
6.162000000000000000e+03
2.066000000000000000e+03
5.549000000000000000e+03
5.465000000000000000e+03
5.803000000000000000e+03
5.438000000000000000e+03
6.260000000000000000e+03
4.793000000000000000e+03
6.204000000000000000e+03
6.533000000000000000e+03
5.376000000000000000e+03
6.226000000000000000e+03
5.749000000000000000e+03
6.024000000000000000e+03
6.847000000000000000e+03
5.409000000000000000e+03
3.092000000000000000e+03
3.767000000000000000e+03
6.386000000000000000e+03
6.851000000000000000e+03
5.213000000000000000e+03
