-5.838268519035834103e-01
-9.708609462819541847e-01
9.218980706119239699e-01
-3.052673072437421808e-01
6.833781876388114185e-01
-4.477048813323376564e-01
1.806381328406390097e+00
-6.737377711027203731e-01
3.289134855529116663e-01
-1.346172703268946336e-01
-1.681944761473496808e+00
-1.007814702954071162e+00
-1.283736934137731378e+00
2.423340270112905870e-01
7.822891564172804735e-01
3.060608165508762468e-01
1.086511604006846987e+00
-1.747475379138002438e+00
-1.444129741089636099e+00
1.171551545088353130e+00
-3.066041300283286475e-01
-1.821568314127770982e+00
1.317867231022797903e+00
4.419502299265367640e-01
-2.441353433626725078e-01
1.387407735304924117e-01
1.077629403286174181e+00
-6.512161891527981084e-01
3.760928301545014563e-01
-7.124798832038070628e-01
1.064177552955412054e+00
-8.843555238871578794e-01
4.017925251959422184e-01
3.137028354423225807e-01
-2.173883965676224328e+00
-9.290338409967553446e-01
-1.180465483534280935e-01
1.470976252876063484e+00
-1.003946109104338902e-01
-1.758251065672091329e+00
-9.144866076816633438e-01
1.124205387786378907e-01
-6.964988011748447505e-01
4.763093810561986885e-01
1.312262886449991228e+00
-3.293661366561462245e-01
-4.495666616294631268e-01
1.146283175842119917e-01
-4.352683619410306903e-01
-2.959205722884004075e-01
2.543811059600811220e-01
1.980531333930808380e+00
5.702666472599915437e-02
5.548527386761197278e-01
-4.245967703155111295e-01
1.830557086373790554e+00
-1.303908723767783773e+00
-7.566852011543989676e-01
-3.743547202181138900e-01
8.347738129760928771e-01
-1.617741806157280138e-02
3.264541084575212082e-01
1.235613434609394545e+00
-2.045668450909312597e-01
5.867332908824103299e-01
1.864525306905651547e+00
-1.522103942424222645e+00
1.009607287139226983e+00
4.774785541868311611e-01
-1.747909867198549350e-01
1.317392301955808698e+00
-6.218844606001585618e-01
-1.473023601836682683e+00
1.214381934764059423e-01
-2.191500612267116566e-02
7.232835805842530164e-02
-1.299129904485613718e+00
-2.007227752376088414e+00
-1.408886031137503991e-01
-1.113290726698512589e+00
8.653987810744823150e-02
1.491554531264576156e-01
-1.849445549188178273e+00
8.348576792327637719e-01
-2.896025008464473416e-01
-6.884145330920263817e-01
-1.274289222032103375e+00
3.470281297796971032e-01
8.895362049198496379e-01
6.930831800580881108e-01
2.084254028166968808e+00
2.138723146609304848e-01
1.538649872857392964e+00
-2.900956966559888883e-01
-9.245685388238467084e-02
-1.722174464884246525e+00
-1.678600987596045702e+00
1.407425484646327440e+00
-1.992461772586233693e+00
-3.981133789540454160e-01
1.855171136905402918e+00
6.186896919028184172e-01
-1.232773948270329711e+00
7.047230192354820844e-01
-2.313950919821579078e-01
1.521406208994825704e+00
-2.044052400942337755e-01
-5.851218799700319551e-01
-1.840702831890971947e+00
-3.871374499208988240e-01
-1.921257064009553872e-01
-9.623690270990525875e-02
1.310912817725036206e-01
1.433629565387288807e-01
-2.584133878541416962e-01
7.065228369513176787e-01
7.793914118187874607e-01
-1.402588068765897589e-02
-1.542480249611177801e+00
5.442456354783544725e-01
8.440554603323269234e-01
4.440587304317977768e-01
1.780661144800269824e+00
1.271268311903197556e+00
-1.149054937220737926e+00
3.694655100581432094e-01
6.519193527455726667e-01
1.360133951434889354e+00
2.084544476565142190e-01
5.974561640897899650e-01
5.603162069828160341e-01
-1.198186137406747953e+00
-1.848315461897094281e-01
-1.049319498801104533e+00
-3.628564167338375057e-01
-3.741468384964914407e-01
-7.234948988054759056e-01
3.985123909307599632e-01
8.293567143753000082e-01
-3.168791852331782621e-01
-1.608533641616088694e+00
1.431765964653033407e-01
6.040076145803894292e-01
-2.644703494824893752e-01
-3.534422830376762192e-01
-1.300477324544991653e+00
-1.693815593893895688e+00
1.606075007716013303e+00
-6.964837330153352823e-01
-2.145599210160792580e+00
-7.824045653247280185e-01
-9.094465978652888083e-01
-1.634256482603198002e+00
4.289225459115533212e-01
-6.088827732950949922e-01
-6.429914986219422701e-01
-1.188049714388470068e+00
2.106552289202627826e+00
-2.177344130252670595e+00
-1.579339932242440625e-02
-1.288087751678506532e+00
-9.092442969202743086e-01
-7.979400536959753154e-01
-6.384192674820337032e-01
3.240206210273255394e-01
4.982355697153177942e-01
-7.157364025350627657e-01
1.036759889780549670e-01
1.640935736764754793e+00
1.721083214772426651e+00
-9.286569741346877294e-01
1.654814455200890322e-01
-1.345695865593907747e+00
-6.653432034281134833e-01
6.720504508238072106e-01
-6.358305899915457360e-01
1.559344351308517673e+00
9.645375306213921363e-02
-1.089340841703227980e+00
-1.244018456566307496e+00
-5.730674321008821792e-01
1.320000730776076381e-01
9.108925614882599220e-01
-5.473731097359566533e-01
8.336871626639394961e-01
-3.645691948885163569e-01
-1.083339295608720665e+00
5.922168932418312437e-01
-7.710903581000643214e-01
-7.474999437823299786e-01
4.002696822794717946e-01
-4.397660903421289902e-01
3.185600208497518793e-01
-1.917642799775824969e-01
-9.908658664130918226e-01
4.920645702741879290e-01
2.350001400001850982e-01
-1.301733652157905929e+00
-3.561862457718918407e-01
1.210302246623824018e+00
1.542107209438947635e-01
1.707582694753319252e+00
-1.275981734973421489e+00
2.336441181383204224e-01
3.432893596216732846e-01
4.269738864406633638e-01
6.437626938151126410e-01
1.425602334024143047e-01
3.412661316784868504e-01
3.875244882354529352e-01
-1.077327221333768570e+00
-1.470613492317502491e+00
-3.423203847455207338e-01
2.765400527519901175e-01
-1.437886721406316237e+00
-1.466369713283786069e+00
6.448862959805268247e-02
5.664175911509108374e-01
7.770429279542581114e-01
1.957083905192336104e-01
1.023215172239258841e+00
2.903116630647168961e-01
-8.813153566707203623e-01
-4.114155940629986574e-01
-2.632845553159831375e+00
1.886069073961442299e+00
-5.670018805240149007e-01
2.685507762739831605e-01
-6.871879414314756573e-01
1.413133196540597325e+00
-5.925723398571367539e-01
-2.770079877595712503e-01
4.070553174626221349e-01
4.015851210461871545e-01
2.259245412260098895e+00
9.077063587502163244e-01
-6.733988557869174940e-02
-1.082656483761665456e+00
1.898589159898840251e-01
-1.292020884692655525e+00
2.703134686545443088e-01
-1.026054812802737359e+00
1.730792525848112717e-01
5.394335381105719307e-01
1.311269336885780845e+00
-3.853407777668573786e-01
1.053358186190669343e+00
-5.584129329821125864e-01
6.065755382391220252e-01
-1.229362364170919264e+00
1.446674325632083757e+00
-1.505294633172602037e+00
-3.000072029366460669e-01
2.339533456802391775e+00
-7.872702753350235838e-02
2.062159382361361537e+00
1.023125092810071024e-01
-9.198779844963267394e-01
-3.839502920567809952e-01
1.412513455140542717e-01
5.006168774245161046e-01
4.977428475513541173e-01
1.739280842941681726e-02
2.361282582473371860e-01
-3.263109289521102241e-01
1.923406085899328488e-01
1.300386097966885757e-01
-2.848556993452309172e-01
-3.026953067584772228e-01
-1.435372034773854111e-01
-1.353117168625347588e+00
-6.717979202816053430e-01
-1.278413697181830511e+00
3.461020327368835581e-03
1.175219234124408096e+00
6.563504635586241420e-01
-9.226043163106920630e-01
1.026751018349500555e+00
2.010174297802349130e+00
8.801559929636955104e-01
-1.195114011048156399e+00
1.046206183623032970e-01
-1.550602482901588530e-01
3.161267902044295752e-01
1.476973833698558281e-02
-5.129797778254898688e-01
-7.831858528715454071e-01
-1.265073440277927119e+00
-2.403190141914466338e-01
8.089179139229285553e-01
-7.944993100778674489e-03
1.138297271871477889e+00
-9.511493706498193035e-01
-2.515831216151405147e+00
1.353283239240196778e+00
1.879770745743583049e-01
-1.476468688095522452e-02
1.207527648661066877e+00
-9.099590917561446446e-01
-1.163386009153388301e+00
-5.995578350342869456e-01
1.465368353811530966e+00
1.983821155563614269e-02
9.807751059098812618e-02
-7.979370031428576482e-01
-4.542276020303095407e-01
-1.688611604291861745e+00
8.151089658249048853e-01
-8.880160613334737718e-01
-4.232094904331216156e-01
9.024197022740647611e-01
1.938279706726351748e+00
-3.483093132460712837e-01
8.202151206270897887e-01
-3.796341622175845032e-01
-1.581849005379058148e+00
3.855669052136798669e-01
-1.991430085191888022e+00
-1.150046254295741477e+00
4.217073045039851920e-01
-1.368178325387830796e+00
4.142388499401850055e-02
-6.385883454497918166e-01
-1.229944744494968489e-01
7.748770823194242041e-01
-1.006280545261301285e+00
9.937033255053755454e-01
1.033368449834154212e+00
2.777410376715181428e-01
-1.058217192138345197e+00
5.309575333305440736e-01
1.220962843289505884e+00
9.018245974565051171e-01
-1.640958469540874987e+00
1.275701252391127305e+00
-6.212536223985951622e-01
1.128973127234441876e+00
-1.309090067336592611e+00
-3.798085036355454136e-01
4.878301699756129040e-01
1.603075946675003749e+00
-1.000735692498970320e+00
3.168558476440708205e-04
-1.506117369527473215e+00
-1.121627648026374047e+00
-1.272352608074950986e+00
-6.022681232079083458e-01
2.771437802455114507e-01
1.223870329720089245e-01
-3.582373636433757724e-01
1.148881070925575898e+00
1.706387211548379135e+00
5.355719022364882065e-01
2.234732975278541645e+00
6.698192636139026490e-01
-3.176333262187061024e-01
-5.600060686480459182e-01
-7.054389726999374943e-01
5.326834964856344001e-01
-2.310415029908323703e-01
2.176661702136112098e+00
1.929356169354942807e+00
1.323435917194492717e+00
-1.823770000789863843e-01
2.763634321703802854e-01
-1.856506918637013115e-02
-1.003776268111863601e+00
7.296776256103658653e-01
-4.858861763610953233e-01
4.116401866648491392e-01
7.873483267151168974e-01
-1.046865390071536339e-01
9.105851667826438955e-01
2.262183369350347917e+00
-1.262136580594036772e+00
-4.349694941258865910e-01
-6.068991783967545572e-01
-1.440731580574452497e+00
-1.735870945158631606e+00
-1.178618015045625356e+00
-3.497388141344837109e-01
-1.833876251169947125e+00
1.742770005543627931e-01
1.562939977382296952e+00
3.518998828795929512e-01
7.998850215818258391e-01
-5.714357364055020483e-01
-4.948488965902804182e-01
-1.356623887660447281e+00
-1.217923976933500185e+00
-4.498484171793570852e-02
9.431083811751506119e-03
-6.491102788071509977e-01
4.024159805922824518e-01
9.620421344405976072e-01
-1.274853006080522988e-02
-7.923842538266647750e-01
8.414622645409952639e-02
8.027950604189779682e-01
2.442444145461557525e-01
-7.910519071252650747e-01
6.420605422251632888e-01
1.788293937877462270e+00
6.123205251937804405e-01
-1.250256217058255181e+00
1.080161658714614781e+00
1.070533345633002398e+00
6.702214877948229343e-01
2.473577553860337730e-01
8.917992038096747009e-01
-5.547201568057662513e-01
-1.521968476075983290e-01
-1.879302991142084434e+00
-5.582188800664775741e-01
-9.964509983538869520e-01
-1.517025735814397258e+00
-1.121890672699987768e+00
-8.096517562947180835e-02
1.220964748978417447e+00
-4.550003532187529842e-01
-1.305799625248273088e+00
-2.030689301968360283e-01
3.110678196328198197e-01
3.299811119036615281e-01
4.598509173247578019e-02
4.555856280479195775e-01
2.869861592718834231e-01
-9.633773004357228942e-01
-2.199700696933248878e-02
2.048107525613307445e-01
1.437199813219036670e-01
1.087828871512831697e+00
-5.832106941417176671e-01
-9.270667647788304322e-01
7.221096816845475885e-01
-9.146023819720117132e-01
1.138543010324929661e+00
-1.305444740332349696e+00
2.107034933989382353e-02
7.789905782242367849e-02
9.066198574186827841e-01
1.020308210214391664e+00
-1.974652559904896965e+00
-3.746343835817178558e-01
6.500052992482716618e-01
-1.443597181176063948e+00
-2.922213822854615728e-01
5.529900717452953529e-01
2.115815198158299992e+00
1.882334231722961881e+00
8.471105535309924051e-01
-5.146889946370540869e-01
8.761333261800761107e-01
2.400389024764979951e+00
-2.886330220065245200e-01
5.003330446338383197e-01
7.570450375550326072e-01
1.362423501722127561e+00
-1.479209277786366350e+00
7.357914030374494985e-01
5.985664907812253688e-01
9.224035282186457962e-01
1.480147882883607657e+00
1.316334818082959046e+00
-6.517879977415264037e-01
3.048880930047159765e-01
6.143909018735351779e-01
-9.747236846632514329e-01
8.423789884173515929e-02
1.573008420853856393e-01
6.595452317618768490e-01
-3.586599924552107410e-01
6.846563457036296541e-01
-1.051877362740918809e+00
4.356263444770789306e-01
-8.762312944872858722e-01
-9.858395716229706451e-01
3.435749842888027317e-01
8.465208152340766290e-01
-6.615212364444369442e-01
-7.232873075802999097e-01
8.433074442179231411e-01
1.540232451082826692e+00
4.746694164570151031e-01
-8.475078741204065125e-01
-5.104331927943217551e-02
-7.390160044768361303e-01
-6.284422710224628617e-01
1.742129666236707841e+00
-7.325215653027630225e-01
1.292103991394984774e+00
2.574004707916266455e-02
1.024295671539814379e-01
-5.667116387454367299e-01
-5.849950142273359077e-01
-9.714339060917236424e-01
9.050261002359505369e-03
-8.753696969108215598e-02
1.985213648336481285e-01
9.517728395552449427e-02
