1.180000000000000000e+03
1.199000000000000000e+03
6.060000000000000000e+02
1.473000000000000000e+03
1.138000000000000000e+03
1.596000000000000000e+03
1.057000000000000000e+03
2.840000000000000000e+02
1.261000000000000000e+03
1.609000000000000000e+03
4.440000000000000000e+02
4.350000000000000000e+02
6.070000000000000000e+02
1.893000000000000000e+03
1.123000000000000000e+03
1.837000000000000000e+03
4.980000000000000000e+02
1.169000000000000000e+03
8.170000000000000000e+02
5.410000000000000000e+02
5.270000000000000000e+02
1.479000000000000000e+03
6.330000000000000000e+02
1.046000000000000000e+03
1.405000000000000000e+03
3.990000000000000000e+02
7.250000000000000000e+02
6.100000000000000000e+02
