1.359869681360059701e-02
3.801135485205620057e-02
1.143969950465972829e-02
-6.833394613012604424e-01
2.722712884891445029e-01
2.462351759649727967e-01
1.477219765338855240e-02
-6.072504643017540005e-01
-2.518790721926826848e-01
6.684461491263062882e-01
3.884444691827209084e-01
-3.586701173363033845e-01
8.892378062156147678e-03
5.598034198442514153e-01
1.465006360675848995e-01
4.873688306406975812e-02
4.227546786633640252e-01
-4.260351961786650321e-01
9.305486312085351486e-01
5.158853915131818013e-01
-2.129763448087018674e-01
-2.509262962784486461e-01
7.425649281261463841e-01
5.713211231158510373e-01
4.316905881991104366e-01
-6.723147013347414713e-01
1.411862749103018899e-01
2.099944945343619196e-01
-5.946063553548590619e-01
-4.198178964230887544e-01
2.291054500218647760e-01
7.234450794682700803e-02
-5.239363825930105634e-01
-7.229632951440763122e-01
2.314334283619876587e-01
-5.614913251771689318e-01
2.285200306114969493e-01
-2.079237207304673873e-01
-1.595238479780531904e-01
7.223823390520536236e-01
2.276649415536962096e-01
-6.410972761081934479e-01
1.073791214675665628e-01
6.590332862756547172e-01
-4.082979216970175074e-01
-2.713412823880734237e-02
6.808805901736665334e-01
3.847777292539262817e-01
9.662431353394698164e-01
-9.162449875591329729e-01
5.631441287897498427e-01
7.342509306477085218e-01
1.224768784539271849e-01
7.493255010025929863e-01
-3.024149829818369994e-01
-3.162074703681803101e-01
-6.723874838120895703e-01
7.109101903367864850e-01
8.177656997152862317e-01
-5.236912708746581657e-01
-7.524183574161202870e-02
-1.056620361184990031e-02
-7.508981366137659208e-01
3.693283402654179426e-01
-9.082327383825630207e-01
3.610637004861896315e-01
-7.117226928337494485e-03
6.700267457789852443e-01
4.562808426298143871e-01
4.143262628418122873e-01
5.066608888951149581e-01
-3.990142995472325538e-01
8.581183208179199440e-01
-6.851203971159902650e-01
-4.972293422943216967e-01
2.941504558401142333e-01
5.399570191374767347e-01
5.950553505924975894e-01
-4.724064188524135233e-02
-4.082729283510300178e-02
-1.153310141748420392e-01
4.716328417680664131e-01
-3.915020678518352781e-01
-2.816874209138831020e-01
5.278225783355869893e-01
-4.413877376217092419e-01
-4.195991930510194479e-01
9.197345688518234752e-01
-4.837241866213961572e-01
-2.250894090632407085e-01
2.931828136085554704e-01
-6.478945555872064332e-01
-5.097997382990957504e-01
-9.048782154307311032e-01
-3.029999802908358575e-01
-8.115623159903551098e-01
8.292901617198147335e-01
-1.247553507249392624e-01
-4.535185459266948271e-01
-8.176385091720304032e-01
2.824344077102756145e-01
7.332836115185239478e-01
3.224016368791993159e-01
8.384430123810471258e-01
4.713543862737328283e-01
2.187955692234320182e-01
-1.174225004620712554e-01
-8.896494564421342233e-02
-7.629138193783777666e-01
-2.394153639592202509e-01
-7.419909234782204877e-01
9.602259202923049131e-01
-2.943827783641772555e-02
4.124265885843474422e-01
-2.170523348650554851e-01
-1.703819129118429032e-01
2.893435815484046714e-02
8.436511412832459200e-01
-1.582824877894273286e-01
6.234603246292529377e-01
-4.217586884071948816e-01
-2.655403588007940741e-01
4.267568147911893206e-01
-9.085270122418096506e-01
5.731079956460769509e-01
-1.117414948638790761e-01
-5.751722196877464555e-01
4.883485616768989956e-02
-4.744397959958961408e-01
3.255828534740423663e-01
-2.004632250073772326e-01
-1.624016026469039531e-01
-9.408111437944235433e-01
3.932485167943919890e-01
1.065062002396324203e-01
-6.098694663763968293e-01
3.786162751679054139e-01
-7.167594642501935454e-01
-9.280786850984510394e-01
-5.327976215084353484e-01
-1.327542037414106701e-01
9.055001085118874471e-01
-4.014854239097509492e-02
-5.726581587021506436e-02
-8.218322700291391669e-02
4.857594091664463321e-01
-4.816778085626687300e-01
1.941895153872144064e-01
6.107256207773215095e-01
9.201217080515409208e-01
-1.586536625183097016e-01
2.545442991412212308e-01
-2.440896224250117541e-01
8.875393916112468418e-01
-1.371040566006040962e-01
-8.743504014226388676e-01
9.125913333449773290e-01
7.272450423569631894e-01
1.299511668500041850e-02
3.695064941297951933e-01
8.181741447435006975e-01
-3.845238667309107683e-01
4.674969675020079762e-01
5.379220832644779904e-01
6.318454223915459522e-02
3.381722186818674203e-01
3.079225442727020479e-01
9.672376658210168898e-01
-5.929373830860491523e-01
-6.249492576903348251e-01
2.158101978076487626e-01
7.788612343436600582e-01
2.878385637207614423e-02
1.942591632993240225e-01
-1.787869446655294681e-01
6.529602242770415899e-01
-4.711908967761146982e-02
-6.162759205099206383e-01
1.841843047956768231e-01
-8.764431576127620360e-01
-8.203399511732918370e-01
2.668473022097552771e-01
-1.760114688082872192e-01
-1.647017404384163441e-01
1.745214641664585287e-01
-2.699848144861336507e-01
2.343730413161395632e-01
1.313790979022755323e-01
-7.884029005206016905e-01
2.667571536687223244e-01
-7.948314286441133802e-01
-9.212811458159295697e-01
-2.844389786155332445e-01
-9.704773482105188975e-01
-1.058943096189404187e-01
-5.236408890933175186e-01
9.920727933072779336e-01
4.430579437465258508e-01
-2.641682865713024242e-01
-2.803123183313456224e-01
2.380584632126829803e-01
-1.597610663776825035e-01
-1.327080864195018250e-01
-2.071483987027837870e-01
-6.706474045245176541e-01
-1.308739547381270185e-01
-7.607277517693775692e-01
8.395029197960122147e-01
-1.555948778743827532e-01
-5.857660821552901353e-02
-1.547647346676059854e-01
5.131186389232711420e-01
5.997654606512226039e-01
6.717983748440659042e-02
-1.285045389753429745e-01
8.008385984733390472e-02
-4.536920918832443306e-01
2.050164104484171190e-01
1.805852957345308596e-01
5.949400090860299528e-01
8.593799480751540543e-01
2.293399755262797157e-01
-2.753247804901510776e-01
6.826227726869360524e-01
-4.432829717966848548e-01
8.586819925160202871e-01
-6.672760571730567136e-01
-4.990233973827482572e-01
6.711584770004899170e-01
-6.640827653535641417e-02
1.421561115795757502e-01
-2.428711858532484058e-02
1.429825583186161708e-01
-4.028803575718971075e-01
1.661097783688987306e-01
4.857305882512861217e-01
4.158885735394353134e-01
-8.010727883352073420e-01
-7.238679309987441357e-01
-1.840981944992750030e-01
-8.623185099868360126e-01
6.488331133836471309e-01
6.179863558658258427e-01
-7.165664027091818156e-01
4.366797028973046224e-02
-1.065134509106631100e-01
4.141102326061316674e-01
-3.158065594375347729e-02
2.276686647194559043e-02
-6.841089415868726320e-01
-1.369819494900266221e-01
-7.946400694993513980e-01
4.307323680824035605e-01
5.967862402928592047e-01
-4.372484646403940189e-01
3.042752469127583126e-01
5.494251167752848275e-01
4.858017170272388441e-01
1.407919555754668650e-01
3.072397350202606958e-01
-2.478117514541597899e-01
5.196039537695646970e-01
-5.771926210460307516e-01
-2.893989085388888327e-01
-1.675707760880404962e-01
-1.288014135353954259e-03
4.565988857626717135e-01
-5.394505295205576090e-01
-4.830696887603123102e-01
-2.708223193669461182e-01
3.068543727574244429e-01
-1.382607207171320240e-01
5.749283908785773889e-01
-5.483698386847333239e-01
-1.086712916370116133e-01
-6.419831505995450271e-01
-5.224897378682022975e-01
8.199257727082445157e-01
-2.933415776920584861e-01
8.852249741171025477e-02
4.273047684999635720e-01
1.039102641796318949e-02
4.573633070523310806e-01
4.996358460473135921e-01
-4.987657691213218669e-01
-4.814688317741202539e-01
-9.026617710898028335e-01
-5.136662139175722785e-01
-9.517258875727812040e-01
6.417867791598874661e-01
-9.803716758210612170e-02
6.992276921908038290e-01
2.752290602213793846e-01
5.033303552873213960e-01
8.161607705083309128e-01
-8.366429706910798458e-01
9.462294335440057935e-01
5.291868666447276937e-01
-4.176407620899516004e-01
-6.456823169174672472e-01
4.233514332175261075e-01
6.796470585311649160e-01
1.336244331472791202e-01
-5.763950940731028538e-01
-4.749322234724893121e-01
-2.478415931055950594e-01
6.002368044961317040e-01
7.032540589126341501e-01
-8.106460985803956021e-01
1.060180647752879679e-01
6.770835687428231608e-01
-4.164092748978349690e-01
3.391902844467260536e-01
-7.835131128072889695e-01
8.661117601856087589e-01
-7.870333175858217345e-01
-2.537764939332189940e-01
-1.742529137985027177e-01
7.291101063082621181e-01
2.154875476161866032e-01
3.745113422088408583e-02
4.343865799829824681e-01
-2.777794699203992579e-01
3.748500695863299370e-01
5.799216365873247625e-01
-5.058629444213949000e-01
4.731417347287969477e-01
-5.803158577353162428e-02
-8.856468888743398438e-01
-9.441196579162305369e-01
-1.856063392051190419e-01
5.270818505997247883e-01
5.923999239806256867e-01
-8.901575464566224838e-02
-3.331394154211348990e-01
-6.094652520244379090e-01
8.331592093727504533e-01
6.344822436911581320e-01
-5.460204459436406310e-01
-8.578776776308538743e-01
1.102487793662865201e-01
-1.135131261191313357e-01
-5.204038750506159161e-01
-5.376049572312435743e-02
-1.875665561691635119e-01
2.724871088797877761e-01
-6.198970183779861642e-01
-3.135230422844452747e-01
-3.466266267639586118e-01
1.332043788018122399e-01
-5.793066305513709935e-01
4.592878379378140252e-01
-2.139757149051657592e-02
-3.039571764228163886e-01
2.614536594995433560e-01
1.667004044937892004e-01
7.876574189018263894e-01
-1.341369045283089534e-01
-6.184997778343666042e-01
5.278582443710391203e-01
6.707869315160852608e-01
1.236941335704413447e-01
4.329393078669641071e-01
2.701964582647811142e-01
1.581398758296161944e-01
-5.652109249715913109e-01
-5.207717265739786328e-01
-4.747895445005063664e-01
5.305383687517997160e-01
5.127121891686510224e-01
-8.208951335439591546e-01
-7.982108737774709084e-01
2.360871576127081539e-01
-3.488205223373146424e-01
-4.384726688685560703e-01
6.579742639393426629e-01
8.434420407674867448e-01
-7.959718777598414619e-01
1.912716085703376478e-01
4.358890268184945072e-01
-7.365333748650657597e-01
1.932555990449600358e-01
-4.042578036263018149e-01
-2.510569039875107933e-01
-3.991603674011932057e-01
6.169584753662737953e-01
-6.724264107589750239e-02
-2.172801328787841157e-01
-1.095372917738348661e-01
6.400660525856416427e-01
-2.789448342836733374e-01
-8.201386348698935791e-02
-5.007169754807598849e-01
8.368155826369534367e-01
-6.127230490999089341e-01
6.364499018221279059e-01
-4.710189011110115231e-01
4.050597546098524404e-01
-5.282445106764113163e-01
-5.572220444570596953e-02
5.914297575328575363e-01
-4.830834953415630295e-01
-3.636422964744143727e-01
4.697048814028779162e-01
3.324140175978529399e-01
7.276921041859747419e-01
-4.661806366344087849e-01
5.895527183591795506e-01
-3.915424695401252819e-01
1.209223357352247064e-01
5.430969753297576474e-01
2.419341718242762340e-01
2.556711665937871913e-02
-4.917014600882660957e-01
4.614187167962224834e-02
6.872429788781309057e-01
4.038157232298811294e-02
-1.340131231238617104e-01
-2.778991479106691642e-01
6.003883185863987393e-01
6.185985107239755365e-02
-4.268464856207501157e-01
1.002317376006214289e-01
2.212154336890970185e-01
2.466799478246883837e-02
-6.816203448238358220e-01
-1.266390090178886041e-01
-5.594880644619619758e-01
-2.894930889623328341e-01
-9.243000400440672948e-01
-3.773843803339804737e-01
-6.619598267200696995e-01
3.618524878201689887e-02
8.667218356860999506e-01
-8.828040922175697247e-01
1.033798372836720603e-01
-6.751175491837972942e-01
-5.080829423268697909e-01
5.519013483372692264e-01
-1.468372899568359813e-01
5.450620923309132948e-01
-8.230659550377525946e-01
-9.337654003881166176e-01
3.640478570195995189e-01
5.138997977618418034e-01
-3.135365621933505764e-01
1.886685243586070371e-01
6.102491066119908325e-01
-1.036343761908948835e-01
-6.451497498496463479e-01
2.384407346779582326e-03
-1.877283197053358776e-01
3.424367783175883417e-01
3.610342214235124914e-01
7.656635948822554383e-02
-3.146860552249197696e-02
-3.507844654782266147e-01
5.013470459193545281e-01
-6.022367790018607892e-01
1.618842415883623431e-01
-8.804661853902127078e-01
1.604853518375559673e-02
4.070553393446392221e-01
3.458252770970950962e-01
-5.340871828552078426e-01
6.048844601868896831e-01
-3.204196885826275931e-01
-1.414246349689216586e-01
3.434871052576369266e-01
-4.645587875174754799e-01
5.950244572750360561e-01
7.743264729873402530e-01
-9.740314336365436532e-01
7.944099745989161576e-01
8.841549818512870473e-01
-9.707805992044660215e-01
-2.915465599270214980e-01
-7.613586784956432041e-01
5.716002549269481037e-01
-5.247654712983962355e-02
7.601781599437344994e-01
-7.642654956107142183e-01
-6.182913161296914595e-01
9.063021492163318982e-01
-1.788755125571945825e-01
-5.593244272025019725e-01
5.627474953479101316e-01
-2.882940284971944322e-01
-1.594932755230384913e-01
7.494287609097671776e-01
-6.626250367455437384e-01
2.522754861743088384e-01
-4.064405189607489532e-01
7.238315392991427899e-01
1.807345133476321308e-01
1.833108857348317855e-01
-5.826579545429080298e-01
7.345503853673660544e-01
-2.507482057031449330e-01
3.525195252322941286e-01
2.952111706123536905e-01
7.135733845611600401e-01
-1.355976094736135451e-01
6.494106144485556342e-01
-6.804310867590803724e-01
-1.016115381400215512e-01
-8.214889666362443776e-01
-9.716270887445777049e-02
-2.105604385324246763e-01
5.561204639084227352e-01
5.170710445782003006e-01
-6.494483946653151207e-02
7.041113488083627914e-01
3.243751991915067023e-01
-1.456132765607538460e-01
9.420443266805378357e-02
-5.903409506976862176e-01
9.759890697789517233e-01
-2.567992672769383589e-01
6.454907748901952402e-01
3.415869555768091814e-01
3.436486633697555249e-02
-6.155379656213897377e-01
5.595017617820552402e-02
-1.045799825997368870e-01
4.334913764967662786e-01
-4.950151073312447636e-02
-1.282280025107738197e-01
-2.850553975358529613e-01
9.885586126206025170e-01
1.746127906616168346e-01
-2.033939747806190468e-02
1.189551156258348286e-01
-6.851539148341698748e-01
-8.356529219783936924e-02
-3.548356229540026163e-01
8.036327628807962142e-01
-3.445790385625429053e-01
6.537737179718741132e-01
-4.783495891132556466e-01
-7.814311002133020878e-01
-1.808518097213731579e-01
-7.590809378849350253e-02
-4.934481334787665929e-02
7.260090013942726017e-01
3.314217815026907488e-01
-5.844056289266630344e-01
-2.384888414867685213e-01
-4.571567583147828628e-02
3.322211992208892184e-01
2.627025641995981431e-01
6.460894422512968305e-01
-7.906389479222308836e-01
6.001948539972845609e-01
1.760104528517700828e-01
1.327183945187213610e-01
-3.398392123528619635e-01
2.517746768693296389e-01
6.280611992167139945e-01
4.052812117222126531e-01
-1.577145349633752858e-01
6.070715597091336235e-01
7.270648760597229199e-01
8.757344727830780329e-01
6.298329567629599168e-01
-7.178935078366190936e-01
-7.979474069054273144e-01
-1.617416879851756306e-01
-4.846331222248840831e-01
1.642717975599943259e-01
-3.650047202214175002e-01
8.319884742965433233e-01
8.556729171730914629e-01
9.136772686443173086e-02
-1.301287579978467335e-01
-4.543443940168554462e-01
-9.435828405495563231e-01
-2.688358305103832890e-03
5.837531833835782891e-01
-6.627906433452412926e-01
-6.616403253227733927e-01
3.357490977426449419e-01
6.813776421714159426e-01
5.131592187110118886e-01
-7.471916402352363207e-01
-5.580470317169234917e-01
-9.498912547296995967e-01
-7.344151148493258674e-01
6.297386560808000411e-01
-6.972653710280063422e-02
2.841049873523280311e-01
7.820450172069968175e-01
-1.863604390498583285e-01
7.272331241373759525e-01
-3.504556185294394055e-01
-2.234682169499855320e-01
-9.100619119947772617e-02
-2.983452901128833545e-01
6.016034928202573795e-01
-7.265021505017532633e-02
1.836339076935677994e-01
1.722300161202152680e-01
5.885906828103140143e-01
5.882896360179401540e-02
-1.206544323717730904e-01
7.490996309962660860e-02
-1.289140070921606096e-01
4.824881489430321579e-01
-1.479407469680174003e-01
6.433519419580218113e-01
6.091382943916254789e-01
-1.281160447697979876e-01
-7.958270833281240186e-01
2.690686825010768501e-01
1.017679345857755990e-01
-6.332447757803629784e-01
-6.491444775759100949e-01
-7.795161186591768043e-01
-1.493941025349947438e-01
8.618627830678882162e-01
1.153695087788850770e-01
-3.747159697024446956e-01
3.856248123160499475e-01
-9.440735011189449466e-01
1.708296138405032139e-01
-2.960695528934618181e-01
6.487636894400594656e-02
1.030159522828357765e-01
3.990595013323483542e-01
2.913061214889731687e-01
-5.240267291638831537e-01
3.782258281526660326e-01
-1.662326575146542140e-01
-2.671442018326306567e-01
-2.403800394017698849e-01
2.579036036372883700e-01
-3.527854741816813799e-01
8.090786829693872306e-01
-8.149484799013864134e-01
3.719178891473262638e-01
-1.331272876891045343e-01
-2.067455479697297704e-01
3.275699293241451926e-02
-4.916995227725120543e-01
5.582347142858683497e-01
6.168106696303610192e-02
-1.580873807531402164e-01
2.670848672843675331e-01
-9.698279774791780383e-01
3.308503396398094765e-01
7.754534027115909112e-01
3.711039673907485792e-01
-6.130154456835290588e-01
-7.625050761924354603e-01
-7.266977041069511145e-01
3.047668120923638924e-01
2.739004318499294044e-01
-5.525792649151259894e-01
7.136893733525973005e-01
-3.475460270978931732e-01
-4.924167502239269467e-01
-7.946142362068639997e-01
-1.031537278733862806e-01
-6.032379127856000167e-01
4.593220914709199576e-01
8.812950778753103620e-01
-2.701879722722360100e-01
-9.354160297982847538e-01
2.938785245905712884e-01
1.325406718023316444e-01
-5.078153160434641933e-01
4.056280963042215859e-01
-8.270316333145846244e-01
-3.129755296773186757e-01
-2.825843018238636262e-01
1.345425410930713994e-01
-4.898840971877840289e-01
4.216240388601821820e-01
-4.900748650094088887e-01
9.121242180371789132e-01
1.430721049931014122e-01
5.352869467438274853e-01
-7.368038340633251693e-01
4.518493825533980157e-01
-2.650624400174015349e-01
-4.205128801737254562e-01
9.735694255701918820e-01
3.668229195683654353e-01
-8.804315991462683400e-01
-5.551573240654654740e-01
-3.676356099723454562e-01
-5.447186921086135669e-01
-6.367711990469935301e-01
-1.976552246062244222e-01
-5.664119509464127233e-01
-6.211555356147160367e-01
1.672753713532078024e-01
-9.507686676913005286e-01
-9.211236516920981998e-01
1.536973035327822146e-01
-4.043852465466830637e-01
8.441263178379063703e-01
1.332088465883014550e-01
1.706285414408670320e-01
3.196124724412294782e-01
-4.877913078538442804e-01
4.067663366378129197e-01
-2.846129572461331136e-01
8.644919074049646213e-01
4.544175665395586705e-01
2.734469187593147055e-01
7.298917991513595993e-01
6.771030930089239064e-03
-9.000562267348772849e-01
3.545499745609745901e-01
6.531714736088636286e-01
3.656915643517857362e-01
5.291941022890203072e-01
-3.654870538414707326e-01
6.526835230911238739e-01
-1.519050261495662468e-01
2.712136477123952005e-01
4.398834226682275528e-01
-8.408787869457938768e-01
9.493940592664618094e-01
3.957153284091301515e-01
-7.031401710684539452e-01
-1.858143347731289197e-02
7.075196365063636250e-01
5.085125719646139686e-01
-2.801520963447288182e-01
6.550377829952802600e-01
-2.072632130213829527e-01
9.509312662895705870e-01
-7.129684230773705167e-01
4.558276433507435499e-01
-2.615623163489226854e-01
4.771076844141619588e-01
-9.112665674026105833e-01
2.657471022599908750e-01
1.849140413346139766e-01
5.430888931721060686e-01
-5.036175282277319809e-01
5.034364153242005813e-01
-1.721706113645824487e-01
6.248635848266426152e-01
2.919246967972357609e-01
-1.567926253213762777e-01
8.520504096419090345e-01
-2.895292436106648992e-01
-2.142112610603739142e-01
3.246445555784829295e-01
1.671715983710715392e-01
-6.419329644776397004e-01
4.476465608690034514e-01
7.359130004121618995e-01
-3.401725399603474642e-01
3.905261464697451501e-01
-6.296415212211474710e-01
-3.686926304716484637e-01
1.092959485843874035e-01
1.708048249834792642e-01
1.568255213293712202e-01
-6.098859596941021977e-01
-8.624941268728072430e-01
6.468485256234082215e-01
8.295745641201239806e-01
-2.353907550346345801e-02
-4.678492950828729846e-01
4.975012343515157198e-01
8.347444443892868549e-01
-3.820055536518962569e-01
-2.251627923179704283e-01
-5.684724987741374136e-01
8.994219980285356186e-01
4.196364857064081022e-01
-2.419767125932814622e-01
-7.904165636462581190e-01
-1.960122753576829524e-01
-8.579274516195996014e-01
-6.244068003876934725e-01
5.174204266966961896e-01
8.043142329090544607e-01
-1.949659306873376963e-01
-3.684727044897266879e-01
-1.088134186089844135e-01
3.918780614879056046e-01
-5.611125552618272394e-01
-4.759042456883211258e-02
6.619746530413816998e-01
-8.983211094650984663e-01
-7.456784317505604776e-02
-5.068559161392496293e-01
7.961507108444445535e-01
-2.532802509233782473e-01
-5.058957761441593703e-01
2.796602363028464211e-01
1.893236755860705500e-01
2.554140469259280621e-03
4.773379959335288802e-01
8.729749279672196494e-01
-6.014465571509362007e-01
-3.456253468839394216e-01
-4.809584257109067451e-01
-6.327457322261924588e-01
1.097007810218295631e-01
3.420518848407674284e-01
1.778688473069838238e-01
3.771759026820937777e-01
8.871476399787514566e-01
-2.584475693415129172e-01
-9.287116739049130487e-01
9.161233831979807007e-01
2.012369195736756211e-01
6.820201908524303747e-02
-6.392263839563119276e-01
6.582250664846700516e-01
7.433674938445395952e-01
6.683026645863172632e-01
-9.379717376841325560e-01
6.322703814006924716e-01
-1.818776544128297701e-01
4.028106034989153983e-01
-7.893283335740699513e-01
-2.302106167749764509e-01
-5.902718760538112619e-01
7.481628106083695329e-01
-2.294888369531680183e-01
2.097164152850394814e-01
4.375490468990870241e-01
-2.279441110314408547e-01
-5.852680984613725101e-01
6.046242876693046497e-01
-7.090724526899627733e-03
4.486834821392875483e-01
-2.403793217492644629e-01
5.751364631776079150e-01
-2.184287616260158771e-01
3.696931140340975475e-02
8.813206507851987226e-01
1.661771067305952698e-01
3.878341118224373218e-01
2.451331040087190161e-01
3.903798580877744229e-01
-3.363515409406128143e-01
-6.950047543008910367e-01
-9.215611160195367191e-01
8.406153765255544030e-01
4.567027608454141685e-01
1.981532143181414796e-01
8.305429536162058923e-01
7.698771884430399837e-02
-3.319678945704893636e-01
6.425898584787672618e-01
-3.030096128244972320e-01
-1.726760731170173813e-02
-2.761370334089914280e-01
-2.743728418208970510e-01
-3.882619911413085489e-01
7.169647917463848330e-01
-5.941032225883278173e-01
5.018323190078675111e-01
-9.820994224327073141e-01
-2.178898869060965637e-01
-7.647056863435119922e-01
1.991955787990491444e-01
5.807869360073256715e-01
-9.037631186760517465e-01
5.327543848962790207e-01
2.971615296363250280e-01
-3.951595943061301242e-01
2.642496031356058594e-01
8.764138252060780232e-01
-3.780714145330987819e-01
7.222193257186226845e-01
-4.074831963868454920e-01
5.768585896131606106e-01
-2.185112910932502928e-01
3.983085542510975685e-01
8.732044123210966902e-01
5.837715076312193219e-01
4.267962282672623786e-01
6.713016462368859294e-01
-3.443035335797910435e-01
-5.281266645829507667e-02
4.934857061708264325e-03
4.785653171434773867e-01
-1.864406263368341143e-01
2.808506653682592002e-01
5.246493265667435679e-01
-5.641534056557091503e-01
9.430010439020115598e-01
-8.420826894785289340e-01
-4.140722326611259163e-01
-7.286248986465420074e-01
-8.426825215734670138e-01
-2.242103152827112922e-02
3.927406018988977010e-01
4.149935643970135146e-01
8.635867276924278357e-01
-5.163139943194376968e-01
-7.124216741885369686e-02
-5.319342700446973993e-01
5.494084569655788286e-01
5.406900754218124661e-01
4.063076961056051317e-01
-1.603703515112790967e-01
-7.432155131690691974e-01
-3.041109073648424754e-01
-2.837710108171611623e-01
-5.673029595157110805e-01
1.597771491733031013e-01
-1.949291388188347796e-01
9.496459461820982995e-03
6.860248709309786364e-01
-8.614364613721825492e-02
-7.515444128320014627e-01
-3.867260997423827007e-02
-3.042974312859900721e-01
4.846142869029792521e-01
-7.572985893640300503e-01
-3.309057994197299735e-01
4.489956943475013063e-01
-8.568492509437239946e-01
6.169501787167108731e-01
5.452235333085848623e-01
-6.363448700242457789e-02
1.113851255032214382e-01
-8.389820068178286405e-01
-4.888329496525036788e-01
-6.892726942356848241e-01
-6.919273965779568769e-01
-3.339552082944434730e-01
-2.015935124244450094e-01
-1.632359051487926038e-01
1.928974449558040760e-01
-6.768506255376482983e-02
-6.363470646912761097e-01
-5.125461999218483555e-01
4.075025159508038897e-01
3.196420062621916358e-01
1.726109094202952221e-01
-3.560356987109747351e-01
-4.603671518927745510e-01
-3.132365793305691426e-01
-9.110243852107462459e-01
4.790934915681166473e-01
1.974921791148105399e-01
-8.856394981367099462e-02
-6.453606420004938116e-01
-5.125656299003100713e-01
-5.801766155528724767e-01
1.523397036461027199e-02
3.810008105483131402e-01
-1.713824678072874974e-01
5.285819362416432909e-01
2.737488893586270677e-01
-2.311544023851626051e-01
-1.122923227150955938e-01
7.713321009510485382e-01
-5.305050538688353967e-01
6.862204085714429525e-01
-7.559721662898191141e-01
-4.695595841529875969e-02
-8.651400221570897386e-01
-5.909891843002492706e-01
2.285324858221038369e-02
1.225779669862703258e-01
8.975958200655931307e-02
6.994235139355353681e-02
4.003911539535875974e-01
-6.339911250889871397e-01
6.641909264282253034e-01
5.017444316845320884e-01
6.568328286739566479e-01
4.218339647034365925e-01
-9.813187129537679354e-01
2.219075915417398903e-01
-1.727737001097962022e-01
-7.669271614245785074e-01
-7.162651073535517554e-01
1.359195799143488870e-01
-4.393709560298919570e-02
2.071624795351931780e-01
4.382746297456652229e-01
8.510372071775851310e-01
-1.292195175796209128e-01
9.025415318583611679e-01
1.477455844275699093e-02
6.599490057855810221e-01
-1.427587465552173640e-01
6.878795531145840414e-01
-7.719153265470790615e-02
3.401534687576202032e-02
-2.668461093023477559e-01
-1.908936895956854229e-01
-4.191485364364053723e-01
6.452838577679269605e-01
5.215774832677251283e-01
3.315630375444813538e-01
5.247784375973898463e-01
4.007112751781054527e-01
4.385354098597726846e-02
9.815643640820415072e-02
-1.401256727585487027e-02
2.945267184503226332e-01
1.865207987474706286e-01
2.344135188667353376e-01
-9.278471746664775921e-01
-7.621443457440735259e-01
7.472794924094046110e-01
1.162073769402329759e-01
-4.863350203161749263e-01
-2.149412008084707892e-01
-7.428913933851166718e-02
2.304908458635166468e-01
-4.298120762944268591e-01
6.818196821905528893e-01
-2.736171937583966596e-01
2.079459559178395978e-01
-4.146906911140249008e-01
-2.215699250956228994e-01
-6.026307051881714116e-01
-5.964809285139072159e-02
-8.404499704889314415e-01
4.099775204989946076e-01
1.319663458369539910e-01
3.449314364385180909e-02
5.282435364523720978e-01
6.303492928710454635e-01
9.832571973126462694e-01
-6.074553577672432425e-01
2.090178641180155950e-01
6.882940028078721184e-02
6.573318402915333536e-01
9.741958728391342248e-02
-3.959906788384675025e-01
-6.602356520907015636e-02
5.097618489081066073e-01
-2.719920164651075112e-01
5.095815102093350646e-01
1.331126611665975901e-01
-3.175249947426808106e-01
-4.454421172380831351e-01
5.666622207202118844e-01
9.038186958415401762e-01
-3.158981867447092640e-01
-2.635709097990490690e-01
5.896189615580453847e-01
-3.747058695206808565e-01
9.781193116424304890e-01
-1.422119627297613320e-01
-9.102327738756201825e-01
-8.019568858822898605e-01
-2.061153933648007808e-01
1.641866528807724990e-01
-5.978739746165171454e-01
2.188233230780927130e-01
-6.190617175676029760e-01
-3.808021389857092487e-01
-8.887248485957188748e-01
-6.372151675013126848e-01
4.430617500193783087e-01
-4.154234737868494065e-01
-9.939757749239586104e-02
7.814630388234302671e-01
1.495595944665328858e-01
9.445865326982971766e-01
-8.302863343557485010e-01
-9.187241377284021127e-01
-1.313857960684741144e-01
5.490414071102733828e-02
5.985302981671125622e-01
9.020602562305635175e-01
-3.993066477635878186e-01
-3.649613252926817708e-01
-9.888462565868838539e-02
4.554447470585829549e-01
-2.107541028943096251e-01
-8.132081272381244119e-01
3.929648615966874203e-01
9.554523633878275746e-02
-4.028420262911147631e-02
2.496998051992491696e-01
-3.000751629706748247e-01
6.719738311329939151e-01
-9.863065846010972137e-01
-4.956574829787649961e-01
1.133452779466361804e-01
-6.997495529935076064e-01
1.932940481982035053e-01
-2.065737873887654175e-01
-1.542546720369397661e-02
2.224406316048241905e-01
7.001019872462741489e-01
5.765936185720610396e-01
-3.529072621898663442e-01
-3.092701107075122025e-01
2.251842009255664578e-01
1.309296218906066400e-01
1.727567862014236511e-01
-8.659127411611251546e-01
8.067402006564714512e-01
8.388855392242184905e-01
-4.240667574058321065e-02
-8.021977927710715051e-01
4.877688082254518775e-01
2.786686502437349944e-01
4.121647543395017266e-01
8.214647861070343282e-01
8.867346887740694683e-01
-1.376307292357363821e-01
6.816024968560956410e-01
3.918087929735412089e-01
-4.666924633067814909e-02
-1.932259967335721029e-01
7.188156632926094858e-01
7.968744482798220119e-01
5.586506618120159473e-01
3.424221381518188778e-01
2.864283070117856767e-02
-2.665272095302997357e-01
-3.871672036238988923e-01
6.648092988808809167e-01
-4.086820813736036229e-02
7.497202301056935525e-01
7.177112554351205986e-01
-4.604685737225553410e-01
-2.424429241374586042e-01
-1.836861742309521262e-01
6.394408666834117128e-01
-2.600584136662451584e-01
-5.259698030034147820e-01
2.146941674953239954e-02
-5.184488427057418747e-01
-1.161653018711108487e-01
6.439169554948378504e-01
-1.882154439447152328e-01
1.670118134766083173e-01
-1.001604847042276702e-01
-2.737029603216889484e-01
6.186978685946131762e-01
-8.395484003723989730e-01
9.830175640409866133e-02
-5.554877772442523565e-01
-5.516862924986440930e-01
5.191718265167573065e-01
-5.113851904340327437e-01
-5.254434986336757873e-01
-8.065277821810328263e-01
2.510540962331084813e-01
-3.044964463106341057e-01
-4.327928330841590565e-02
-1.575312818848759733e-01
-1.670736065478894972e-02
4.403663787723841594e-01
-3.459890438348018904e-01
2.140035674510043506e-01
2.977806502669801958e-01
-2.141655700077462754e-01
-2.264965318024003693e-03
4.764164353591739953e-01
-6.405034163454343954e-01
2.718563599209016246e-01
-4.948442554491903067e-01
-2.677204981071676926e-01
-2.439302012503281603e-01
4.815232508563260794e-01
-2.944678561853750764e-01
1.827275772882330784e-01
1.480414209608262865e-01
-4.588650042884081515e-01
1.428643347745950365e-02
-8.931343495154902001e-01
-2.273841962031184494e-01
8.644113458328970268e-01
-9.834291297899868667e-01
-4.172556393455426615e-01
7.169692919381027707e-01
-6.727116296729640510e-02
-1.614955469778056596e-01
5.995931332099448952e-01
-5.126982123518590839e-01
-6.741578592311014972e-02
-3.183914524077238184e-01
-7.692762327036613001e-01
2.925283397036704258e-02
-4.193594084257759036e-01
-1.267244265047553498e-01
-4.988710078830518313e-01
4.292332665796791957e-01
1.051408950526688812e-01
-8.893851437930244686e-02
-7.931425913383884918e-01
2.876402288432160503e-01
1.318894723186314621e-01
-2.846296243298409578e-01
5.399647053018430398e-02
-9.635950981067864518e-02
-3.687230212338867830e-01
-1.882440662486848382e-01
7.124249117190277758e-01
2.835439697854074126e-01
-3.642679221686586644e-01
-4.657043545003451968e-01
6.187225560041937911e-01
-6.308432520862599091e-01
1.960676785565773628e-02
-3.330464299189852539e-01
-1.781105470032118276e-01
-7.167358047299030588e-01
6.602337039865062707e-01
-6.064752427906920929e-01
-4.925611009988362099e-02
4.830552128699858727e-01
-8.258887174536893028e-01
-8.322285282367758441e-01
-4.517572800141236300e-01
-3.022468396010538072e-01
4.692889553668493363e-01
-6.638018645451291277e-01
6.384919000702069525e-01
-5.070309441085276703e-01
7.290254864007126301e-01
-6.494449589494601938e-01
-8.960983745287496305e-01
-5.612835865381775591e-01
3.286428730123391873e-01
-7.009592047816077809e-01
5.149466469356038800e-01
-5.722262512981801663e-01
3.146517947041669316e-01
-1.569819815804383012e-01
-6.290198899247325670e-01
-7.589653362410695436e-01
-5.043206211554096541e-01
-1.440489790438217454e-01
6.585788097321483292e-01
3.584055784806583489e-01
-9.752731723532184205e-01
-2.525301755138960047e-01
9.017031972105211679e-01
3.780174352224365819e-01
-7.106609085750443811e-01
8.850670141690386572e-01
-2.442564357553482779e-01
3.473206011216136702e-01
3.644542317329291237e-01
-4.317500693716498361e-01
3.688144678020570666e-01
3.937005394089512222e-01
-9.074072991984465375e-01
8.779002769423769337e-01
1.045745984981838461e-01
3.222396438716526035e-01
-2.653177223233811333e-01
-1.606472767713231775e-01
3.402770260610221698e-02
-6.642288148362984757e-01
7.359221327372829080e-01
4.547071915592484359e-01
-8.983521818413988669e-01
1.076802784480657138e-01
4.566838760539848607e-01
1.873108105495724374e-01
3.019089949315674204e-01
2.164524920780763750e-02
8.538955269201888854e-01
-1.687009906449929986e-01
-8.489650364243619407e-01
-4.331514872860608989e-02
7.879914250634953987e-01
2.213580655279345777e-01
3.046267917814828863e-01
-3.844883070344273790e-02
-2.488520245272383136e-01
8.356001560200727596e-01
-4.192042292836442030e-01
-2.278351901329820350e-01
-8.745167245334073414e-02
-3.542523712144491910e-01
2.564706064996169488e-01
-3.854430052313704280e-01
2.701493704455177891e-01
-4.896316842345358467e-01
4.932891179301517326e-01
7.018833830706574517e-01
3.003554014311191622e-01
-1.449217578433952269e-01
-3.813275520601937529e-01
-1.352461600442254053e-01
-5.497136499204318127e-01
4.668717987786141776e-02
6.037860417639624444e-01
-5.243000372832042899e-01
7.851563482326096022e-02
-3.442554830847477376e-02
5.592382839573639686e-01
4.556995744431571183e-01
6.693824661722054259e-01
-4.708054428592678420e-01
9.207619003065481422e-02
-1.489474008405569094e-01
8.351450825436330661e-01
4.966686536442113109e-01
-3.104201324412851903e-01
-7.525204832510032915e-01
-2.778410936782282903e-01
-4.222361075385796525e-01
-1.084504928317544525e-01
2.154695485885662620e-01
-4.637196141346224820e-01
-9.445865427466335618e-01
5.995450759705098775e-01
-1.276841134435136027e-01
7.130072718767532791e-01
3.625462520421143253e-01
-5.963358173944515173e-01
1.039096767464631199e-02
-8.624847575630383290e-01
-7.601506957909940354e-01
2.509656185238551274e-01
-6.055453548996023727e-01
2.115911348740615594e-01
7.630055677496017097e-01
3.782390575259366727e-01
4.668161519930071890e-01
5.361509225043903371e-02
8.684525277146004640e-02
9.450839129108814518e-01
6.781719892981596942e-01
8.504508097238456799e-01
-5.144963109337119533e-01
-2.796728910604784346e-03
-5.449707808948742738e-01
-3.183509994106090701e-01
-5.031690866792164485e-01
-3.901318337463646202e-01
1.815299140429331715e-01
2.529686555942465276e-01
-3.314208210463647220e-01
-1.194060975445072614e-01
5.540521034432881464e-01
-4.552330704057734323e-01
5.970686067900015104e-01
-3.474148737245172924e-01
7.275929693774170204e-01
4.220239072286036119e-01
2.318024269089757894e-01
-2.389521875267952566e-02
5.817013344779811135e-01
-5.437175618952512224e-01
-4.334694273288306476e-01
5.013247684837338625e-01
4.496760730412328044e-01
1.674716504317963484e-01
-6.060675432499262882e-02
-4.866532990840966022e-02
9.325722304520569494e-01
-5.958843240964224464e-01
5.612909516204105387e-01
-7.201424537901619516e-01
3.030987380696839040e-01
4.831007392817348034e-01
3.440597552179909258e-01
8.244297093920049946e-01
-3.118783440965886555e-01
7.025600421524984540e-01
-6.127746437834851179e-01
-1.942229389233567360e-01
-9.331152547734884450e-01
4.618327561095156852e-01
4.566191247068696057e-01
-3.356294424711023794e-01
-6.631234969886534714e-02
7.649946193962371410e-01
8.316555633223066124e-01
-8.378396990051166782e-01
-7.339477361754562779e-01
4.807539503242050927e-01
1.996685704771685721e-01
-2.924708619584475144e-01
4.465100961646921718e-01
7.881846389623516913e-01
1.784918202662293396e-01
-2.578062477732663282e-01
5.613096976042868391e-01
-4.245171860796430607e-01
-8.940429170581314366e-01
2.713929913779766778e-01
-2.430019809221146687e-01
-1.164641299018915888e-01
-3.203122191613685388e-01
7.116558048153365235e-03
-6.093454339410167009e-01
-5.940923385794087963e-01
4.085237324688524296e-01
8.721685422352098982e-02
1.334617918294931371e-01
5.580322208041899046e-01
-4.590824898479581861e-01
-7.751732781183440224e-01
-1.328450755001151506e-01
-2.229217392690525656e-01
9.223902375671553244e-01
2.628888102167419305e-01
3.642972952998828617e-01
-7.505796406910771879e-01
4.661942886585972445e-01
7.460380702258673224e-01
-1.546556023176801631e-01
-8.577853676357003465e-01
-9.095618934943763279e-01
-7.601637787518384926e-01
-4.091246495612930190e-01
-7.568881403834257782e-01
-5.105169234017647995e-02
2.392946207105142165e-01
-4.527799156302325656e-01
-4.996774608064393774e-01
-2.684639211394603819e-01
2.769068887252670308e-01
3.095808827584516365e-01
-5.198018687513608072e-01
-6.003567755756087365e-01
8.263269772765369225e-03
8.112777465020224454e-01
6.575546635147286878e-01
-6.643708162907211445e-01
-8.754764245460258110e-01
-3.261294725126706595e-02
2.415879801037581487e-01
1.748493578636782786e-01
-7.520965563523658304e-01
-5.936127369695718414e-01
-6.642605438365034587e-01
2.283160029491071441e-01
-6.491523071230353992e-03
-6.707628781560206477e-01
-1.262040319878758865e-01
-5.616308793000515109e-01
-3.259923564789577455e-01
2.052576906847614069e-01
-3.485842441735957919e-01
-5.706340347839811145e-01
-2.040117625286823611e-01
-6.407617151445705872e-01
2.063732831973750237e-01
-2.658091749053763664e-01
7.580336685263331375e-01
7.615210215337517852e-01
7.710614089806178129e-02
9.383941080873814400e-01
-6.562614395428951752e-01
7.860335505627986663e-01
-4.810028779668007459e-01
-4.018943529235761147e-01
1.416929428942648173e-02
3.732392476957269167e-01
8.326642736637825948e-01
4.863292130441712047e-01
-9.192815291989298032e-01
-1.503610713796064147e-01
-6.795605370513300159e-01
5.721024468819280173e-02
2.376055672330510404e-01
-5.519310886358477219e-01
1.187119345341560717e-01
-1.575456762570057734e-01
-2.463274863480524601e-02
3.873749355873714606e-01
-2.902808197599719975e-01
-8.531975346137086191e-01
1.731245481902110583e-01
-2.155975538902161759e-01
-4.350078044996639193e-01
6.437694265035496244e-01
4.232614675982562247e-01
-2.239061750464381717e-01
2.727708661416983205e-02
-4.017089354061766926e-01
2.900013981713183142e-01
-7.385372297579850809e-01
1.433324686607271303e-01
3.079079259666581692e-01
2.700782752706825107e-01
6.342091758376113830e-01
3.894071300937040903e-01
-8.587880626732848910e-01
1.812580128392333734e-01
-7.372513394980728663e-01
-5.417949638975763094e-01
2.768881325661762816e-01
2.454400978564912350e-01
5.097760800478390308e-02
9.710664781911422239e-01
3.031058762035740983e-01
8.442161958463687554e-01
1.245129295334725938e-01
2.081328900735375242e-01
8.698573375740581426e-01
-4.420230369715669738e-01
1.569977306972827336e-01
-5.381188062007584705e-01
5.142185530967688933e-01
3.508351506797957597e-02
-6.466627674924110281e-01
4.441426172023108521e-01
9.259006441734731752e-01
-7.419973201352147996e-01
-9.760310400170304490e-01
7.833017137421194320e-02
1.759389072685300093e-01
-6.800704325400683814e-01
-8.738344081662487994e-01
-6.447985309933814690e-01
-6.563761656934374855e-02
-2.195193542613642634e-01
-2.233013777754235818e-01
6.463297018916014380e-01
3.475960458968430089e-01
2.122937112102203372e-01
6.286637930707517086e-01
6.411802584529793236e-01
3.295163087906036736e-01
6.154781028603277804e-01
-6.164362607540532224e-01
-6.342050587028600361e-01
-3.516246651852892313e-01
-1.049003679707647407e-01
7.982956699640775255e-01
4.928137945436681377e-01
-8.544535423867127832e-02
-3.623486465351257735e-01
-6.294754394401991249e-02
1.680642112361852014e-01
-1.077480051648951331e-01
1.792135189838583997e-01
-1.551656519859410110e-01
-3.158779290373967541e-01
7.786174880156524480e-01
6.012699231813556366e-02
7.425531862403120797e-01
4.982620597384466166e-01
-5.594359689377288447e-01
7.523492385468522059e-01
-8.434062069911449910e-01
3.514572857964637365e-02
-2.960570793512928844e-02
2.265317979528491676e-01
7.116890814906220442e-01
5.856254539268155312e-01
-4.759749292134642928e-01
1.157735054400719221e-01
2.613431921707354277e-01
5.329268007141099162e-01
-3.688930041168880791e-03
2.472883394108658095e-01
9.922250483964667467e-03
6.522268360138374632e-01
-3.044503606244211014e-01
-6.588653458253777018e-01
-7.930337510201201923e-01
-4.971150664257493190e-01
8.253125263895348951e-01
7.480783178045466997e-01
2.072979254340783228e-01
-4.131569054206156721e-01
6.980928291857679824e-02
3.348719757382010442e-01
1.664694826130794780e-01
7.722515948919603801e-01
-7.441002770292497459e-01
2.833942412696375257e-01
-3.388297619101106051e-01
3.507502955617152196e-01
9.578890030372901876e-01
5.344358851444699354e-01
5.374371363349244035e-01
2.792161573337423874e-01
-4.104298196048521419e-01
-1.350474612119931805e-01
-1.598852402044927956e-01
6.110830591348808127e-01
-6.784940599164448471e-01
3.756990569565950011e-01
-3.621934947315068598e-01
5.454183393002463021e-01
-4.502824626875776559e-01
9.931952138088107063e-01
9.375917959972923654e-01
-2.391901396627647003e-01
2.472242733919696178e-01
6.464269706582035369e-01
4.856491528346911224e-01
-1.922879848002683190e-01
-2.891700655296203237e-01
-8.558137178674583012e-01
-1.019452910264222467e-01
3.403404183874334521e-01
-7.399269952473197520e-03
2.744419353660116911e-01
7.441094970830413047e-01
-6.116430678812578847e-01
8.125931675545627897e-01
-3.124872617998573077e-01
1.480005473514065528e-01
5.509612043596590070e-01
4.433520212237107572e-01
-9.906239776809133701e-02
4.959667025128364770e-01
-6.689542200770990377e-01
8.026064296684509713e-04
-6.720847130900784450e-01
-9.533241293281236040e-02
8.947511675777164442e-02
-2.773252468462352738e-01
-3.523036518085973512e-01
-5.090205004435723879e-01
-1.820110302128652435e-01
8.987094062306191233e-01
-7.243685345408268361e-01
-7.875675175653462645e-03
5.244059359596242587e-01
5.611354069238663200e-01
2.994756194168015639e-01
5.983702132222123993e-02
4.349262943801228687e-01
5.856870685025743484e-01
-3.748859561864570367e-01
-7.109363435249536067e-01
-2.154503428933978171e-01
8.917513948023430004e-01
-6.676706165596435483e-02
-3.934793521564348140e-01
4.728784612658412101e-01
-1.842264185799233900e-01
-7.492728096393097559e-01
-4.644347476839492117e-01
4.235880848495803264e-01
-6.948402606074388643e-02
-1.915513173546736780e-01
4.784787276221802443e-02
-5.291701595666378211e-01
5.209323218533778999e-01
3.422239973439422656e-01
2.115494784809213158e-01
-1.230311780148545253e-01
-3.090195719249475559e-01
-3.342228275962693118e-01
8.445228091347800614e-02
-7.119406918501525183e-02
-3.695597914204231671e-01
-7.420184564980019104e-01
-2.235365472069865689e-01
9.084995390270549365e-01
-3.219215207622010411e-01
5.304308941899691376e-01
5.809829249145455066e-01
-7.801489721022480950e-02
4.257230166322152343e-01
5.188261941357765750e-01
1.821546675787484304e-01
-7.237856661422235049e-01
-8.799201508794656235e-01
-3.146712860563827263e-01
-6.337009201484615772e-01
-3.611405415225048543e-01
-9.303719280848774531e-01
-7.532505336810064733e-01
-6.192525586519703751e-02
-1.571632303809620268e-01
9.232529751263633955e-01
2.922549921558514896e-01
5.402781954492654748e-01
4.240508103194322587e-01
-5.806600070515788303e-02
1.133859075599330524e-01
-3.525763066883911279e-01
2.399482284312126623e-01
4.964153332773406646e-01
-7.985183189447271346e-01
-3.903221666623224451e-01
2.116086404320416392e-01
-3.931103650540439531e-01
-4.506928860766343803e-01
-1.119972814915373149e-01
-2.170215183712693729e-01
6.445294598515687312e-01
1.885347618807404757e-01
-3.518962874305326949e-01
-3.673510585583308341e-01
1.663831234132659986e-01
-2.673484224730868775e-01
4.635756239080945917e-01
-7.242537416311209952e-01
-6.535506509251582941e-01
6.780994404476547999e-01
1.561329825682911121e-02
1.209547587950776659e-01
1.343729345770867667e-01
-3.967519727752755188e-01
8.948505380149542887e-01
1.788527821074561430e-01
-2.155756343536383568e-01
5.716969087186996035e-02
1.141804777567978491e-01
2.584463024070249304e-02
4.615307968390167659e-01
-1.853539088347417874e-01
-4.099414857096386200e-01
-4.362135363696317825e-02
-3.798372590402170346e-01
-6.908262828568521030e-01
1.082329793786751537e-02
-2.310121439069954263e-01
5.062012037110363849e-01
2.741472561976099342e-02
7.371897885700562369e-01
-4.323632061609892219e-01
2.839097137909218915e-01
2.915117643254214741e-01
1.989499933133931364e-01
-2.144899054161983898e-01
-4.710781303235025419e-01
-7.226934329622061171e-01
5.867419465662671030e-02
-3.423950649375537836e-01
-4.236806414923117714e-01
-4.726327086562172042e-01
6.539968101308240023e-01
2.980999241839210612e-01
-2.610931898206567681e-01
5.951349305318274219e-01
-9.878827701596115674e-02
-6.969859017825941194e-01
9.013310653495381075e-01
-4.595452239355983792e-01
1.888672672320970136e-01
-4.902283314576179052e-01
2.771300984985378690e-01
-9.795982860334451203e-02
-7.137125254956622200e-02
-1.028104264129918732e-01
9.444313570513029887e-01
-8.743334655028425217e-01
-4.117886438300892848e-01
5.712745365214821902e-02
-4.900006597862631708e-01
-1.367103491910732771e-01
8.754224834045452042e-01
6.436344614269140507e-01
2.049546351486046802e-01
2.617711330682048754e-02
5.420922062942379327e-01
4.188210215849128559e-01
-9.163542626482588105e-01
-5.565499561196585177e-01
-7.837603418723482207e-02
5.254210187192907000e-01
5.131985079182665999e-02
5.008477769206880481e-01
6.221327522020390077e-01
-1.660776241359664951e-01
3.536887513553823581e-01
7.623038496532252850e-02
6.098531268221849544e-01
-1.815067535643208885e-01
-3.794196453581868411e-01
8.868698375806385314e-01
-3.066490346966954661e-02
-4.948859345285097078e-01
-7.577478796374617076e-01
5.782238025163097817e-01
5.874710205734947621e-01
3.100283678922526320e-01
3.761945833335218481e-01
-8.902813670917142375e-01
-2.127724478652375240e-01
-9.854016639165763536e-02
-3.328378973323422585e-01
5.770845206183690124e-01
-1.241253734130731701e-01
-6.024088822838997714e-01
3.890537787530146119e-02
-5.285600449785476940e-02
1.087267473666697626e-01
-8.735571692141625988e-01
-3.905549522499329740e-01
7.480651152839454809e-01
-3.949396419892092780e-01
9.614390043129095176e-01
-8.247613471306545208e-01
-8.323081527381166467e-01
3.697554144685035737e-01
-8.501375462103082370e-01
3.121147736247564808e-01
2.452242850617096792e-01
5.168857767357746269e-01
3.904923643858282389e-01
-9.159480736703340398e-02
6.502013417716998589e-01
4.261271760539386833e-02
-6.554067423546783289e-02
-9.240332555164734174e-01
6.199922658375358608e-01
8.904145731992407775e-01
1.860649256282842501e-01
-1.718725750032570332e-01
-2.061329243345690898e-01
-3.937217692763343990e-01
6.334793797521776071e-02
4.848265465474810298e-02
-2.320709298616767668e-01
-1.648917509720142505e-01
-1.072207134658960115e-01
-5.900651903982776503e-01
-5.673396645258357296e-01
-3.729772423263444381e-02
5.980885105620137310e-01
1.425914833456580766e-01
6.388514855324594066e-01
-5.335446171707385332e-01
8.971346483951414541e-02
-4.833755964243078296e-01
-6.510681310240062913e-01
2.670615991404048373e-01
6.682815563199415720e-01
8.176724593726021340e-01
6.612005686086144252e-01
2.961050013661434832e-01
2.274864785682595425e-01
-6.558150417154067213e-01
-9.327385677559529853e-02
-3.639149702387012297e-02
3.531703362578619831e-01
7.568221760267928033e-01
5.136700338685065148e-01
-5.157450322614227645e-01
-3.200636625768531474e-01
-2.085223086896794698e-01
3.016907484900119840e-01
5.298374899321363074e-01
3.820216860375875711e-01
6.685259715314737505e-01
5.977562225038486332e-01
-5.528610340004984636e-01
9.266533177375109176e-01
-7.583279444305119910e-01
8.060001418808777629e-01
-2.195995936628145628e-01
2.511717198447813715e-01
-8.889207631851894220e-01
6.608606260858449488e-01
-5.905206280267005781e-02
8.481262856046729581e-01
9.903858006035148875e-01
-5.059929133435341342e-01
-1.528961847129384211e-02
-7.846027660037133700e-01
-3.438345861799803060e-01
4.630182526843036328e-01
2.866709786761409973e-01
7.009813965731748198e-01
7.382481200946813260e-01
-3.030623603631363849e-01
1.836466845871518316e-01
8.176801470890646684e-01
7.240137128673564959e-01
8.178632406087427142e-02
2.994520381091536620e-01
-2.214585423647008611e-02
6.193200596366752464e-01
-7.961849364070960888e-01
-1.175744245349417127e-01
-6.474690599978680794e-01
-2.176287072599247807e-02
5.675046778935746161e-01
-3.600663564891384283e-01
7.652029232160106886e-01
-1.802203001779156821e-01
-5.662685271336016513e-01
-1.795270229638354920e-01
-7.460675647859025261e-01
1.911062184238243589e-01
5.944686204339832969e-01
-2.185175850204457149e-01
7.686622554517699157e-01
5.114609789540125462e-02
6.897444019126908188e-01
2.552025200081686762e-03
5.560643649514336317e-01
1.956192094704398698e-01
6.240616762904060977e-01
7.477652187198202682e-01
-7.924749661015866309e-01
6.844686622738027637e-01
2.102510843049678613e-01
-9.333404928004318535e-01
3.003363322388192813e-01
1.925345329598391331e-01
-2.250343729548909266e-03
8.483619390514816061e-01
7.969787302069981649e-01
-6.138042781559072125e-02
-6.437397968944829074e-01
-5.946826427782934132e-01
-4.972955044912570344e-01
-2.653304831500173933e-01
2.486314990476143905e-01
8.851811157776880989e-01
-8.338778980215799663e-02
3.444992022508586160e-03
2.802189275230020371e-01
-2.712640273599626894e-01
-5.786691027751196259e-01
-7.470848292146348157e-01
-8.993495420918806715e-01
9.476138834152880719e-01
3.002846998296782033e-02
9.115915596540302701e-01
-4.137969640104959268e-01
-8.765134631965887380e-01
-2.652023009199302450e-01
-1.786694745996486589e-01
5.220336383657064871e-01
6.006902174838755215e-01
4.563049050956724528e-02
5.075861831064800711e-01
-1.845224053573044642e-01
7.763630222058193198e-01
4.864423414036709303e-01
7.263135574169377051e-01
-5.939035101729217558e-03
3.904680494101775423e-01
-1.305581745540003169e-01
7.645786620593444383e-01
1.456491956008152400e-01
2.401534333858093007e-01
4.204028896430935802e-01
-7.913924501491553798e-02
-9.307831392850456353e-01
4.939091223785077034e-01
-1.378110526652829293e-01
-3.408589534425132683e-03
1.176350063033559934e-02
1.474999399148462231e-01
-4.370703622332285931e-01
-7.193128623805460364e-01
5.880260323443566861e-01
4.516759789441513462e-01
-2.631866615118472197e-02
-1.019304659632558341e-01
-3.730402480455472514e-01
-9.269058784895047864e-01
1.037842088291807130e-02
1.929408946427297877e-01
6.813503663088846807e-01
-5.080727120919732442e-01
9.317563678684948059e-02
5.679588003339937075e-01
1.904688953182365196e-01
-5.898354133399337229e-01
3.603871333684107725e-01
-5.182875676279579125e-01
1.750332116659079063e-01
7.436767695494044261e-01
1.315511871140255806e-01
-1.579829735649829203e-01
6.022067529231165395e-01
-1.131913004098823450e-01
-2.133098999167675203e-01
-5.627519101375613175e-01
-5.762470077550707614e-01
7.168493423836856948e-01
8.003393778522251978e-01
2.042951094232181575e-01
-1.652928122789818488e-01
-1.671739406058145860e-01
8.086719939711830563e-01
3.657119473984060676e-02
-1.334802112985844502e-02
-4.310682995027814712e-01
-1.297342350758849960e-01
-3.823161688759135757e-02
-3.477626674651785876e-01
-7.837784383120238729e-01
-7.054504304262092518e-01
3.558484499278229407e-01
-8.236814644167775867e-01
1.062376554358133163e-01
-8.294568649020295226e-01
-6.647157406469643703e-01
4.352189783039754900e-01
-1.661865556917376807e-01
-7.443549110522837964e-01
6.118764100750961887e-02
-2.195369743157300491e-01
-8.387531361740929725e-02
8.031941264502524547e-01
