-8.513423215320985449e-01
8.743499405446186756e-01
4.807558467451595874e-01
6.596279393001349689e-01
3.518662774487975042e-01
-3.259545026193944040e-02
5.133802131839182437e-01
4.883858390727127130e-01
-1.294408985783420007e+00
8.184254306590874606e-01
-7.629273816912673922e-01
-2.040322846877415941e-01
3.023319838209594934e-01
1.361649166394371946e-01
-2.736791016509094732e-01
-7.522690186607006169e-01
7.585253067794228699e-01
-1.360646054033010088e-01
-7.745992548125082422e-01
7.480599830097434122e-01
-9.958962296403424119e-01
-8.775491629442111474e-01
2.512204302884004647e-01
2.040828382906330063e-01
-9.231393260460931671e-01
-1.152811046280693308e+00
3.263781448483449310e-02
-9.785741814096216018e-02
6.151554624775901203e-02
3.794775546585587023e-01
1.265787626755745521e-01
-4.268974140848058596e-01
-8.232528431159806814e-01
1.668885548695620002e-01
-4.345311056161351715e-01
5.953934924188297728e-01
-1.543669368156352917e-01
3.883120376381405947e-01
-4.813012698778003084e-01
-9.075260729529386339e-01
4.951255453551262065e-01
-2.816504729089164272e-02
-9.274481524554527567e-01
-2.014204421808587497e-01
9.872937660379754732e-02
1.222367141350810371e+00
1.920450606461194809e-01
1.598036202624459889e-01
5.511592694767273315e-01
-6.053627611686422938e-01
-3.095927741846251635e-01
-4.283786885703300129e-02
-7.097549728341601138e-02
2.803834163630156695e-01
1.539804485181361926e-01
2.592196898836984786e-01
3.480619716411936793e-02
4.915562942524687173e-02
-7.042177590041376334e-02
-1.879817488354831312e-01
-3.360239392065258457e-01
-4.221082839405410070e-01
4.698045589337507266e-02
5.419246984063637029e-01
-6.093533778259629941e-02
-3.645790388892429235e-01
1.100946539788765222e-01
1.303254579546901937e-01
7.885975202487909286e-01
-1.402985096070219484e-01
9.965362803967661165e-01
1.854584655761639667e-01
1.141765915299615131e-01
-1.075870739239652707e-01
1.071571105843194260e-02
5.552469670932227430e-01
1.059354871883542160e-01
-8.043077603686095145e-01
-2.049749786478951563e-01
-9.271238291883570071e-01
-2.092220430070685921e-01
-1.847606600275284450e-01
3.800942296522737962e-01
1.545524389851635760e-01
1.045905399886001064e+00
1.156535060751807009e+00
5.356032866170670204e-01
-2.998576528369660821e-01
-1.465037318448523251e-01
-4.963674499957502206e-01
3.467928274593674587e-01
-2.381055182350149124e-01
1.481493446029048755e+00
4.945389510072466521e-01
7.249288000050970737e-01
5.324125167892521659e-01
8.407879117932184343e-01
2.830831982184376372e-01
-4.225357584340194705e-02
8.008821896103146543e-01
4.817504864398500786e-01
-9.832709285005885036e-01
-1.635805283325266757e-01
-3.789258380987012842e-01
6.558481663098438830e-01
6.197740758057035393e-01
1.434063347958103307e-01
3.578605303978665830e-01
4.575381848602413370e-01
8.883144993500158293e-01
9.397152079631920785e-01
3.598578511434924465e-01
-1.331662376467690478e-02
6.850121627677649983e-01
2.286498464082082904e-01
6.297320083260062873e-01
7.756890552629496227e-01
1.461232315436681972e+00
4.486513095546111884e-01
-8.970030901219638864e-01
-8.060695831685702473e-01
1.548443028306678571e-02
8.538452273349665944e-01
1.576021312055946311e-01
-1.411229517175289772e-01
6.894929519854953170e-01
1.120293150369321644e+00
8.466509448760035639e-01
1.405078031671063599e+00
4.846242940085900841e-01
-7.715418256219397364e-02
-5.689470117981922925e-01
1.209140908003599080e+00
4.535489361308719936e-01
1.008589834470043911e-01
1.494692716703855950e-01
2.218252883406357512e-01
2.182811562874302780e-01
8.926408554918108251e-01
-6.883141026522743289e-02
3.029571674359115008e-01
9.726715164668195968e-01
7.310258216686680299e-01
-2.752732605519829789e-01
6.872813429036774835e-01
7.750802998699573010e-01
6.501279436674778367e-03
-7.600459421565997076e-01
1.425438747676919249e-01
-6.496698573884271966e-01
2.742598912701721403e-01
-7.046866245265732687e-01
-5.561736087145154883e-01
-2.456712317259555078e-01
-1.009069927574352654e+00
-2.579165331145283346e-02
4.094052639944631977e-01
-5.065962018246494836e-01
-2.731208723696827434e-01
7.332120560293997613e-01
-3.252944196770206631e-01
2.098196235812608279e-01
7.946180677222187683e-01
7.090242098501509105e-02
-7.576626916083526453e-01
-4.897048386531466235e-02
3.959571548199036783e-03
3.337785367910939271e-02
-1.930023716728443972e-01
-4.509875737753192837e-01
2.945798932496481726e-01
4.761504870787991450e-02
2.055979171688910867e-01
3.305603799447531799e-01
-1.429305904973166008e-02
6.687585430955174104e-01
5.127004177844689536e-01
-2.106020139253397261e-01
-1.705261140441951540e-01
4.366217184065579460e-02
4.227377927084363662e-01
-6.816160552245129622e-01
-7.424390889697924933e-01
-2.411447571030187476e-01
1.062005129935814196e+00
1.504167359749892796e+00
7.533378858302697267e-02
-4.646691395725071061e-01
1.554926722296744224e+00
-1.041982702923238691e-02
1.449774083298311922e-01
3.342080809477030456e-01
3.082844099293193807e-01
-1.105294707653836639e-01
-1.722761142972029091e-01
6.876797196445672000e-01
-4.350949176141885033e-01
-5.255961596154499205e-01
-3.025102178166347855e-01
-7.157186083640816321e-01
-2.062921769316821141e-01
-1.362152436991905802e-01
-1.039833563264112026e+00
2.890406019511937430e-01
-5.907146313561106865e-02
4.255537204342463298e-01
-9.128398825133823280e-01
-6.891963468853798958e-01
8.345826273532441775e-02
7.829133952997935353e-01
-2.594534074156662484e-02
2.578824283438727605e-01
5.895433849112254876e-01
1.464512293520492392e-02
-6.592305477486455345e-01
-3.084707375919251149e-01
-3.747518401017382317e-01
2.488860576566125360e-01
-6.653501137773911722e-01
-4.396002185149772146e-01
-9.782245061659384788e-01
2.967323727740200923e-01
2.571702282075065682e-01
4.687525309938731510e-01
3.429184961508209284e-01
5.369299751299649870e-02
4.657506645178877136e-02
-9.225869881211528067e-01
6.410889988730144040e-01
3.658140023080393988e-01
7.478193690598988752e-02
1.284132720051872845e+00
8.643288460562263964e-01
6.805657981483124175e-01
-4.784978756167790337e-01
-8.891250795015839259e-01
3.710672880233971682e-01
-1.388370729894470301e-01
1.360052010924714949e-01
4.721998923458592401e-01
3.944116844245328934e-01
3.166182768424308236e-01
6.102535694915269815e-01
6.499427570801010745e-01
-3.139229437128641109e-01
-2.207250476243025616e-01
1.242483111280883179e-01
5.114784366059685894e-01
2.516928630097181596e-01
1.591270673164579819e-02
1.405347766389120068e-02
7.450788012581384123e-01
-1.480610906558119666e-01
-1.835420765802284748e-01
-3.462524545286154165e-01
5.995596793466102525e-01
-7.762910405019098903e-01
-1.001826980995303984e-01
-1.102213538680085758e+00
-1.431123339922582005e-01
-4.805997186045001257e-01
-2.325347896809697446e-01
-4.062828514588137097e-01
7.143620886339068221e-01
2.141581225246715903e-01
-3.545709678386108621e-01
7.521744679743953554e-01
3.410235021883263329e-01
-1.634826594795768528e-02
1.564171371317968351e-01
-1.000752660997603183e+00
-3.205021807871863970e-01
-4.461517565133554797e-02
-1.249579330675318900e-01
7.455771870336942442e-01
-8.960898864266972907e-01
-4.286312350142544858e-01
-9.637282494012655576e-02
-1.199787833273679993e-01
-3.420550286291001996e-01
-3.154646576392492463e-01
1.316248990939939745e+00
6.954267885143075034e-01
-5.560822060618413332e-01
1.519270296783412633e-01
-5.813333809334011448e-01
-4.289825797669513108e-01
2.171396659786832828e-01
5.878628212015541976e-01
7.137154613356422317e-02
-8.682351511829100588e-02
8.792759988817433481e-02
2.808615899831856666e-01
-6.251876846299735391e-01
9.334867522663126138e-01
-8.873733151569140887e-03
1.267277881821955887e+00
-8.596223052059430714e-01
3.464202984800266449e-01
4.502512961681626180e-01
-5.058432845662714783e-01
2.405483380983426400e-01
1.417968028592762053e-01
9.271164448197311003e-03
4.697550229386759923e-02
3.575445076141567924e-01
-6.393455763829827276e-01
5.710180651927565521e-02
1.433057318102601840e-01
-5.171286587909857957e-01
1.531055735409214691e-01
9.084706618637472531e-02
7.890434666399581687e-02
-3.884569756197056023e-01
3.539385854494110362e-01
6.976630008189479426e-01
7.853313542320883300e-02
-6.605859432696039590e-01
-1.304054742128899491e-01
-2.216187378818528231e-01
1.932612855866597812e-01
3.311493831325122983e-01
-1.833012175901593821e-03
2.155462249508355299e-01
1.192252958717309852e+00
-1.138802143121793176e+00
3.805559648304921438e-01
5.144108532973126202e-01
-1.216601026699901666e-01
-8.724256830441055044e-01
-2.741299662536142989e-01
-9.222435454424573464e-01
1.236761199044522641e-01
5.934028500608263812e-01
-4.597832656890332714e-02
7.245481439894563280e-01
4.652651298523293733e-01
-1.404262946636453790e+00
3.471730364291421012e-01
1.003257203177181367e-01
5.070754888220445622e-01
-2.769212262764400023e-01
7.681761265761846147e-01
1.423071703443490321e-02
1.127105948574229188e+00
-8.942306278704030831e-01
-9.151003485357946943e-01
-1.300816775120106517e+00
-1.059730465257553433e-01
1.248531526444724093e+00
2.156611114510722516e-01
-1.703553278389247083e-02
9.060515277032967774e-01
1.168754342794718681e+00
-2.492159408938317000e-01
-5.077413018032075342e-01
2.897170514520794882e-01
3.952946036514042305e-01
-7.751532206014815074e-01
-1.065453646839086055e+00
4.755148504828312639e-01
6.160082024446040805e-01
-3.052185231268857990e-01
9.661094998217398810e-01
1.538394205118668978e+00
-7.391733192211091819e-02
-7.962586635184631945e-01
5.486051736505634935e-01
1.158806299461208056e-01
-7.972463431918273002e-01
-5.937876729112190333e-02
9.779541768856345740e-01
4.660157774448148160e-02
-4.404858912244549174e-01
5.162989084797544592e-01
7.803822895908085755e-01
-7.238093915080234808e-03
-7.813374394404482004e-01
4.632913492305252845e-01
1.207785979087466544e+00
-4.746616657622118041e-01
-1.190997998232923294e+00
6.343511379917821102e-01
7.025096028157564731e-01
-7.935217028122005800e-01
1.857759661621631864e-01
-7.520641457823264986e-01
6.211804740039017503e-02
-2.361047274229175486e-01
-8.638984940178033867e-01
-1.041800417412034108e+00
-3.040332419545244136e-02
6.065574469496448629e-01
2.484687925124795527e-01
-3.382805396562158506e-01
-5.109426630782127887e-01
2.423228901048108952e-01
1.081827385341505021e-01
6.853726616877668931e-01
-4.648610061291940099e-01
4.467164909185985522e-01
1.239737202605361688e+00
-2.077967857787363926e-01
-3.133636211322743392e-01
-1.619386843330001824e-01
-9.714405325039265904e-02
4.858700826624415825e-01
-9.320960370207398427e-02
2.516558392406400557e-01
1.546954478124105137e-01
2.835515814652342925e-01
1.850288995083637644e-01
2.003646584191018931e-01
1.384575250155979376e-01
-5.650625250741931893e-01
-5.014254737272185736e-01
7.165834975829490361e-01
7.730582200867477383e-01
2.243412881548998428e-01
3.925268418273466509e-01
-1.140991189513405057e+00
1.121181688807011412e+00
5.714612278909125820e-01
8.536483275456854258e-01
-1.512688885146467044e-01
-5.081875973797913559e-01
1.423181897105376237e+00
2.248049253340802522e-01
4.513438320298366335e-01
3.202335942994061213e-01
-5.100870219778688153e-01
-2.502614435512588997e-01
-3.869447336756115519e-01
2.857229179406832742e-01
9.377976400503307275e-03
-4.716169688215288147e-02
-7.480987932664104889e-01
3.267694351780736639e-01
-4.116319460313322409e-01
-1.207460596925078011e+00
1.764099162339149984e-01
5.692012880580366030e-01
-1.553651084741094479e-01
1.120703006863060125e+00
-9.696944751408409502e-02
-3.337030440088364358e-01
-2.715989013664490415e-01
-4.011655637792443940e-02
-2.965375740865896503e-01
-1.137136018094158096e+00
-1.019288828206885711e-01
-1.328917556143460743e-01
3.976957924248658571e-02
9.544411564451849017e-01
8.770916521858751480e-01
-1.486845141892434441e-01
8.816786020868585538e-01
5.043948015550654418e-01
-3.668798130545534164e-01
-5.609493085027272841e-01
3.191308160536552307e-01
2.824135085456580541e-01
-9.017668697108085496e-01
3.910494311709014070e-01
-3.535885872815622832e-01
1.208170700946514131e+00
-3.842417878213906235e-01
-5.839540560877072295e-01
4.350207865747499625e-01
3.070505279950408450e-01
-1.654827264258260655e-01
5.967064833916788658e-01
-6.816277795727145872e-01
1.123542092306797358e-01
1.779004836805366807e-01
7.331045800220925557e-01
1.131199759344351463e+00
-1.530095141349709920e-01
4.357705950107417792e-01
-7.251036993496677852e-01
-3.124085624536681038e-01
1.801637651559087061e-01
-1.306971250735209367e-01
-1.086892909798731210e-02
2.210070140076005885e-01
2.639592542944324549e-02
4.586262141862595954e-01
-3.919897901227384907e-01
-1.246998398452046075e-01
8.564141106193554620e-01
6.005903506700205341e-01
-2.236004131137043771e-01
-3.213640446822809693e-01
5.133410084286982311e-01
-2.643772217046747031e-01
5.414989370888019238e-01
-1.216352960947100215e-01
-3.659708815171311969e-01
-1.253809959300697496e+00
1.008383116854769668e-01
-1.731141266306792659e-01
3.359429218500409320e-03
3.286589865708933189e-01
6.624276979001386678e-01
-4.815218756801273869e-01
-1.386362831522074401e-01
-2.768640497488288332e-01
1.155217015830345417e-01
-1.991058528243119241e-01
8.626222114108905714e-03
-2.601326551665632536e-01
-7.728903700165457025e-02
8.299227849419921199e-02
3.209326751536343281e-01
-2.681816830554959452e-01
-5.224031904609720556e-01
-5.163727906023396486e-02
-5.393636076103707211e-01
-8.201227140487654665e-01
6.016431587336503739e-01
5.590441623766784218e-01
-7.829423855165780211e-01
-5.781327217387142170e-01
3.555010025503948512e-01
-6.961077246080913383e-01
-3.837115177386127840e-01
-7.264167755630168699e-02
-1.151325719701517425e+00
1.816128834309305162e-01
3.947634525730059352e-02
-5.118122928912969272e-01
-3.515898763979539154e-01
3.330053816797207134e-01
-8.367694550015416510e-01
9.344843395538218189e-01
1.068586196378660702e+00
-1.075551686891999204e+00
-9.677226531681437649e-02
-5.590173762239523114e-01
-6.252291055031466982e-02
-3.342160625949048836e-01
-8.454402066078525735e-02
3.105799683203098738e-01
5.745526654313408699e-01
-1.359680274502874653e-01
4.616874527520415938e-01
2.956136171449275096e-01
-3.125979676270178587e-01
-1.421958889777743540e+00
-6.787571296963719192e-01
-3.298289216787146927e-01
-4.867334310127242603e-01
5.603787718052712918e-01
7.299877848972791128e-03
-1.402521010829305581e+00
-4.452361137424833970e-01
1.315408772320472153e-01
3.209140246269628349e-01
-5.146008979751233170e-01
-4.367767247500076166e-02
8.388156572757532459e-01
-8.139598266982153163e-01
-9.602306664324000707e-02
4.369297931551328062e-01
1.078262156092613111e-01
-2.902245375820537987e-01
3.740788421336862513e-01
1.026341352081528768e+00
-3.741995427446962452e-01
-1.916288868823556868e-03
-8.356089108129722831e-01
1.310962513264364304e-01
2.243635645953823143e-02
-8.118836509975668747e-02
-3.724486199398295838e-01
-3.674366997354825415e-01
6.510514911750231448e-02
3.277715974845740732e-01
-8.400201951294290481e-01
-5.372226037903491402e-01
2.147521275004313779e-01
-2.814135838445901427e-01
1.745507640939898408e-01
-5.987996440032814505e-01
-2.327064429230478737e-01
3.846365693630069416e-01
4.210841663798401413e-01
9.326808357472415878e-02
-5.111249607140653239e-01
-1.425467828972641016e+00
1.386121748081228233e-01
9.417005256599342289e-01
-4.471053814931149617e-01
3.499812848979022561e-02
-4.705180286797920886e-01
-6.464739804387358291e-01
-1.081453410145902794e-01
2.403157418748058660e-01
6.752664461942909924e-01
-7.445172617695483552e-01
-3.043137854896205141e-02
-1.666068534287381553e-01
1.656245451428342008e-01
6.246360061011682063e-01
1.271903351989061903e+00
3.430653630935074361e-01
-1.326294987412524051e-02
8.232956644009661318e-01
-8.113147454710878392e-01
-5.213073619757953026e-01
-2.126977954421374051e-01
5.545314049057648020e-02
-7.925343952591212826e-02
3.431983237533238196e-01
-7.573573263186368365e-01
-5.345983408178076601e-01
3.923363147291905051e-01
3.558181088927883096e-01
6.182709678596776115e-02
4.119670047715331407e-01
-4.527186642450686804e-01
4.691549740005296343e-01
3.152596470809587714e-02
1.314830996050497802e-01
-9.428582900788908816e-01
8.562451995615560918e-02
7.370660951454111043e-01
-4.208487936817126851e-01
5.018246613661103694e-01
1.102791784160430666e-01
9.518282925315624254e-02
2.413608342344275570e-05
-3.034857658048260021e-01
2.398553643500731525e-01
-1.365566461162032397e+00
-3.981418704157224653e-02
-1.209474614610460019e+00
-4.592492673592518670e-01
1.680221077446386602e-01
-5.401353387025942254e-02
5.709672170634760846e-01
6.351452993778252676e-01
2.291958539239091763e-01
-9.995689388875907966e-01
-3.635931625238715270e-01
1.148674565459455010e+00
-6.614737472449787603e-01
6.357993587334380692e-01
7.980058658684496820e-01
6.200191858759733776e-01
-4.453508711432805356e-01
6.403799140112287347e-01
1.156010575746080349e-02
9.559431344613225079e-01
-7.957136077275359654e-01
-3.670336296081861960e-01
2.569667409492817356e-01
-1.990226678600590660e-01
-1.454014689865693377e+00
3.056748148738464010e-01
-4.501898736195455442e-01
-3.537891445681173863e-01
-7.871112452913333613e-01
4.443359417078109885e-01
4.837747096222688725e-01
8.068344224717893809e-02
-2.304081990728636953e-01
-1.034005885813548353e+00
-1.629508760999929251e-01
1.194929755500906410e-01
3.112678368554284702e-01
1.009067017445738124e+00
8.929501092757163860e-01
-5.587603253526172153e-01
1.816372751613553049e-01
1.217347199779035272e+00
-5.642668085374964448e-01
-9.588036837186066919e-01
5.285453407781757207e-01
8.361882307524588498e-01
4.171566654604053070e-02
1.638651372871002820e-01
-6.037689611715988391e-01
1.049174586697123601e-01
-2.625827560540194838e-01
-1.826636875126190773e-01
-7.604185678732555687e-03
1.158833676181201255e-01
6.671402618595854150e-01
-2.757116259022751592e-03
9.995557870213644946e-01
-7.943961046894312261e-01
5.513544297564010321e-04
3.393494415748277149e-01
-1.997887941528055933e-01
-8.595769006304267990e-01
9.208923899356689091e-01
-5.371350147753144455e-01
-1.488330583718848743e-01
-3.630432626796773476e-01
4.193752208697425488e-01
-9.215277610814709419e-02
-3.798466287774591166e-01
-2.650034898568005559e-01
-3.409956020951634414e-01
-1.225129141883223749e+00
1.062170325300222373e-01
5.621077139822761026e-01
-6.536707489186035502e-01
1.236945609602500440e+00
2.745716502151331895e-01
1.966392952589091081e-01
-6.894986255862356472e-02
-2.129959685914162293e-01
-8.633154154229369937e-01
-6.969505601228389580e-01
-4.686672395285906845e-01
-9.821643026837900692e-01
-4.739907881932623468e-01
-9.841493467257969030e-01
1.169634884130221764e-02
3.308041643883630201e-02
6.426193297816169547e-01
4.470585977780174858e-01
6.919708208072190558e-01
3.964760438178727142e-01
-4.942784125668389095e-01
6.940651328677081011e-01
6.635351610965845026e-02
4.828530411096867425e-01
7.885648505598226166e-01
-1.134350233293464072e-01
2.129064073589503892e-02
-8.618874189183465262e-01
-3.257318852120132391e-01
3.274835262633501998e-03
7.027776785180250840e-01
7.609307975683687886e-01
-3.599411726775159082e-02
1.659711858683996510e-01
6.133639491437570257e-02
-3.367611517157094170e-01
-1.005859214308446159e+00
1.483858893542393531e+00
-5.839368901833648096e-01
9.695596734199263267e-01
-5.832004621243553899e-01
4.885418331442892281e-02
4.438229518225531578e-01
1.472549442373551898e-01
5.455870412839818329e-01
-1.282996394819058139e-01
-6.306578379182701255e-01
2.602050955557722034e-02
-5.909922013917547901e-01
9.667579146404747803e-02
-2.265169946212868268e-01
-7.439235196056062094e-01
1.654013510712646351e-01
-9.056229401932380796e-02
2.266628424315033641e-01
2.119125769654477409e-01
4.196414744899072957e-01
1.091512508958687455e+00
-2.268773865934718970e-01
1.701123641779798135e-01
-7.014833383555645341e-01
-3.036069165689347926e-02
-1.829398849069718835e-02
-6.341581108005680534e-01
-1.030484019263211426e+00
1.628756415887782083e-01
8.264022897090939068e-04
1.164903893994035045e+00
4.673395928162840107e-01
1.373843301380794912e-02
3.679134242583970149e-02
4.614913459791258887e-01
5.445623476079539671e-01
1.144687410687678764e+00
3.906255659622015486e-02
7.603188659830006912e-01
3.024267557945332641e-01
5.778345770208348497e-01
-5.916013531426038696e-01
-4.841035571405338800e-01
-1.915923549246469904e-01
-1.315657762586388557e-01
7.987318480282548094e-01
-7.110920858537141953e-01
9.096189919729376072e-01
-4.841555402161201727e-01
3.572797602704245179e-01
2.704615022813872116e-01
-2.776893471914032574e-02
3.954373386148617442e-01
-7.234128845848708522e-02
9.102348090133807190e-01
2.078925772292468110e-01
-7.920167286855104294e-01
7.821683538230299604e-01
-5.169248940281914173e-01
-2.853375798594868229e-01
-9.794928390258244022e-01
-4.443861327429114993e-01
1.629893226481815560e-01
1.861305253333291887e-01
-7.736878414609638099e-01
3.612345314003562180e-02
-3.677758973382854180e-01
-3.400912540661078509e-01
-7.094985825877380137e-01
2.614613410042654351e-02
-8.120502328952641236e-01
2.366565933128637056e-01
-7.444390365322348657e-01
8.286770325047694286e-01
-1.906983872648719824e-01
2.288684916298775462e-01
4.981030202990712752e-01
4.897448871876033394e-01
5.610667265393223246e-01
9.742779725748818009e-02
7.881741713520824533e-01
-6.953506780494027595e-01
-7.287252501678018746e-01
5.599332907391403324e-01
-3.804792252751871828e-01
1.052268765273804974e-01
7.832495151837122194e-01
2.642281296610269337e-01
2.512406472786121725e-01
4.599763606842586228e-01
9.699270444587764217e-01
1.313799836424944800e-01
-1.052779259419351909e+00
2.236340518704516001e-01
6.677117835122015066e-02
1.517187542992015636e-01
9.352187939329148492e-01
6.425817149873083167e-01
5.918942374909690329e-01
1.690531724586907814e-01
4.916921563739373724e-01
-7.846241336199364369e-01
1.558239514621897470e-01
3.036974256291804508e-01
-1.517850124301123316e-01
-1.015820153365597278e+00
-1.071950134999333226e+00
1.062881073250343533e-01
-3.572131666296094465e-01
-4.865936103717638517e-01
3.349128990631893288e-01
4.142543437239858406e-01
9.588164028587007337e-01
5.356507826739722589e-01
-3.421125208607840307e-01
-5.117158259102732032e-01
-9.136931186010093242e-01
5.006957493072867749e-01
1.097825529819171031e+00
3.847833423789914775e-03
1.030977877950292054e+00
4.404824499466117871e-01
6.282349744017867721e-01
-3.286608118737266437e-01
3.442291304359281767e-01
6.466861811317237141e-02
-3.994923411088073806e-01
5.625862330580799764e-01
-9.967426135914116969e-01
-1.462361940055361131e-01
-1.673154993226306786e-01
-5.283348855782667997e-01
-5.147582342118734999e-01
-9.134707478087173982e-01
2.543796489202119204e-01
7.066504129682007473e-01
-5.199451499274942989e-02
3.517168146381202121e-01
5.840566866991299122e-01
6.621175286111249392e-01
2.560622364629843162e-01
-7.565151229332398586e-01
1.412728636043469876e-01
6.107085944609700334e-01
-5.938689073710134991e-01
-3.505698820995020171e-01
-1.195623080279555328e+00
-2.842504422038691914e-01
2.838184988193548364e-01
-2.857567626974262254e-01
2.631574161343683826e-01
-3.049061847418466087e-01
1.214244421486093017e+00
-9.569419699128287604e-01
-6.975470154329332928e-02
6.630011608845016724e-01
6.607474043085481696e-03
-1.510643565243343645e-01
7.295241524034921099e-01
8.737742650621527218e-02
4.130293172683270342e-01
-6.027504624795536614e-01
6.140739550625626819e-01
-1.608385300518548888e-01
2.901336327206474053e-01
4.749847889045453186e-01
7.663369163121291905e-02
-9.594758413875217329e-01
2.740175991871041106e-01
1.098164542044300696e+00
2.133221591011995599e-01
1.040518409324055149e+00
-4.215636797299646688e-01
-3.219884982840426346e-02
4.531402226908589626e-01
9.181030003337919965e-02
3.420282105525220828e-01
2.183192985716617684e-01
-4.238749847320919528e-01
-2.950028397194444096e-01
4.399139627618131598e-01
-8.429766760025891870e-02
-4.944765502732417772e-01
-1.613407801127344499e-01
-8.182819518317652197e-01
6.624615097628447913e-01
1.745356355991578567e-02
-9.152846803059908609e-01
-6.629948940856795758e-01
-4.357387591406025606e-01
3.004453205107715519e-01
-5.555663254659313210e-01
-2.547809621295327176e-01
-1.983022318383769189e-01
-4.428226272322817181e-01
-4.264303102740294449e-01
1.138193603357438022e-01
-5.662167308859933357e-01
-7.023597359818900543e-02
-6.024903769120104613e-02
-2.065175947828370440e-01
-4.292103153474009503e-01
-6.927638287533000039e-02
-1.118906908674455636e+00
-4.267248005219039797e-01
-5.810009071490833676e-01
-1.453049138027484588e-02
5.914462233275150638e-01
5.908130771366995049e-01
-1.493983283902755588e-01
-1.307850231509029015e-01
-3.883647149930578024e-01
-8.052353546178530053e-01
5.208295616818876539e-01
-5.062169758124506203e-01
2.129991386976728407e-01
-7.478229456398359787e-01
4.811307171455858622e-02
-3.678573154779476440e-01
-4.976302293305145952e-02
-3.209622121204249723e-01
-2.852410822951698677e-01
7.070656123336860333e-02
7.397838187115262087e-01
-2.881186875872661091e-01
4.947466177600290393e-02
-4.895126563700902267e-02
8.024616899086360888e-01
-4.788874785634611442e-02
9.461090106695380086e-02
-6.380575611294592164e-01
-1.161501275835199465e-01
-2.745570120864648800e-01
-3.298286116914770361e-01
2.136616198274454703e-01
6.435601934616528297e-01
2.020823638788318277e-01
7.164470285140653871e-01
3.965669092636279203e-01
-5.640857124077847118e-01
-8.563160361498454165e-01
6.210809764559588331e-02
1.032218482268686621e+00
2.936414593337941525e-01
4.894901122017252248e-01
-4.836738786655381261e-02
1.139387405482930049e+00
2.658871287303359310e-01
9.310776424013997854e-01
9.022953991128854767e-01
-2.288387914494274256e-01
-5.762263041553641330e-01
5.698418318644380420e-01
-5.950766564885707766e-01
1.115332548998182460e-01
7.418520651920648135e-01
-1.261006630164640541e-01
1.644012790773183852e-01
7.120351201216532644e-01
9.155467359864655208e-01
-2.247662795480644959e-01
5.660227524960346202e-01
5.771359536900133591e-01
1.779241888111302572e-01
-1.470233437500156448e+00
-6.000210850480218738e-01
-5.128831998718199614e-01
-3.364092654906967184e-01
-7.738072933496837891e-01
-6.835163142362024047e-01
-5.044075072257623304e-01
-7.121886455814170347e-01
-3.172581184736156246e-02
2.615378311566090019e-01
-1.513422021582568888e-01
-6.852561097260032597e-01
3.102523855871739400e-01
-4.852232643938707568e-01
-4.828222484993700547e-01
-3.044126388913062087e-01
6.792178785971731969e-01
4.334510285370631877e-01
-5.120625544777013261e-02
-8.168988019655989419e-01
1.572013046306341977e-01
-3.251677955344636217e-01
5.847215175457893821e-01
-4.366918160119777070e-01
-4.325221671661392264e-01
1.445202012931707358e+00
2.704639967420821023e-01
3.410105479856948563e-01
-3.269761945789051438e-01
-1.299611032861314186e-02
6.081081449624434754e-01
-4.670245994311095217e-02
3.240080269542229274e-01
-3.374625239828699108e-02
9.939597331990013274e-01
1.519477095497423491e-01
-4.582608836734216595e-01
-1.146262826761811127e+00
-1.624970134409506883e-01
1.243413935650075075e-01
-3.504255685205173165e-01
1.751275407865735545e-01
-5.165456998785202813e-01
-5.264341672910326508e-01
5.847077931018374031e-01
-1.774695058174380335e-02
-6.865049663610092168e-01
5.593663499023922014e-01
8.248196865220291940e-01
-4.505831056270945822e-01
1.553797937687750874e-01
5.305613936660620311e-01
4.800333394411984145e-01
9.939664080163712612e-01
5.587834355391310126e-01
1.739560224496363716e-01
-2.441722219407473915e-01
1.702408787042539728e-01
1.744075830552098694e-01
8.624279567546278003e-02
-2.663617492077801074e-01
5.434213042851183673e-01
2.450085819558402989e-01
7.596611283940450932e-01
-6.034745331185416006e-01
6.465240628319861571e-01
-4.026011319798996624e-01
-6.639913193620206044e-02
5.535746650636710342e-01
3.122658144359089505e-01
8.118743920156257232e-01
1.285908053954507579e-01
-9.050991079314671950e-01
3.284972152811711510e-01
-3.061424352423847139e-01
7.046453606954887761e-01
3.343304836002536362e-01
6.013647960981032270e-01
3.772420922494736928e-01
-6.641446550680303318e-01
3.719204959478688011e-01
-7.730474308799726302e-01
5.210877742751218733e-02
3.309665722572843194e-01
-3.003335762954213450e-01
7.055036632351843195e-01
-1.663301039013145299e-01
9.104626781686331327e-01
-5.332077162425976624e-01
7.890089044312587063e-01
1.088044455573351499e+00
-5.259574591693372270e-02
-3.336755591498246076e-01
1.040478854430056721e+00
-7.855214216238781688e-01
-2.716522883985028614e-02
-2.281900050191776330e-02
-3.291693685047496487e-01
5.907882974707012735e-01
-1.933528932831007907e-01
1.491586446361647944e-01
-6.391282183302395836e-01
2.111644246368715727e-01
3.475282166491355795e-01
3.303399391878514280e-04
1.233778513585113146e+00
-4.985370509266751071e-01
-1.262755558100971953e-01
1.415943277639204467e-01
2.210107309705833245e-04
2.722082373015366485e-01
-6.671374775141716285e-01
4.537067225513471413e-01
-5.591136189092358322e-01
7.295604528074628448e-01
2.149150677374329632e-01
8.296449781844073001e-01
7.296291961924019631e-01
-3.952728699963294900e-01
-5.982028408280770648e-01
-6.205834579382081273e-01
-2.184594492602816018e-01
-5.680941649468973509e-02
-6.400984878699045311e-02
2.808376248401689423e-01
-8.430919378169310363e-02
-2.108402318595645752e-01
2.326325783534937131e-01
-4.055177060076928797e-01
-1.368683526139342632e-01
-2.148149774013621283e-01
-5.404820806991033066e-01
3.400884643627897219e-01
8.297791642292304815e-01
-2.373760725014610884e-01
5.553388048903862284e-01
-1.034828808490023011e+00
3.410617499830390642e-01
3.998126758944291481e-01
-3.070118140084305836e-01
1.540712000406507798e-01
-1.967703490643399888e-01
5.304881290754153156e-01
1.589740301172870574e-01
4.163119262384871178e-01
-5.279435341207037169e-01
-1.220632383143414046e-01
3.222553958502372140e-01
-2.418972922969864214e-02
-7.901523326870023567e-01
-1.627715756548351322e-01
-1.690987145623177312e-01
-5.036221438015422436e-01
-3.410370530323065807e-01
8.966197247051166386e-01
-1.140233075772734139e-01
3.324873777028516386e-01
5.347798197488495830e-01
5.473884733323552965e-01
3.401680620144027500e-01
1.228044863473964909e-01
-8.457077741994378783e-02
-2.260622418590720883e-01
1.028151714180970622e+00
1.561486506358900073e-02
-4.306558864451766055e-01
1.968816771518735464e-01
1.633340474548061749e-01
-1.813367781174459736e-01
-1.508638887877076229e-01
-5.848599303415378259e-01
1.084629853545980183e+00
-4.313250220457636175e-01
-8.320340611535659292e-02
1.456901642681103226e-01
-8.031060820193438587e-01
3.074639528288969359e-01
4.744313601783458623e-01
5.189979922758203301e-01
-5.589343770547738899e-02
-6.069535661923790570e-01
6.645817924620978090e-02
-3.756230099747810414e-01
-4.029556117834038886e-01
2.959829153030826276e-01
1.415031047853442026e+00
-4.730269673441291900e-01
-5.242322949364428553e-01
-1.658338548448652361e-01
1.082807309400926066e+00
-1.767194583519131612e-01
-8.494447709142605163e-01
1.503148166891321580e-02
-1.955089962355760491e-01
-1.886629968675803681e-01
5.709331019627361670e-01
2.800815421312012887e-01
2.985118816559246824e-01
8.566485735146951441e-01
-1.288938891041997437e-01
-6.783568153223571429e-01
-9.265155961318027877e-01
8.422070999865116647e-02
-5.152234851982679942e-01
1.233814504740671225e+00
1.888479924580730440e-01
4.706530901957144408e-01
-1.373702705323537998e+00
-4.867194177971390090e-01
5.575976259969035453e-01
-4.863652397376281300e-01
-7.845610359689558777e-01
8.297039904531446908e-01
-1.311689120295858491e+00
-7.149874840784997687e-01
7.990968823922628417e-02
-1.203465132879149024e-01
5.456774620971938106e-02
7.265001527427727979e-02
-4.681739753948370719e-01
-1.037080071255509495e-01
1.456960505143864992e-01
1.808053037894712389e-01
-4.760634540401618153e-01
4.916664629334013270e-01
2.252894009564885280e-01
-2.125191738754850235e-01
-1.096330020462285226e+00
8.741185802592905674e-01
-6.004220886330493556e-01
2.654965360015264508e-01
3.351918657634236354e-01
1.201429029451404062e-01
8.268091476328791600e-01
1.348620643940032338e+00
-3.391732327295260419e-01
2.443746646494435737e-01
6.628233324487631251e-01
-9.982641191550012394e-02
-4.141913414251545689e-01
1.037620844499704376e+00
2.529022412937651509e-01
8.942431632814962228e-02
-5.447512929679820814e-02
-4.514739789899770983e-01
-2.055470448994913824e-01
-3.613890046230485709e-01
9.121682124906360656e-02
-9.190443399483863018e-01
-1.371445612349910803e-01
-8.860499523729359339e-01
2.113674678065073920e-01
-1.258004088977822121e-01
2.331388427546068343e-01
-3.578796600919087467e-01
4.356941658819577512e-01
-2.140258187611481233e-01
6.834154448884675048e-01
-3.721761163251517956e-01
1.005504873138471922e-01
-9.086162436533467002e-01
-1.532316887033466912e-01
7.480448319015495784e-01
7.898120137227433446e-01
-5.561823102905094629e-02
5.334083185764262325e-01
-2.860781131437981628e-01
-1.364222097847740400e-01
4.946736808371552385e-01
-1.894324720993445510e-01
2.118858944722470383e-01
-6.513271708380639069e-01
-5.393259160613794734e-02
-3.719622746812376590e-01
1.941810976498103969e-01
-6.460801807808547181e-01
8.910926679589872279e-01
8.176736021499300122e-01
2.641047742789082164e-01
7.142327935455750065e-02
2.135443712944233852e-01
-1.529976145573801460e-01
2.298095082025062297e-01
-8.047167365011009821e-01
5.339323125714638962e-01
-4.986517559443424119e-01
4.791856011111539360e-01
-2.325862237441107538e-01
-1.920592633082138789e-01
-1.737816902326771995e-01
3.096460493710386785e-01
-2.289756533569420327e-02
-6.383116990302486471e-01
3.344755816081423916e-02
-7.402414934304006877e-01
-1.093531466456916235e-01
-5.071989662605158600e-02
-3.923813349896390079e-01
1.267253220439652495e-01
5.110109881419502287e-01
-4.914573036312468446e-01
3.098315428608753308e-01
1.206934451277419384e-01
9.381330732078430046e-01
3.979165922418115287e-01
-1.345673207995119469e-01
-5.071802935864271333e-01
-4.168682077457983581e-01
-4.225920159627420958e-01
4.907305379313253724e-02
-2.640997642913855969e-02
2.204505752915597583e-01
1.419418814910109461e-01
3.673496035408616578e-01
2.034374604475575055e-01
2.311309663528984260e-01
6.303273677833187705e-01
-8.802176283738027962e-02
4.156722028684498582e-01
-9.322656108264384400e-01
-4.130649768202871996e-01
8.761302898446130527e-01
5.598788478817358083e-01
7.297656279640456489e-01
9.931205165645167199e-01
5.000740408290145211e-01
-5.355412676260256077e-01
-1.144299286222010270e+00
-4.592355917513168961e-01
-2.864353126485612577e-01
-6.665506226130748502e-01
-5.437254127945934101e-03
8.437764531136515700e-02
3.133535974305434735e-01
-3.530166453588661213e-01
9.064020047841081507e-01
7.092554444877308129e-02
8.281307113389058117e-01
1.011069751272202666e+00
-6.528289738895018957e-01
-7.489510618129004982e-01
1.078990940899155149e+00
-1.197826796799907001e+00
1.090767444248993634e+00
-2.068471341111468575e-01
-1.691937439021202749e-01
-1.133535726606291760e-01
-2.223989917693636187e-01
5.622404618196350512e-01
-3.331858436630845688e-01
-8.284876930785012306e-01
-2.144105988317841494e-01
-1.969222803231271968e-01
-5.485867859495536791e-01
-6.598738952595892826e-01
1.354895073418287410e-01
-2.076847060513102861e-01
-3.946962150203869868e-02
-5.846553072296369891e-01
5.568868636020845031e-01
-4.222731417363689843e-02
-6.374434784347347005e-01
2.688793388721668620e-01
-4.728923413280297083e-01
-1.122901216611484898e-01
1.638516000774403736e-01
5.805482704436943919e-01
5.547597213221706625e-01
-3.303908733243687834e-01
1.008859853285049013e+00
1.637864426753266045e-01
3.574497408715515689e-02
-6.039175807157306508e-01
-7.292636546260675701e-01
3.142020303041874740e-01
1.863399232454012733e-01
1.858479566501536340e-02
-5.966171803773230309e-01
4.939867732616214369e-01
1.126629714321687459e-01
-1.167695011835121477e-01
2.446534052549598215e-01
1.277612509151828668e+00
6.556275903611421541e-01
7.872822898671660852e-02
1.646640634530225356e-01
2.808944311406573746e-01
-1.384876116198217044e+00
-2.254888951563618349e-01
-1.330265375063461875e-01
4.887380795491704788e-01
-4.641573942776702211e-01
4.920300475460868128e-01
5.831187066029084320e-01
9.229906518756880729e-02
4.986184864209786127e-02
7.978631808052361052e-01
-2.715920782126346467e-03
-3.333440323278589190e-01
4.525802720563785186e-01
-4.505315947546479904e-01
2.705989390894192326e-01
-2.019215016111539640e-01
-4.634366014631225994e-01
-4.465445074088485455e-01
-4.611194432791956288e-01
7.296246008008111517e-01
-4.377028601151335963e-01
-4.129673667373285895e-01
-9.320369140627979831e-01
-3.789217765756864864e-01
1.714367455110865635e-01
2.432816883133348540e-01
-2.608560117298370784e-01
-1.238006052388389122e+00
-9.453767359470077736e-02
-2.620002667537573160e-01
2.179180673633895893e-01
-5.921567529810740638e-01
2.597929330545269977e-01
2.695688053499161185e-01
5.976198193966535399e-01
3.416683816128465168e-01
1.638655693248001199e-01
-3.729580735710680273e-01
3.441497244216424889e-01
6.910542609334422437e-01
-6.573407914194895341e-02
3.402892945388460433e-01
5.241739078321590029e-01
-2.531783620011083258e-01
3.435109862222605059e-01
1.005424184704057033e+00
1.188434443256887185e+00
7.194349510463391439e-01
-2.092533920792583046e-01
4.415613002250573516e-01
-1.776682113022367560e-01
-1.351476696524631649e-01
4.409099424387443733e-01
4.355269888948676282e-01
6.719576112294900483e-01
-4.461019720167023195e-01
-8.000678292836997940e-01
1.576014318621367316e+00
8.857045852449285661e-02
-1.443317091775675465e-02
-5.512818223369562176e-01
1.175003734360373642e-01
-2.236387331799276623e-01
7.033874815627889632e-01
8.752752175076317087e-03
-5.623579062767491976e-01
4.236104117834784688e-01
2.709871711332869637e-01
-1.686396656459621113e-02
-7.289911799603565612e-02
-4.212900645563504298e-01
5.549939565382011608e-02
-7.790285581292017980e-01
-3.076005508996075832e-01
-1.106614522183821947e-01
-3.884650700761094200e-01
-1.160410154178936892e-02
-1.160390820104053589e-01
-7.870684440737285570e-01
9.703876522836685226e-01
1.070394001535754924e-01
3.242886568971625749e-01
-4.073869932833424912e-01
-1.626531089182661205e-01
9.504528715901816582e-02
-8.921161309217771063e-01
-3.797307278957333665e-01
1.079890075614837741e-01
-1.628947099786559605e-01
2.630193360082158094e-01
-4.028403028111622319e-01
6.351894379343248076e-01
-3.085851959653513887e-01
-2.468360418429185188e-01
4.899613866173879728e-03
1.002556255841309252e+00
5.855285299475667671e-01
5.735191507970487379e-01
1.083820086095648172e+00
5.063888482402756352e-01
-4.387721528136969695e-01
-5.160872944061907219e-01
4.312807063755812464e-01
2.212020099225142644e-01
8.253006439645993453e-02
9.355288116768090134e-02
-8.768901074382160488e-01
-1.170413074692663535e+00
-9.333341196809588070e-01
-6.762658579434974726e-01
3.981103660655964660e-01
8.283612008427336804e-01
2.172173639815477841e-01
4.363763197969419139e-01
-1.829537860132610660e-01
-1.826109326893972096e-01
1.024198185494595847e-01
-5.947269310408840326e-01
1.446199745156997452e-01
-4.461763664421489750e-01
-4.637072806111541823e-01
-2.452075105726887472e-01
-5.942572265669063825e-01
-2.982497301713129545e-01
4.960951893612932651e-01
4.419370681993850525e-01
-7.263548635171144241e-01
5.294313416187632626e-01
-7.399773577963060234e-01
-6.824053879867308936e-01
5.370256497184353606e-01
5.939069800965848245e-01
1.164537284147986185e+00
-6.811855003265225861e-01
1.842403065010413954e-01
-8.534700829425982960e-01
4.178110030907902228e-01
1.232659732613363701e-01
7.358711127746309089e-01
1.538829621815063220e-01
-6.513796410394601111e-02
-9.374934343961580652e-01
-3.676329864703511419e-01
-3.468020722813234258e-01
-1.894044273740602691e-01
6.053016292011577093e-01
1.330357819776519790e-01
-4.163732880573896011e-01
-2.242854843785071495e-01
-2.456878659261274578e-02
9.868672164413752057e-01
1.733265439495079718e-01
-8.011437996592505328e-01
-5.058697773622391480e-01
1.347133212083555520e-01
8.039021651876492314e-01
2.310260939008426107e-01
8.097391560775992758e-01
1.377086256733059955e-01
-6.593965674455990467e-01
-8.255224082008361108e-01
-6.017890570702837394e-01
4.223254609290165718e-01
-6.432702927134386073e-01
-2.174929171844404152e-01
1.141114720558469742e+00
2.478696036385308332e-02
-5.203081383618899380e-01
-2.628268916649787457e-01
-2.001025477696884991e-01
3.306228758208442642e-01
-4.066763428958486415e-01
2.351172389896047932e-01
-3.205333335472353440e-01
-5.120589414159866237e-01
1.219568432625868226e+00
4.549485883031962885e-01
4.449542269093198499e-01
4.917441560809088230e-01
-4.980639295790121324e-01
-1.282731065164008921e+00
-2.931796635136212359e-01
2.430266135248615456e-02
4.731447328864701873e-01
2.962043557222768797e-01
6.847287590716302219e-01
-1.458973042221343164e-01
4.537560463903034247e-02
3.553020966514877088e-01
3.922067997142359985e-01
-2.510469583606464994e-01
5.496342789542616458e-01
1.020977050574281009e-01
-3.234989767214262457e-01
2.675172119615698563e-01
-2.138423455775306792e-02
4.126525454467859788e-01
-3.003349965682762246e-01
2.844435678058090389e-01
3.820485562344959618e-01
-6.023453457035765624e-01
-5.049206263993362143e-01
-2.359883922274592649e-01
6.684683464040777068e-01
6.247541844716852921e-01
-2.551398291473505608e-01
6.319465562287778226e-01
-2.297385789626380515e-01
-6.185995465085003531e-01
1.091309630116327867e+00
-8.307845112084795147e-01
4.221826508280308587e-01
-4.291998550544926516e-01
2.690975937023756259e-01
1.877858032767480978e-01
-4.084770778781354750e-01
7.724445920921674258e-02
5.921670947095183379e-01
-2.490811740497154148e-01
1.123240351653107538e-01
1.051136327027032635e+00
4.249903956104361669e-03
6.409135677987407576e-01
7.028048613151423041e-01
6.708665465439311859e-01
-6.785952696422370423e-02
3.385372478033605859e-01
-2.851119205433310100e-01
6.492374339726580956e-01
7.476753335793295818e-01
7.766999720806033736e-02
-2.437881546101730024e-01
-6.052533729949516328e-02
-5.782936473078770234e-02
-5.847045389459726294e-02
8.059367557963783568e-01
3.359577249999539106e-01
-9.238181411010240041e-01
9.352219175283575936e-01
5.492579409031339566e-01
7.560267567597431793e-01
-5.889617553165162889e-01
-8.528593764746474903e-01
-7.132622560998953531e-01
2.008774899239451628e-01
-3.357795704777544188e-02
-8.358149817737094978e-01
-5.601747110158203924e-01
-7.754566789411097005e-01
1.067567700104321560e-01
-2.523489361172561729e-01
-5.967936105414102244e-01
1.069842281241983883e-01
1.231827918257515364e-01
-1.578736612265112527e-01
3.836840980102040888e-01
4.734979413764284217e-01
6.116598150974708048e-01
3.651246517336819153e-01
-4.184188573265021915e-01
-4.745335735636482255e-01
1.032936228089171848e+00
2.965735809313541083e-01
1.675281870301610354e-01
9.772365169238037552e-01
-7.191089031896993333e-01
5.169194893981270411e-01
-1.542985452963430149e-01
1.594802542523590105e-01
-1.739195126923798185e-01
2.068341491244147790e-01
4.472404309670352518e-01
-5.419411656805461774e-02
-4.375235016210599071e-02
3.472853118399310546e-02
-4.039463274071248833e-01
8.383516895658900125e-01
1.972093426525862725e-01
4.601847842033777169e-01
3.908302916762851353e-01
2.740822443471335745e-01
-3.236307645144664846e-01
-5.520577691548407273e-01
4.336356991390371007e-01
6.445489410487592608e-02
2.214602610679650141e-01
4.246696124196347455e-02
-1.309158287006507493e+00
-2.270923252980239226e-02
-1.532361593370517028e-01
-5.295081274270252436e-03
-4.992683084730789034e-01
1.027060822835843545e+00
-5.925006170164195396e-01
-3.606285700168552211e-01
3.090064553800164759e-01
-1.325587483144587964e-01
-1.337860471089795666e-01
6.630773987156937110e-01
4.856802146246455010e-01
-1.094445133254505542e+00
2.140563507392334586e-01
2.835674215256833719e-01
2.957756745920807617e-01
3.488762366314972496e-01
-3.104554788035942536e-01
-5.081394884717118643e-01
-2.637641759685109832e-01
1.071974200039905512e+00
-8.699041438582746366e-01
-2.719485709610234281e-01
3.263001529125286737e-02
-5.690617873863157428e-02
1.150584034810927747e+00
1.133462400643990620e+00
7.214873535930435011e-01
-3.568547295667157115e-01
5.489197510624119758e-01
3.934669531472057002e-01
-6.586591214533488170e-01
-4.973235159572375608e-02
3.929967350255827441e-01
-1.092324411013576579e-01
-7.088485475253758494e-02
-3.116096252751496820e-01
1.165338693940292103e-01
-2.403009148590022903e-01
-3.436077732380891092e-01
1.452473501503948938e+00
1.258716158288977205e+00
-9.198466094270072446e-01
-7.312827954127500973e-01
-1.658874614235914535e-01
8.742151535713684751e-01
3.255371981970132111e-01
3.467845312376818256e-01
-7.195463214036239563e-01
1.353695394269269769e-01
-7.180224485332953321e-01
-1.949402530793555854e-01
-2.994408992889958654e-01
3.538502032618104920e-01
2.588766094548393681e-01
1.601810065794095905e-01
4.199425206732882998e-01
-1.987152376853549285e-01
-1.161156482148281377e+00
4.479018320999683667e-01
9.744108293495479245e-02
-2.364893391099238684e-01
4.418324463005394165e-01
2.133318603041178818e-01
5.996633208225237155e-01
-7.888023140249078580e-02
-3.875540735529625636e-01
2.367118015446720847e-01
-7.373440923004093150e-02
4.275060823631360307e-01
-7.507421807097536259e-02
-3.661798678407883756e-01
5.917709755243025782e-01
1.251859350310722263e-01
1.104075250587008838e-01
-3.884313654950766193e-02
-1.133461376762663786e+00
7.802434549188186352e-01
-6.355448163071741874e-01
-1.610529677904390944e+00
8.204534678971810990e-01
-1.329504919511723671e-01
-7.211723643824807795e-02
5.034171349313130150e-01
-6.662858090701400116e-01
7.686553614631108644e-02
7.797979973511033336e-01
-1.154198838029014684e+00
2.439007014800935735e-01
6.787456166044458783e-01
1.313953639171431931e+00
5.876898464782387421e-01
3.180244879522948764e-01
-3.062593769829025092e-02
5.256278459580263629e-01
4.538918102280664613e-02
-1.075984509853462612e-01
-7.138975338457509423e-01
2.616898314459401576e-01
-1.099915863102154390e-01
6.602992934310076834e-01
-4.819646356911864160e-01
5.392966698533721015e-01
5.319986518296104805e-01
-2.994944734015581034e-01
1.935157940423870571e-01
-3.443579423320635158e-01
-5.286745813597830690e-01
4.804624066767715362e-02
3.209935777520556144e-01
-4.332887768525841565e-01
-5.813310770296586938e-01
-2.171006452035149081e-01
4.373847037769529322e-02
-4.353881967369366279e-01
-5.583253676551453992e-01
-1.945201200091410954e-01
5.879821398880391570e-01
-4.495545160443699118e-01
-6.227296052420419059e-01
-1.336399424069067976e-02
-1.130471539866597652e-01
-3.601764812783301295e-01
-6.768787916357608125e-01
2.220247972600111197e-01
9.369428636791976572e-01
-4.854630911209261157e-01
-1.602674763041251893e-01
-1.034603492087518006e-01
-1.139356365371821056e+00
-8.320385074216973820e-01
-9.923353862875563536e-01
-2.227231042211004208e-01
8.738741588223408741e-02
-5.840013537982287062e-01
1.465397809731500800e+00
-5.939353461984513416e-01
-1.750236367662205694e-01
4.331855091281706649e-01
-1.446810771186557432e-01
-2.267702452158966153e-01
5.542778235402057163e-01
6.662214558356183147e-02
-5.266126331911138436e-01
7.122528188133259164e-02
5.222419111251372925e-01
-3.200778104890797948e-01
-1.146054403698496316e+00
-7.981810437768519506e-01
-2.811956178458707711e-02
4.546845558332694992e-01
1.075005016632450960e+00
9.646565146711783001e-02
-7.166467076761762200e-02
3.757464911598269452e-01
-1.395621793673011979e-01
1.371494372799650918e-01
4.240520535242477962e-01
-1.308565734382591828e-01
4.096497009070194650e-01
-6.531766589499534703e-01
1.378118722355123893e-01
-1.306906251726580592e-02
9.850005940540320637e-01
-5.502367837511599191e-01
-1.554706809052532890e-01
3.660788234023470977e-02
5.367770004749496948e-01
6.017543125936519743e-02
3.894877581542104394e-01
-4.510917269447141109e-01
7.837314599864342313e-02
4.109127982152855907e-01
-8.135200616565718690e-01
-7.116109815973210573e-01
-2.533393258196054987e-01
-4.803548563543511563e-01
3.451781027406397584e-03
-4.215282069173245105e-01
2.104242960028424037e-01
-1.929447702763731343e-01
2.935633300868705220e-01
-7.393455622053410892e-01
-8.762598996037169741e-01
6.472334854554784300e-01
4.255462026464584824e-01
6.735849853696329603e-02
-1.328425444958192259e-02
-9.696536248425946525e-02
-4.012123021993598826e-01
-2.753791953956881144e-01
5.124458284573751854e-01
1.188756262355559201e+00
-5.814901430877643662e-01
1.221750009103899082e+00
9.121022193906878073e-01
-1.006416407606605556e+00
-3.166507140819181387e-01
-2.189135204802283852e-01
-7.212556670729695085e-01
9.658114072785544124e-01
3.340548303853863032e-01
-3.733957230957916096e-01
-2.093866996306061878e-01
-6.600607148413919489e-01
-3.760173240986164345e-01
-2.931303369994688879e-01
-2.698200990227999085e-01
2.874550921673719728e-01
-5.650851334593554043e-02
-3.649977329613207644e-02
3.415232237360488199e-02
-1.826543780422351659e-02
-1.385757995965057887e-01
2.042705597026381881e-01
7.924623425552956846e-01
-2.124469483994140262e-02
-4.297958987573800016e-01
-5.281759174994418160e-01
1.948784557084692892e-01
2.981773093915016659e-01
1.035882176127190135e+00
5.109759851599875446e-01
-7.743266039222094221e-01
-4.557699094397680284e-01
6.791227893980309460e-01
-7.277710328207991353e-01
1.388276394304186923e+00
4.715036593062302828e-01
-4.809851304207448663e-01
8.718060647209568970e-02
-1.748790006721154811e-01
5.153684776702416315e-01
6.117168316811376627e-01
1.267456474112953480e+00
-2.699968943910349140e-01
-5.556148002586223100e-01
-6.166547218572713263e-01
9.050984353451418940e-02
1.348431350979472754e+00
-2.286758797779988583e-01
3.632309740886361382e-01
7.743732062765200652e-01
-4.604194906915015650e-02
-3.283282533287454896e-01
-2.171239108361433523e-02
6.605368083111606836e-01
-3.249332850248922711e-01
3.996996824092571288e-01
-6.790027105275271424e-01
-2.070007913255160759e-01
-5.316228113114807030e-02
1.521533921609551143e+00
4.833172526308446848e-01
-6.258737185820804072e-01
-5.846395372342882979e-02
3.812804172547847870e-01
-2.845506369199659602e-01
-2.604866995029446741e-01
-6.648706106575810182e-01
-4.876403010186898257e-01
-1.074837366423330831e+00
9.293393073103048962e-01
3.328063670747738456e-01
-5.290645981312005475e-01
3.061779283887409164e-01
7.728768707863764575e-02
9.461944410723859278e-01
-4.704478213300014033e-01
-1.287430461110066204e-01
7.227035500273206736e-01
-3.861408317897074838e-01
-2.912636094816853927e-01
1.374457252648859651e-01
1.337269300870156385e-01
-5.147734016348071151e-01
1.578720831333688679e-01
3.146727370521809064e-01
3.814543396913183670e-01
3.006833077809840660e-01
-6.523104577433862517e-01
-7.417798964255428729e-02
-3.062781595556174352e-01
1.065157945737285061e-01
-4.430461844629007828e-01
4.840045371157630782e-01
1.289025868430151434e-01
1.729531761718323679e-01
9.651925015351192627e-02
1.901317337217056647e-01
3.309685421802459615e-01
1.427828716073706872e-01
3.238678102870693465e-01
3.437142293443997687e-01
-4.212309065254773444e-01
-9.432557080824404139e-01
5.252598093664140322e-02
-6.310905461622526857e-01
-1.244148984083706111e-01
-6.429838750085190568e-01
-2.894866354331657732e-01
-1.654362880072266506e-01
3.444532766443160199e-01
5.441867505304278652e-01
2.627533930462186973e-01
-5.313552278916064964e-01
-6.738016892405873648e-02
5.834327941379466864e-01
-6.320002832727205089e-01
2.653029170680989424e-01
2.836427302301478548e-01
5.492366642696753232e-01
-8.370061809010564957e-02
-5.554752992236364761e-01
-5.823482325079583077e-01
-8.657026711710180678e-02
6.682222391087329072e-01
