3.399000000000000000e+03
2.237000000000000000e+03
3.687000000000000000e+03
2.770000000000000000e+03
3.114000000000000000e+03
4.420000000000000000e+03
4.980000000000000000e+03
2.521000000000000000e+03
4.569000000000000000e+03
1.116000000000000000e+03
3.321000000000000000e+03
1.520000000000000000e+03
2.040000000000000000e+03
1.089000000000000000e+03
2.257000000000000000e+03
1.436000000000000000e+03
1.839000000000000000e+03
1.526000000000000000e+03
2.403000000000000000e+03
2.038000000000000000e+03
1.883000000000000000e+03
1.439000000000000000e+03
1.147000000000000000e+03
9.410000000000000000e+02
1.913000000000000000e+03
1.826000000000000000e+03
1.935000000000000000e+03
1.354000000000000000e+03
1.200000000000000000e+03
1.758000000000000000e+03
1.824000000000000000e+03
3.503000000000000000e+03
3.826000000000000000e+03
2.832000000000000000e+03
2.296000000000000000e+03
3.441000000000000000e+03
1.860000000000000000e+03
3.153000000000000000e+03
2.718000000000000000e+03
5.244000000000000000e+03
3.515000000000000000e+03
2.058000000000000000e+03
1.609000000000000000e+03
3.140000000000000000e+03
4.652000000000000000e+03
4.947000000000000000e+03
2.301000000000000000e+03
2.847000000000000000e+03
5.530000000000000000e+02
3.711000000000000000e+03
4.797000000000000000e+03
4.390000000000000000e+03
2.283000000000000000e+03
4.500000000000000000e+03
3.848000000000000000e+03
5.063000000000000000e+03
4.929000000000000000e+03
8.280000000000000000e+02
3.697000000000000000e+03
1.261000000000000000e+03
2.794000000000000000e+03
5.479000000000000000e+03
4.818000000000000000e+03
5.764000000000000000e+03
1.586000000000000000e+03
3.617000000000000000e+03
4.643000000000000000e+03
4.679000000000000000e+03
1.037000000000000000e+03
7.100000000000000000e+02
4.959000000000000000e+03
4.945000000000000000e+03
5.039000000000000000e+03
4.990000000000000000e+03
5.528000000000000000e+03
5.726000000000000000e+03
3.205000000000000000e+03
5.510000000000000000e+03
5.569000000000000000e+03
7.050000000000000000e+02
5.150000000000000000e+03
4.090000000000000000e+02
4.384000000000000000e+03
4.947000000000000000e+03
4.839000000000000000e+03
5.000000000000000000e+03
5.146000000000000000e+03
4.598000000000000000e+03
5.970000000000000000e+03
7.390000000000000000e+02
5.491000000000000000e+03
5.393000000000000000e+03
5.566000000000000000e+03
5.460000000000000000e+03
5.925000000000000000e+03
5.715000000000000000e+03
5.277000000000000000e+03
5.525000000000000000e+03
5.507000000000000000e+03
5.343000000000000000e+03
