-9.588565522595846602e-01
-5.467136469338038651e-01
-1.829824084171901788e+00
-1.245092587936618145e-01
-1.480036704543341131e+00
-4.547817155873357109e-02
1.242919942160258806e+00
-2.890187747064416612e-01
1.140100620231625506e+00
1.236655929790200226e+00
8.644822881655089830e-01
9.350766926071081286e-01
1.285954624676140412e+00
2.044099922865471264e+00
-5.160439096248117252e-01
4.701225684608614230e-01
1.088368671220537820e+00
-1.432859969398631250e+00
3.738544403142229910e-01
-4.341844136614465555e-01
1.612322912727441881e+00
-1.429335647191003478e+00
7.070012832061047803e-01
-9.743975065302112881e-01
1.607653908935569476e+00
-1.011700792775159563e+00
9.885087513578501017e-01
-3.192584638826030385e-01
-3.893437615166046584e-01
-2.236906174058984398e+00
-2.038523460077874550e+00
-7.625282810860287697e-01
-1.067194359791019398e+00
-1.247525138085147312e+00
2.061598230341497029e+00
2.821862240371507013e+00
-2.643692565841870401e+00
-3.305491092404100328e-01
2.073576013533886098e+00
1.103584086951327592e+00
1.208328020611366682e+00
-5.214581746902862136e-01
-4.569101477692854019e-01
-2.328194665103520133e+00
-1.849305654075318550e+00
8.856587585881969815e-01
-4.919509228319629557e-01
-1.523398885071487907e+00
-2.607959473267902339e-01
3.670362642595828007e-01
6.846516746559041522e-01
1.996471161715962950e+00
1.104268474847085457e-01
-1.976653555180014621e-01
1.553740276361473605e+00
1.398094523767490216e-01
-2.124141226285628292e+00
6.840483167613085058e-01
4.955625167749762028e-01
1.313225160433283634e+00
-7.584913419994272488e-01
5.004158378965382070e-01
-1.894524940447502637e+00
2.491963446480376376e-01
-2.124932710693230309e+00
-1.279449750218350168e+00
-7.268361150166473550e-01
-6.733712536484528499e-01
-1.663733649319407704e-01
-1.410885472122982431e+00
-1.165101527563839667e+00
3.579663723746175918e-01
-1.154334409464141675e+00
-1.899621856147881260e+00
1.762934402065865491e+00
-1.826901750951501757e+00
3.052383440484947030e+00
6.786082160124076168e-01
-4.867229755505384503e-01
-2.602607641181546416e+00
-1.579651896989126669e+00
-4.854350398691584800e-01
-6.689428383805289258e-01
-7.808630142787453821e-01
-1.505018530076798644e+00
2.440166260704332402e+00
-3.876778543581753667e-01
1.268372709311462287e+00
9.477475733655893464e-02
-2.601258194523162093e+00
-1.924886872328110954e-01
1.223997014115266957e+00
-1.079913060484973375e+00
-7.422094612443554951e-01
2.636998157081848149e+00
-5.403447080897620936e-01
-6.470986951092427830e-02
8.286591301348211758e-01
-8.545574901644119592e-01
-1.913466465436632902e-01
2.149695361843452446e+00
1.826557676247485773e+00
3.396950758453787245e-01
1.110858918724884070e+00
1.064744652901680411e+00
-3.577127798402370829e-01
6.456857240083904159e-01
-3.368155350739598930e-01
7.899187657620068137e-01
-1.656372231051506994e+00
8.039047860260142286e-01
-4.493694016571136984e-01
1.699880987234246632e+00
1.458965036397749770e+00
-1.131677918396454263e+00
4.893849934386071965e-01
1.096162561006437386e-01
-2.447214781224547941e+00
5.333203986929815343e-01
2.052884707423636712e-01
-1.371570651621460968e-01
7.569543983555480082e-01
-1.047141719655647840e+00
8.948543560760242599e-01
8.421046322203977752e-01
-1.378027888293469339e+00
-2.501802158156465339e-01
1.966518422276495315e-01
1.034527001923708056e+00
4.926605936548744680e-01
4.723012957780161614e-01
-1.389875081870532991e+00
-2.672148549929109773e+00
1.894686062191377474e+00
-1.247136374717974672e+00
-1.587464668553395963e+00
5.730120004792480515e-01
-1.044646344209653854e+00
-1.556676346628478314e-01
-2.659483888522062855e+00
-4.089899509650241072e-02
1.642038513715121439e+00
-1.421487473075735419e+00
-1.578999721012263713e+00
-6.134035457976283467e-01
9.437226629724442262e-01
7.203990691909627486e-01
1.044445298021731361e+00
2.899035018823860277e+00
-2.345975512311202493e-01
7.053256724174534753e-01
9.971712940129950908e-01
4.975066302950112984e-01
2.340195226936714334e-01
2.230051896082043683e-01
1.719093759969076984e+00
1.141778799695165603e+00
3.056465920550177628e-01
-1.430067869480513565e-01
2.368476232813847560e-01
-1.327515441941095276e+00
-1.392212184320631430e+00
-7.291200227691518876e-02
-5.866200422408809345e-01
1.522343959881736097e+00
-1.163086392325629159e+00
1.151614382201020526e+00
-1.290819613056193305e-02
1.642126327293583543e+00
-2.468886839056156912e+00
6.418850921477332605e-01
-6.420468918161637006e-01
2.599511271596980144e+00
2.480074676159828684e+00
-2.080265023342454889e+00
-3.171004839328865899e-01
-1.961932521844672372e+00
-1.825140008189844565e+00
-2.426736746735111971e+00
-8.702897684888855068e-01
-1.166526572483479463e+00
-4.829078686244461238e-01
-3.427174856090449140e-01
1.821817154341976774e+00
5.333683075843209664e-01
-2.643943085295106243e-01
1.827821281648754237e+00
1.143605666317029090e+00
2.789460642411989433e+00
-2.754863957338571367e-01
-9.193578023128168297e-01
4.037271838268239321e-01
3.929399347972672984e-01
8.334351585806949458e-01
-8.721071699878457650e-02
-6.911649173419665004e-01
-1.267759094998099911e+00
-2.351631505744316897e+00
7.470385884184533865e-01
1.500001692324333114e+00
1.106694334827105664e+00
-6.086698463231998701e-01
-1.424942948088653516e+00
-2.244995640212272825e+00
-1.132550214809167954e+00
-6.034879598738971396e-01
1.123600668456860241e+00
-6.911381091353518968e-02
-1.215232027695685169e+00
1.639012922096068081e-01
1.411616960235138940e+00
-8.312629196227856454e-01
-7.791084580984604102e-01
-1.277772440204267834e+00
-1.868371905258326748e+00
-2.072289338243231693e+00
-2.493820106228061828e+00
-1.191651671064053897e+00
1.833940893187713250e+00
-3.181499000544141253e-01
-1.260298960326000639e-02
1.248448419378372698e+00
2.364625314157983382e+00
-7.320944610033199851e-01
8.714701875824415467e-01
1.289517094688747534e+00
-9.535282133427811502e-01
-6.034035152913386213e-01
4.970729139406717678e-01
-1.332369262518968700e+00
-2.044156173715232505e+00
-5.577241774461505486e-02
8.100411264799403099e-01
2.387109376065508215e-01
1.823084990314255194e+00
1.105255846700781142e+00
2.648375353772198793e-01
2.325525232884344540e+00
4.809166264089821397e-01
1.280718284099630289e+00
-5.210956883004289608e-01
-8.004111074002651094e-02
-1.779235019268968543e+00
2.748108609542674330e-01
-3.218835541358888719e-02
-1.910591956161813432e+00
-1.625594852616817576e+00
2.724887745720572241e-01
1.526373766396298848e+00
-1.179919825629391461e+00
1.005006315183769594e+00
-4.568531606806400802e-01
-2.719874558096246453e+00
9.898886501904193835e-01
-6.603344415924139454e-01
-6.203694424339278868e-01
1.199898315388033154e+00
-1.953023487420233462e+00
1.527855847056702743e-02
-2.185162440691623686e-01
3.311000864534330290e-01
-2.435912236775357176e+00
5.786141676158793601e-01
-6.984872174112517484e-01
9.920934794483020625e-01
2.504858155892346616e-01
-5.237195143375368289e-01
4.510119352552202088e-01
-4.467481213393522665e-01
-1.444319688542965885e+00
3.289619065027100220e+00
-1.904649044531059321e+00
1.111130259366317929e+00
-8.714255302554452243e-02
6.945445961629328480e-01
1.665663318718603847e+00
2.438197760364824163e-01
-1.285307562973949658e+00
5.926877876211511520e-01
9.010919141078712613e-01
2.092006606450773631e+00
-2.099802839512333819e+00
-1.358403010948885381e-01
-4.669154210653747583e-01
-2.735308404291524997e+00
1.034580413915861641e+00
-5.314654378099827881e-01
-1.192867618933343365e+00
-1.125168153843478347e+00
8.360521726027414502e-02
1.348259163870437760e-01
-9.605315406338386097e-01
-1.804199609376260227e+00
-3.276832499657809095e-01
-1.406595150763686242e+00
8.261028694224155089e-01
1.180364966888616252e-01
-7.568950664335201139e-01
9.712701286977409865e-02
-4.976937412245661108e-01
2.794553041815639460e-01
-8.259593121889841072e-01
1.789009311797014945e+00
-1.788223501140275840e+00
6.607310723215062964e-01
2.011115478746607899e+00
-7.066435188713571236e-01
-5.266032852696405087e-01
-4.140226141046596808e-01
-7.081651910005826167e-01
7.467921699499369126e-01
-2.591285070426190273e-01
1.911172300196328777e-01
2.652597217571087462e+00
-5.998397602838911880e-01
-9.922352137291658991e-01
2.219791763025510178e+00
1.538377529803000243e+00
-1.427847544869772278e+00
-1.427440763281163427e+00
1.062241897082353503e+00
-2.397126282758884841e+00
-1.506290441072852815e+00
-1.400884128156234087e+00
-3.641833628930175593e-01
-1.124598545956877693e+00
-1.712579232080147840e+00
2.695514145806155781e+00
-5.738685413458561868e-01
1.000830131600446649e+00
-9.487419074694418697e-01
-1.325920517293290857e-01
-9.911867753028822392e-01
1.241338625610046265e+00
5.538399322052756091e-01
8.306300798081007741e-01
-1.265548813668835315e+00
1.118458486386887607e+00
3.541618550531389076e-01
-4.312368697130022355e-01
1.010271055005738106e-01
-2.068623541283507450e-01
2.319568756737565352e+00
1.184305578441474438e+00
-2.832330650116827719e+00
5.928220481767931815e-01
2.009159388026510840e+00
1.435325073978763299e+00
-1.739643148920776206e+00
1.999838302644771915e+00
-1.821801936829744228e+00
-1.602304538525244126e+00
-1.452382474948334501e+00
3.623112200266955796e-01
9.297847924620228355e-02
-1.402128956235419555e+00
3.995853917981149195e-01
6.766411919791526230e-01
8.913641082252183878e-01
-6.757032245726808384e-01
1.013261617380387669e+00
8.720663411784652652e-01
-2.789004086064652554e-01
-4.444562052871496860e-01
-2.225136253450523682e-01
4.239385970236035917e-01
1.472280482211425934e+00
-1.875498594099034300e+00
4.250906333683523997e-01
-1.277167462869824188e+00
-1.486206013933366599e+00
9.403291672680484936e-01
-2.947514512964611200e+00
-2.497621029675203719e+00
-1.618977509696893691e+00
2.093791657415202678e-01
-2.860875751389953869e+00
8.821619010318411114e-01
-1.772133135118811875e+00
-4.264563939283041449e-01
-3.001323465395300261e-01
1.074995608298746852e+00
-1.015120634782504361e+00
-7.694018567639355766e-01
-1.631697561875896874e+00
-2.289432173496143363e+00
5.592840790849775701e-01
-3.042387052367008238e-01
2.815340392862157870e-01
-1.027444965295272183e+00
8.661166568817684208e-01
-2.401426974620948673e+00
1.819874950671724889e-01
-2.420987899175953473e+00
1.442756201130257487e+00
-4.901222017396058561e-01
-3.098874272524875018e+00
1.068220644946813458e+00
7.437208885181441076e-01
-2.157091421237510076e+00
6.672849719159543724e-01
5.589680911857861645e-01
-2.683370488091206596e+00
-4.882594909519077930e-02
-2.431361898743238381e+00
9.358288885899321841e-01
-1.844053180797338154e+00
-1.818697461629792400e-01
1.236191965675280890e+00
4.698970787140401839e-01
9.309782149183467581e-01
1.699616260802327972e+00
1.749278359020737028e+00
-1.427311437447822406e+00
6.322317489692030890e-01
1.206357326319138501e+00
-1.584927603144593355e+00
-1.224978472441797805e-01
-1.386191452086641185e+00
1.674889990621421632e+00
8.758589176877116245e-01
-7.206175273490336153e-01
-7.239416221894856562e-01
-4.867924691473772825e-01
6.629012071005195850e-01
-1.535557583310351859e-01
1.427373210723992258e-02
1.195892379953194862e+00
6.279599886478290927e-01
-5.223615021953502691e-01
4.182596406720451299e-01
4.510106281693122554e-01
1.508489780419530746e+00
1.592936464325314105e-01
-5.778293232518372236e-02
-1.272970979671507852e+00
3.787339512149046072e-01
-7.463550704965351557e-01
1.144917094527020396e+00
-7.218942917255368741e-01
1.826156938324420054e+00
6.121273345412703293e-02
-2.001034895437490135e-01
2.082990395996020538e-02
-1.977832092308075662e+00
-1.216314813870021272e+00
-1.091000998931702881e+00
2.151820255261287507e+00
-1.689567921829562280e-01
-2.245520349476635147e-01
1.465119241854893062e-01
1.602710010826744025e+00
-2.500552194839984921e+00
-3.897389856719088996e-01
-3.133372582757054214e+00
-6.759788787579843472e-01
-2.048261548434125778e+00
2.155894660804936969e+00
-1.939422715717765477e+00
-2.489314480080293102e+00
-2.982774161528745083e-02
-6.710694329026800631e-01
-8.331009215782003707e-03
2.178776312095147105e+00
-2.279294168312373969e+00
-1.833401336563039052e+00
-3.793923298102104269e-01
1.685615620638332146e+00
-2.506601027325742859e+00
-1.166670786358613654e+00
-1.846437471790074003e+00
-1.335404943710276182e+00
-1.811476144319378978e+00
4.066136852552215686e-02
7.724233061708272174e-01
1.149708785443039893e+00
-1.310435941845632613e+00
4.666166233223156823e-01
-1.468256089138426645e+00
1.865324632702058949e+00
-3.928652452699674669e-01
1.484531633786822624e+00
-1.601749515736330842e+00
-8.959172680728908489e-01
-7.336947466773544591e-01
8.335757171729651915e-01
3.963832611526374450e-01
3.309009756034216210e+00
1.173195055250301877e+00
3.379775282794241775e-01
-3.729533705314089786e-01
-1.456685662641028944e+00
-1.411469971270855606e+00
2.717855325639249031e-01
-1.734314874760957359e+00
1.084816921868765327e+00
1.163702096285890164e+00
-1.533528414534397477e+00
1.329276251976692969e+00
1.701942970865570004e+00
4.392229947050214633e-01
-1.725338486195642229e+00
9.305277131359765974e-01
8.140295814876976621e-01
1.323571066512929661e-01
-1.354225097377978138e+00
-6.834393654703063703e-01
-7.210173200425966655e-01
-1.676611677739161088e+00
-2.960952674162631748e+00
-2.663455869459390613e+00
-8.250842819190546962e-01
-9.492785648188579728e-01
-1.139817926089702560e+00
8.996469461307485815e-01
1.541506183104262462e+00
-2.283404611475481794e+00
1.035656332852844308e+00
5.567489486795196285e-03
1.466296628269756042e+00
6.344313126696610183e-01
1.004306143625507630e+00
-1.368949200672355815e+00
2.526420116980494512e+00
-3.725121346049151683e-01
1.774083429163797021e+00
1.584532399574703376e+00
1.965064308915516200e+00
6.943008335098044270e-01
7.266989119859772472e-01
1.497526534412063626e-01
-2.209755358310133921e+00
-6.785368067353250154e-01
1.023524065848437914e+00
7.876543455049000997e-01
3.263560341605575843e-03
6.874286611830342508e-01
-2.027566426778085962e+00
1.209188477475938939e+00
1.401597363879735880e+00
-1.333152280337025708e+00
-1.771779723354085512e+00
-2.050749943226287897e+00
5.845652247663082335e-01
-1.425959013334345826e-01
1.463356756664087044e-01
7.853120449559458649e-02
1.572840010346654438e-01
-1.547109629217677806e+00
1.399774093017414067e+00
9.313894649763483358e-01
1.684221765077507982e+00
-1.781850743414767901e+00
2.227061413700235804e+00
-1.729264855597596462e+00
-2.318220470437458935e+00
7.207174961250473189e-02
-2.691723763346685061e-01
-4.609022498818315938e-01
6.555799818583007976e-02
1.684554914070637288e+00
2.115981240311067602e+00
4.633486207937131951e-01
-2.742359769363254429e+00
-2.277188389757282216e+00
4.101788396982808393e-02
-1.419516490291314881e-01
1.316886869553465900e+00
7.804039983338251218e-01
5.649068772939358496e-03
4.119363400946749465e-01
6.977193222216140356e-01
2.933624290362697451e-01
-6.767865258294580855e-02
4.077933840961778245e-01
-9.062245390641621157e-02
-9.919602091395010035e-01
3.765427113301278439e-01
-2.380337046126088651e-01
-6.973126992283358305e-01
1.603713141094758043e+00
-1.234098702792528535e+00
7.970323234266443180e-01
-5.565747012271629046e-01
6.072891803959423740e-01
2.477356307631161769e+00
-9.533379901846092963e-01
8.287525256304926202e-01
-1.887979362681047490e+00
-5.212188805132642599e-01
1.541333350726779017e-01
1.184658118213425482e+00
-8.899721149979811230e-02
2.466621054109005229e+00
2.494504385868644647e+00
1.105277542272498081e-01
-1.466127224948543528e-01
5.218665167954137374e-01
1.903683787890942725e+00
-1.247528828247500776e+00
1.254055876996721608e+00
-1.011017419576525356e+00
-2.931334726465850693e-01
-6.569598620079180051e-01
-6.214740280960047158e-01
-5.346087914323911505e-01
5.362360074619223482e-01
-6.939142538085132372e-01
-1.990277289265661942e+00
-1.552904338166278375e+00
1.307643212787390041e+00
1.642750293032123388e+00
5.193311975968821770e-01
-1.127880182035587708e+00
5.400594988618401260e-02
9.879420450853837465e-01
-1.478068956999305517e+00
-9.406323005039007867e-01
-1.776084997802522825e+00
1.107316235441841989e+00
-1.511625955996560577e-01
-1.087887648326726353e+00
1.136440881131399294e+00
-6.009132458066783755e-01
-1.652157622400789450e-01
1.627894586353207274e+00
1.308402713223015823e+00
1.186877820971639963e+00
6.810624998632288651e-01
1.954617776720819933e+00
1.422418068182213169e+00
-1.466019440006618879e+00
5.211656496651144721e-01
1.759749949536180580e+00
6.428199665217633196e-01
-1.129935434888480472e+00
-1.038622712649752700e-01
1.089137423485709633e+00
1.325120562010864589e+00
-1.579102845887074835e-01
-2.366956981554508843e-01
-3.727680126676755634e-01
-1.460321832989728286e+00
-7.625580292920890457e-01
4.998565008051292224e-01
5.397960764816120971e-01
-1.909256628823606583e+00
-1.297242129672243394e+00
-1.393330470454039904e+00
-2.435216710929566375e-02
2.147993963097314385e+00
9.331998483533778810e-01
1.690134845056983082e+00
-9.427577115287881782e-01
-2.756570172408153052e+00
4.780814320058679456e-01
7.283535068727253758e-02
-2.818818150896834851e+00
1.070616631266371854e+00
-1.192270660616792100e+00
-1.691714514006537495e+00
-1.667216281611834550e+00
9.508724682554792196e-01
-7.027487418614288828e-01
-4.074731339034807220e-01
2.602389887726195283e-01
2.021293408290359750e+00
-5.102316204962384916e-01
-1.297262874597155946e+00
2.674087173015553986e+00
-2.630121140104641597e+00
1.377135292724190663e+00
2.545047355628717867e-01
1.278440883285316687e+00
3.186370797783197872e-01
-1.359309535531858515e-01
1.563312780805369506e+00
6.915830696978009229e-02
-8.163870478492096794e-01
2.367584740675403587e+00
-1.882535621728188779e+00
1.747902805677972182e-01
-1.826796357530855452e+00
-8.778219835453926478e-01
-1.214325599970403236e+00
-3.660190386621779979e-01
-3.130636435557123676e-01
8.468201835813538025e-02
5.964484863240402390e-01
-1.001995208095795675e+00
1.744132904588489907e+00
1.152637223680699208e-01
-7.628502227321929396e-01
-4.864073653535481156e-01
-2.083147133020761821e+00
5.110747455240085557e-01
-1.218336477485337799e+00
1.276318150316519962e-01
-1.552267022781018468e+00
3.879635593420491801e-01
2.716367885677808403e+00
-8.955215662677940003e-01
-1.208121792965017871e+00
-1.596996542663224883e+00
8.033418074142106846e-01
1.207055984245204883e+00
2.374040797566358663e+00
-6.891593353147840162e-02
-5.616945232551815437e-01
2.457909265118098929e+00
2.841042106316516325e+00
2.457656950151720920e-01
3.978738186566580737e+00
-2.908688165395600933e-01
-9.317134835012943483e-01
-4.751229889609618340e-01
1.270553167373891235e+00
1.596171443117464506e-01
1.757814024624780203e+00
1.072657829707157617e+00
-2.356257938284773701e-01
5.030311994337672843e-01
8.697794372767662097e-01
-1.259097458790502166e+00
1.391279120179868656e+00
5.294964826332630992e-01
-4.678447643849814597e-01
1.157068162849106407e+00
-8.017540263473694750e-01
-2.217278438936625129e+00
-2.239414120837768252e+00
-1.858143789050448191e-02
3.376582460788926099e-01
1.108091930859411711e+00
1.710344531418587444e+00
8.353346727667165794e-02
2.308600291387204351e+00
-5.226609836377811291e-01
-1.191882049872266869e+00
-1.389539624072611002e+00
1.876438968113733452e+00
2.524055769263085836e+00
8.737342660456617338e-01
-1.221162332395864247e+00
-2.538079580485828046e-01
-1.664911622542846192e+00
2.044682622816297979e+00
-1.171716948871033726e+00
8.745981542853442647e-02
-2.736101829958778708e+00
-2.040529711883918296e-01
2.712323626902469087e+00
1.582910425044694591e+00
1.221044564287577572e+00
-2.604759051498212852e+00
-1.193443621936927990e+00
1.582827599672954832e+00
-1.262244531021334826e+00
2.013692472625027818e+00
-9.563391901873261602e-01
1.846327550158708419e+00
-1.661988549181909303e+00
-2.811880707790646028e-01
-3.738454299176794393e-01
2.559318428912197518e+00
-5.898670061262798470e-01
-1.226480760793553504e+00
1.259417842059061599e+00
-5.706134755475904541e-01
-3.890876253502364435e-01
1.273104729484753506e+00
-9.732749392362141094e-01
-8.370836986156486859e-01
1.632942321696436494e+00
-1.382739087154574165e+00
-8.351747014538819514e-01
8.661897125888797788e-01
4.578890111459177348e-02
-1.471343671168181544e-01
-1.405445807843512807e+00
-5.629234647616714327e-01
-2.952913421310121578e-02
1.011666011413375976e+00
1.189031507331015369e+00
-1.063031227463905992e+00
3.786389483920951093e-01
-1.462223706232672615e+00
-3.738038265326557585e+00
5.058403225503464995e-01
3.075833047399214593e-01
-3.364062306369710598e-01
6.657641209582978448e-01
-1.667027856602994795e+00
-1.433982734373699941e+00
-2.728231324279693837e+00
4.833583690806158017e-01
-1.359338643507442157e+00
-1.335947165847528595e-01
3.665904245212978196e+00
-1.166323018740968998e+00
2.838797295589719383e+00
-4.250039292553324799e-01
2.548772436155566368e-02
1.142095179994671028e-01
4.153037694461847451e-02
-7.212864579040596524e-01
-5.781241056799091282e-01
1.579594612246010499e+00
-9.342380858617769235e-01
-1.955152168405494884e+00
4.387549387778397758e-01
1.851044411298001791e+00
-1.015381042415230084e+00
-1.440325420447612359e+00
-1.057286096553884835e+00
-9.094194079922122143e-01
1.467101221684496970e+00
7.764898460757141407e-01
1.479501234252493802e+00
2.135182067831678410e+00
-2.969627467316104941e-02
2.783818563985089867e-01
-2.403426213969125591e+00
1.479791907267415496e+00
1.872847894028126348e+00
7.348230888369862157e-01
-2.160463056108319790e+00
-1.617690340651953385e+00
-1.397395902640046206e+00
-5.307258885659376091e-01
4.030721272986639292e-01
-3.593581438360553548e-01
-1.450696250988583458e-01
-1.372634641563188485e+00
-5.488174206545313183e-01
-2.108317919649426830e+00
2.485030048328660257e+00
2.075503225829314680e+00
-2.223481581595354584e-02
2.233993447181208403e+00
5.900095623978165449e-01
1.470778245424115838e+00
-3.256473748574837401e-01
-2.636095130130964748e+00
1.435793809252562170e+00
-7.114837595251239932e-01
3.051301643032946487e-01
-1.058435256548542647e+00
-8.647504889670338812e-01
1.563390777007304777e+00
5.547782447950844187e-03
2.140751256925890189e+00
-5.001459637028524696e-01
-6.439244070327969638e-01
9.104404065424329673e-01
-2.118337733416923996e-01
-3.619316628401216818e-01
1.312689933223039063e+00
7.300434027734379328e-01
-3.773400745480692819e-01
-2.351985233144362475e+00
-2.716602971476662631e-01
1.855514092239662460e+00
-1.276658032985209967e+00
-1.551772327345068092e+00
9.402481354817338044e-01
-2.595956821768294454e+00
-7.163924289672340961e-01
-6.499088640853312171e-01
3.237843908550896543e+00
1.532578083732639485e+00
8.372781537886533343e-01
1.979561132526892919e+00
-1.107210853957678154e+00
1.551940155486795092e-01
1.962883436633866552e-02
5.332459381372780527e-01
-5.989770145083728181e-01
-4.165255146684962995e-01
7.949644626638994183e-01
-2.685340073257860283e-01
1.390461048874356287e+00
2.476690126198645814e+00
-1.129108351708723035e+00
3.839080879471215013e-01
2.951251814263677886e-02
-4.979895915142140694e-01
-4.822975779540881192e-01
7.947546636779438956e-01
-1.694699536748611735e-02
-2.529828618154140063e+00
-7.687372415012836413e-01
5.561863667799293864e-01
-2.370116165354083648e-01
-2.915756701511589721e+00
-3.575740898139470048e-01
-1.371539881088232882e+00
-1.874315958366985502e+00
-3.044445630032778904e+00
-1.886236749479502706e+00
6.752507269290317637e-01
1.422000619367747021e+00
-1.290729187972841085e+00
6.060113218405360769e-01
6.456497105202849696e-01
-2.691795912426145243e+00
-2.048855708709471202e+00
-2.360105245171117083e+00
1.005692914844285468e+00
1.006195856625184071e+00
-3.542307589813020741e-01
2.172933104955239614e+00
-5.830283952281298809e-01
-1.070418255311613720e-01
1.869450831424881443e+00
-6.835955258197987661e-01
-1.461476206490806007e-01
-7.111818422830564757e-01
-2.547733868220971587e-01
9.442847105326723778e-02
2.114900412407806130e+00
-3.845100277371944486e-01
1.560444665836513423e-02
-2.572030961036810837e+00
5.046403134450940797e-01
5.065233912167910191e-01
-3.080658757980786255e+00
-7.882145832133007346e-01
6.193107181678039197e-01
1.880011823726278841e+00
-1.276923293600696674e+00
9.533628482405571702e-01
4.781689907196415845e-01
-8.078052256291456956e-01
-3.983113946335850031e-01
1.252096196021748042e+00
2.635186190983862531e+00
-1.402740166487484785e+00
1.818208577104572399e+00
1.087529846686660306e+00
-1.445982623774486608e+00
-4.568611658348489257e-01
-1.968515324309020542e+00
4.153137413051810611e-01
-1.084127485520803624e+00
9.314871048785136054e-01
-9.587605824188862869e-01
2.783906786539871447e-01
3.674129960465046807e-01
-1.860554320836920184e-01
3.451313673285909545e-01
1.534360412848233324e+00
-1.227258731615568088e+00
3.998821272904908852e-01
-1.293201717558231323e+00
1.408238659495633982e+00
5.206595335868762220e-01
-2.084068881964771247e+00
1.899801843265489509e-01
2.251395279861323928e+00
-4.958522412495032228e-01
-1.540141423319123515e+00
-2.027401239689237133e+00
-1.305262885246224691e+00
1.566666372614360370e+00
1.745931596043242884e+00
1.609234818160293123e+00
-2.939200833324657758e+00
1.217661803649439989e+00
-9.059772770640215356e-01
-1.956071103447194037e+00
1.361968963172044411e-01
-1.185626975238958103e+00
4.154589415840828082e-01
-8.471270624970026475e-01
1.064471417160750555e+00
-8.309442363522645536e-02
-1.884255648009397710e+00
5.924524558451382816e-01
-6.841484130530970376e-01
1.074734122831195293e+00
1.431067887325423449e+00
-4.029779120635499368e-01
-9.983967472790276076e-01
9.175341574854716242e-01
2.958696345342881173e+00
1.881812752347347129e-01
1.170013895684718364e-01
2.034123929145719600e+00
-1.365143271374789080e-01
-7.294384775980873314e-01
2.218582660142153884e+00
8.603407242062992566e-01
1.158529061039455854e+00
-2.933401380963758243e-01
3.503008907248387871e+00
-2.921760460441509721e+00
-6.551193173112324075e-02
4.697007727407696009e-01
5.938550699679367995e-01
-1.482482395707203082e+00
1.485505358151759658e+00
-6.937042403589357420e-01
-3.852597725100679327e-01
5.002509422666960859e-01
1.217860826209051339e+00
1.700916687464388843e+00
1.195290108627665049e+00
-1.540693106939578172e+00
1.742734862792355344e+00
-9.841588813138564262e-01
-5.220850348660475149e-01
-6.257232976621720510e-01
-1.071264845186022718e+00
-6.120517327247130268e-01
3.567153095790089878e-01
5.608869421053386262e-01
-8.922781756667177433e-01
5.840028776582251169e-01
-1.506909098385360579e-01
1.141218007227741360e+00
4.883529641573307600e-01
-1.362309738144942273e-01
6.653652101126716900e-02
-1.299113115736337143e+00
-1.232884528849304218e+00
-2.283084924360743173e-01
-1.531290895490728499e+00
4.024598622888664323e-01
1.028416357797972580e+00
-1.143180986441947322e+00
-4.781070385589991645e-01
1.431024096462863326e+00
1.749580839175814972e-01
1.928285148565129781e+00
-7.604574947572499966e-01
1.316319608719419776e+00
-1.355141665082041591e+00
3.930090279669462561e-01
-5.191180944362372429e-01
-8.733751481161542429e-01
2.128467648592739181e+00
-2.015916479894066526e-01
-1.666232093976449669e+00
1.782880282848351428e-01
-1.629895423984071723e+00
-2.358266939591828759e-01
6.560895232179442260e-01
-1.984079727114309577e-01
1.840152990109894304e+00
-1.005118504773396815e+00
-1.051621944250049623e+00
-9.914562660921744097e-01
1.748579812963645175e+00
1.851341551871810154e-01
-2.849635329707496112e+00
1.698746692580986206e+00
1.009460724466133996e+00
-2.262286562183852823e-01
-8.064486481196126988e-01
-2.028237718114918042e+00
2.502914429890878978e+00
-2.597735436861352554e-01
4.290306534397601013e-01
-9.918992571607576636e-01
-1.264817011568020177e-01
-1.822709300335288773e+00
4.890212579027419793e-02
-1.529235931858166087e+00
-8.743220040015575734e-02
-1.333785258410636665e+00
6.830630825085979296e-01
1.270112771951387387e+00
-1.361991535348397342e+00
-4.386415846272218033e-01
-6.089228917004776420e-01
-2.896052709018102078e-01
1.017412838471010161e-03
2.947548439307007939e+00
-6.175122791328790939e-01
-7.311740301031122158e-01
-7.649280586419671124e-01
-1.181730181313198624e+00
1.877550992458152379e-01
-1.378990934830035542e+00
-1.056615507052436342e-01
-9.334706431446981867e-01
-4.006975762344406888e-01
1.802232306329347722e+00
-2.280643033047153878e-01
3.195774217113839910e+00
-3.416633830102143499e+00
5.365238626652910625e-01
1.050802992248862644e+00
-2.036633708421299538e+00
-1.387436300747152629e+00
-1.446994183834128478e+00
-8.523259548662878160e-01
3.056489472138162355e+00
-1.167402074511855403e+00
5.627580264729399318e-01
1.895827540602564198e+00
-1.484290867413864401e+00
-1.012388213381951729e-01
2.016587044756348313e+00
-2.031962654320471628e-01
-9.408594102505256629e-01
-1.215943799192152674e+00
-1.722051216707043420e+00
-2.605809179779816631e+00
-2.520534538579470407e+00
-2.562547507618475606e-01
-2.499115453627798189e-02
1.591299152683813389e+00
-3.928707559943953598e-01
1.975282897148470163e+00
-1.773702751565719105e+00
2.349908097778472538e-01
-1.076156061776964989e-01
-3.870516760783980992e+00
-6.655777333329204737e-02
1.587179177739610481e-01
1.449155591006707766e+00
9.454877395684242458e-01
-1.739297007689393215e+00
5.365451334640312098e-01
-2.687334272841770400e-01
-9.182419800925156750e-02
-1.911787039958914303e+00
3.655245488640161966e-01
1.842060557894960482e+00
-4.796730316933368599e-01
-4.672727820424427136e-02
-5.360892643212169517e-01
-2.393276406700761694e+00
-2.248888726326701004e-01
8.577555401443062166e-01
1.392561258369893196e+00
-9.033824182026188865e-01
1.906333520665515202e+00
-1.044233825831414109e+00
-7.677921571751014085e-01
8.883207578536014282e-01
-1.065360746783943213e+00
9.212403531049515593e-01
-1.096530468144782056e+00
1.294176406969748783e+00
5.783051928406663933e-01
-5.382441004236424575e-01
-1.871064570324395326e+00
8.362828879375605595e-01
-1.776461941720768323e-01
-1.171236507155009932e+00
-2.784541554395524976e+00
7.490691727158180768e-01
1.105344189117101195e+00
-5.900681699118717205e-01
4.244631719634579525e-01
1.434810071187166969e+00
-7.930071005367311798e-01
6.732763531034979820e-01
1.177057374182274074e+00
2.497238508000183543e-01
2.484756869769331189e-01
-2.664490741047638167e+00
8.355130738076912422e-01
-2.787845248635676398e-01
-1.797855336254914338e+00
-1.304288486287850546e+00
-7.075204187001737921e-02
1.175942317554810934e+00
1.482601050525049757e+00
6.422595992118909081e-01
-1.499715669228673942e+00
1.215588306766335336e-01
1.070182614155750223e+00
-1.428868413613864075e+00
1.995730561120378610e+00
1.703863867844824576e+00
-2.157245819552109367e+00
-1.389105333269365694e+00
1.493655274979040826e+00
2.254266762221810438e+00
1.515598335938822316e+00
3.784664564416218013e-02
2.540913646227185296e-01
1.015816861715823194e+00
-1.207576388470829709e+00
2.436803267152345853e+00
-1.148706969741217776e-01
-5.324628423199317950e-02
5.277253077441068640e-01
-3.084080267438095824e+00
-9.620707320600088153e-01
2.294706097557206448e-01
1.001134747352124599e+00
8.711254842985827196e-01
-1.489560389509247074e+00
-2.070414563278105469e+00
-2.190774458286102622e+00
1.752045544756536621e+00
3.779819070924190783e-01
-4.935275007634620792e-01
2.469654136196268723e-01
-2.031282444673291998e+00
1.088236250579083020e+00
2.257102272105724339e-01
5.346460514242155071e-01
-4.085342620295824290e-01
-5.375442063945872206e-01
9.884646416790365819e-01
1.040713278087077143e+00
-2.661337598895504364e+00
3.346968483551373552e+00
3.556611238725384538e-01
-1.433052678723187867e-01
8.510658939981352589e-01
9.701198863750617463e-01
-1.161912032539127893e+00
4.563041877698736926e-04
-1.518956810116411482e+00
1.224145101975723016e+00
-1.832627569552537139e+00
-6.046529084212171057e-02
7.960741884351030251e-03
2.690161018158686801e+00
-2.886366494622532031e-01
2.279238806661965100e-01
7.822980271172186306e-01
-1.542807600384918931e+00
-3.478515585505756569e+00
1.494936449505703813e+00
-2.890707521815740311e+00
9.727719903642633170e-01
-6.296141188985870940e-02
-1.841318572123408881e+00
7.587888572350394156e-01
4.714527697835535491e-05
-4.908582655089368529e-01
3.725824395784975707e-01
-1.567001488538953602e+00
1.626455281282554566e+00
-4.784780813072551098e-01
-2.943571355143543400e+00
-2.298386162383367903e-01
-1.198453364766678408e+00
7.366637058666478666e-01
9.858018154838781300e-01
1.457946175983870774e+00
-2.404515532177863513e+00
2.189980704120414678e+00
-4.364928240401262372e-01
-1.339990488460994555e+00
2.065064593808251914e+00
-8.276222111097304435e-01
1.056095870307908413e+00
2.015746301043800592e+00
2.619547357279696342e+00
-2.324816275798842202e+00
2.070829008105921076e-01
2.255038738580569024e+00
9.362511444300327668e-01
-1.532889841898296801e+00
5.329187497067264800e-01
-2.891413015918200546e+00
-1.521444435592204769e+00
-2.692281997038783015e+00
-2.248493914648278746e+00
2.268505159349505362e+00
1.250442802884821347e+00
-1.810134440086388796e+00
-6.077138731140436789e-01
-8.051874244568058003e-02
5.311068175755835341e-01
1.209189309267655332e-01
2.038826033961107953e+00
-2.496908005899678429e-01
1.962801495014792508e+00
-1.785366227222606739e-01
9.104208658068166926e-01
-1.306921920901063405e+00
-1.847639951256230262e-01
-2.119533347303761417e-01
1.226993154517723283e+00
4.264787545032522331e-01
-8.925653504289812190e-01
8.601954593721163889e-01
7.467452356802795066e-01
-8.587718116846332350e-03
-6.697054473703678568e-01
-1.523895540672896676e+00
1.366122608819644313e+00
-1.927389216844839215e+00
2.872657768901607511e-01
-2.146012858442869486e-01
-2.619936412760027977e+00
1.166418380947405353e+00
-6.077517251132933396e-01
8.865954486978724347e-01
-1.302356595215340640e+00
-1.345560391831621683e+00
-2.773240037117548074e+00
-2.530282934826187713e+00
2.477299480287928901e-01
-1.062368889824185647e+00
7.137269182958547731e-01
-8.680590080212908788e-01
-2.176403009357495755e+00
2.659160178991317736e-01
6.077690648568019327e-01
5.247788628898764074e-02
6.359068894282184914e-01
-1.697621406454076443e+00
8.749966542116656143e-01
-2.264224505356224881e-01
2.951814301393102191e+00
-2.593280533994075654e-01
-1.185168793261857090e-01
-1.331198266989712664e-01
2.462278212783904685e+00
8.894994464318024541e-01
1.627817122650339066e+00
1.233545298715553074e+00
2.283729974769510562e-01
6.200187665540513038e-01
4.797540359920606790e-01
7.119841994874223090e-01
5.302526458262013520e-01
-1.081430795047009230e+00
-1.043567400089527197e+00
-5.318550215100188439e-01
-7.939200730589579535e-02
-1.702384312528559818e-01
3.124831589391167341e+00
-1.823107432406170236e+00
4.232373032416427705e-01
-2.890042347627881369e-01
-1.089801583730968026e+00
3.632666854526318545e+00
1.781506461125035301e+00
9.135222796932138678e-01
-2.986956961078011119e-01
-6.715706045386706791e-01
-1.488731840519015748e+00
1.816773320667383729e+00
3.743013945071353987e-01
-8.010606048366621934e-01
7.532531648594185114e-01
2.613458220471009952e+00
-1.211332581101398631e-02
-4.418314189167453776e-01
-3.098858377396309649e-01
2.541831274085399883e-01
-2.355470885636225198e+00
1.525985610560656625e+00
1.879107036831372035e+00
1.689942108195844561e+00
1.495304850735807989e+00
1.269259252904884505e+00
1.482536306139201621e+00
-1.476875767053689170e+00
-9.360378042735533199e-01
2.184125644996253612e+00
-6.127452207476054014e-01
-1.337757603509214022e+00
6.121762810412390010e-01
1.266038084124199159e-01
-4.782239971798878386e-01
-1.408699507844667131e+00
-6.232913983377947886e-01
3.494580052059248487e-01
-2.947276431425107646e-01
1.015639058939310502e+00
2.784710671966648121e-01
-1.097115274930153817e-01
9.274616286224368622e-02
-2.469141938748407039e+00
1.101528139306592102e+00
-8.439100361353748525e-01
3.329159855337131546e-01
-1.920843717036724296e+00
-1.280066753347421926e+00
1.913356641419845516e-01
2.670102881438392473e+00
1.879128390130389903e+00
1.299338388268678202e-01
-3.247081880520732877e+00
-1.265684847100096988e+00
-1.661929148998372519e+00
-2.479694762977449507e+00
-9.054435361939905391e-01
3.133263298265188013e+00
-1.123920195887873064e-01
2.344169569937943898e+00
-9.101035433986739420e-01
-6.941045723971033254e-01
5.316597315624358444e-01
-9.941715845406795538e-01
6.559102859189858137e-01
-1.221113988194428401e+00
-1.211014262142301234e+00
-4.130890120836943069e-01
-2.194920082209311119e+00
-2.229886848723108272e-01
2.198283602668192671e+00
-7.185353781574796983e-01
-2.177770736088309178e-01
-5.642774597121045232e-01
1.043344939949259143e+00
-7.238185831097263545e-01
-2.118377961897847328e+00
9.565723212671048969e-01
3.330769407181328745e-01
-1.205210707451311869e+00
1.096704625388850829e+00
8.623092532515919117e-03
7.493903867793871854e-01
-2.193950619741684704e+00
-4.947780259048570883e-01
-7.627681653462552447e-01
1.871970638442341794e-01
9.013984445290095238e-01
-4.385700740037918877e-01
9.119101309320623017e-01
-5.689297518417602006e-01
-4.580843056018597537e-01
-1.215853659858655789e+00
2.073622042132969412e+00
2.573734226164283712e+00
-1.371533298498778919e+00
9.950277610508537762e-01
-5.026662811054105617e-02
-2.804703118547720475e+00
1.623921277236362926e+00
1.737983828539264586e+00
-2.032980385117086897e-01
1.173625831729601110e+00
-1.464286487025017180e+00
-9.790272807220343765e-01
-2.443153797463523347e+00
1.697878348371037127e+00
-1.406437184389099038e+00
3.463756502689125938e-01
4.616934437992483709e-01
2.404370722658365267e+00
-7.978858179859136257e-01
6.733127154359870303e-01
1.133315178011170765e+00
2.679785318053902188e-01
-3.484060481642918816e+00
-1.770817643366883409e+00
-1.287274616021309992e+00
-1.296932999944202081e+00
5.275120056245441447e-02
8.322061375800053895e-01
5.082327460348317061e-01
1.759162512194141215e-01
1.520646832472616339e+00
9.437818644637241405e-01
1.359303905482612151e+00
3.349978705445808558e-01
1.382164724842017911e+00
-1.169211680470778614e+00
1.698209142891947465e+00
4.320688665055971711e-01
8.517614831835329525e-01
-1.008883010991829643e+00
2.067381805426620645e+00
1.148275244545695628e-01
-3.910224664339425615e-01
-8.235544720045222533e-01
-1.187223811541787910e+00
6.689299440918734518e-01
-2.935878101135303453e+00
-2.149612914764022165e+00
3.944878249044991847e-01
-6.116553885303464000e-01
-2.077675749724618548e+00
-3.332036161440985467e-01
-2.189099393626397383e+00
-1.230272874296736596e+00
6.097071270841682988e-01
-2.164159437866825186e+00
2.432195073148149866e+00
2.970578756851516289e-01
3.504093308800806383e-01
-1.543396149658281757e+00
-1.815322943513746345e+00
1.507094387323841822e+00
8.131117444923567916e-01
3.361570075805282443e-01
1.409917387340851036e-01
6.826113574547054696e-01
-9.299045538844108449e-02
-1.686211881822456959e-01
-1.442883363626283000e+00
1.231623839096740447e+00
-1.172502968458155603e+00
4.847161556491164092e-01
-1.007262940883332014e+00
1.022653239097872202e+00
1.046646749800377307e+00
3.246321111430647832e-01
8.640586911846099838e-01
-1.160048384415060418e+00
1.988068113866460429e+00
-8.512059920239796185e-01
1.813827969732964895e+00
-1.927776308917164005e+00
-1.225195307835687863e+00
2.413254022676727395e+00
2.523303059231809087e+00
4.354779353141005060e-01
-3.030077972450526680e+00
-1.516328497522908769e+00
-5.900262896890584585e-02
2.886772148994705134e-01
5.857576096858609915e-01
2.066821027434803781e+00
-5.487331695421406863e-01
4.458837385184653002e-01
9.026643604939179610e-01
5.457079860379954184e-01
-1.287991750890053577e+00
-1.598665388782745111e-01
3.262007528931668787e+00
9.694640617569305618e-03
2.341662342668529462e+00
2.564053165658975786e+00
-2.441056704146058465e+00
2.498242789368196881e-01
-1.579537952733381267e+00
2.422610644373861533e-01
-2.978093571193860090e+00
-1.324409132906344766e+00
1.140671567780344731e-01
-1.851401924660795117e+00
1.956598021245077312e+00
1.384566167568152650e+00
-1.789585090925414068e+00
-2.722203099738429444e-01
-5.900874275034118099e-01
2.932251602332768492e+00
1.509208866883793299e+00
1.643126968359136519e+00
-9.495549723745888571e-01
1.530997570018524101e+00
6.257850244243625681e-01
-1.056530065363889825e+00
8.348447194741357436e-01
-5.383054429522902140e-01
-1.086966875266874855e+00
-2.146859769019400233e+00
7.088582166189194567e-01
-1.355833909175617968e+00
-6.598750021987314085e-01
-1.252732118590738075e+00
1.187199402663181580e+00
-3.212098691686067653e+00
1.213076821426351870e+00
-1.186871321136420132e+00
-1.474104356360118828e+00
-1.554987302283326045e+00
1.827805542747992007e+00
1.000222925226598392e+00
-7.120545478108795123e-01
6.692520178844443279e-01
-1.133653968601475714e+00
2.377499496084869435e+00
-1.264437576859553047e+00
9.345032834001640865e-01
5.304409059540837745e-02
-2.143064613773255633e+00
-1.180714597369185714e+00
2.600825092970779906e+00
-4.589872937663956876e-01
-7.367892014792172262e-01
1.457054026860049589e-02
-1.480509513300769520e+00
-5.384302756040151294e-01
-1.180219708627667341e+00
1.753220180737660172e-01
-6.510110226655729804e-02
1.651465337864388871e+00
-1.669066411822709206e+00
6.422662892230590614e-02
-9.857842281434727738e-01
1.210191457908632806e+00
1.102455539575889709e+00
-1.017936090660574777e+00
-8.933514628850272032e-01
1.338344797038049094e-01
5.857879550273894509e-01
3.096202378909795883e-01
1.522871841717089225e+00
-2.566164110102526763e-01
1.519929393821630725e+00
-7.730811180152432627e-01
1.155932516258612708e+00
1.722418394440281553e+00
9.841505616453263272e-01
1.704628171296398875e+00
1.929209489009671152e+00
-1.198951252188775296e+00
-2.895788015152547246e-01
4.922654347709345402e-01
-2.011412484593029237e+00
-2.501812390033482103e-01
6.629301622767780344e-01
1.589772930465587208e+00
-2.177765860451783553e-01
4.793645800495216491e-01
8.941678020769696644e-01
-1.594184197980623718e+00
-1.401381216304802280e+00
-2.994374470160038992e+00
-2.437707599005674020e+00
-1.756995566056761326e+00
7.270775393684321131e-01
9.975899506972734088e-01
-2.250462486813102458e+00
-7.943754290373146176e-01
1.083637487072443228e+00
7.587784009208045077e-01
2.531257992437350168e-01
-1.207110436082575511e+00
-5.672666241447785751e-01
-1.576608145164759112e+00
-1.856952423331375002e-01
-8.588254591859021403e-01
1.750742902931547995e+00
9.578965525778526668e-01
-7.015185405903325844e-01
1.669020124786053216e+00
-9.798985467395979754e-01
-2.316447684046401001e+00
2.166883835083663890e+00
7.340077523156445238e-01
6.315582614801158456e-01
-1.510415627376895387e-01
1.949813254622356773e+00
3.534706026234850640e-01
1.256179712579148955e+00
-1.522149419327416542e+00
-2.422383492005068639e+00
-1.616308070940679631e+00
1.296160387947042913e+00
2.434154498270826750e+00
-2.018124682563064543e+00
-7.601257167044463969e-01
2.176990518582222478e-02
-3.940943691014382466e-01
-3.056036322494248392e+00
-4.197493586892644402e-01
-2.139264789878518869e+00
-8.067248912652305037e-01
3.807496845317555056e-01
6.415729193372534667e-01
2.197014194511197616e+00
1.074525368806735770e-01
2.147597690217963873e-01
-7.363591507422118099e-02
-1.380525570230862087e+00
1.698754160615258968e+00
-1.272029601196926762e+00
-2.274666037266150909e-01
-1.619955711852629321e+00
1.294020118134088904e+00
3.949852700492950675e-01
6.449797594375539234e-02
2.244357089433464125e+00
3.478018005869110141e-02
2.111308787263574516e+00
1.246105131120778253e-03
-2.980892754457373783e-01
-4.423606866323046560e-01
3.213460077509342483e-01
-1.833252820061814337e+00
1.963740485830856031e+00
-2.257503854407906019e+00
1.524703630015738831e+00
-1.408088503841167238e-01
-1.716825443035254750e+00
-1.295280618242656168e+00
2.357916093888334785e-02
5.019086667440024740e-01
-1.777537607752654125e+00
-2.558136382496556394e-02
2.325064570456882862e-01
2.698226821918128238e-01
-1.307829963485386937e+00
-9.402728262576749430e-01
2.063617249623863614e-01
-3.281691388002769827e-01
2.624869589761916089e+00
2.095444468441531427e+00
5.614116205608166155e-02
-2.075682816540700415e-01
-5.721727599191854807e-01
-5.340719062982914878e-01
2.063387157438116404e+00
-6.473099761622700399e-01
3.055364652587998719e+00
-7.567050826549426290e-01
-1.686413969747500019e+00
-4.154136120468878701e-01
1.030153387892291050e+00
9.527389282452958241e-02
-3.967141476361231156e-01
1.687421978150551283e+00
-2.240195561485389675e-01
-8.078293384327750459e-01
2.267320786339888983e+00
2.032981026413194670e+00
-1.366752741797796489e+00
2.774841868961672731e-01
1.364427479407018140e+00
-5.042128682661726202e-01
-6.684087894578620848e-01
-8.775788799149486508e-01
-6.810331594772334185e-01
-3.784463319231834433e-01
2.867288848739359963e-01
2.101157212098476279e+00
1.888409267848527584e+00
-8.967889517527734000e-01
-2.649046540896371482e-01
-1.568187905727031595e+00
-1.241955005645704713e+00
1.060116930999360996e+00
-1.192550767917749610e+00
-1.275801861534212378e+00
1.027438653503702781e+00
-4.468154036544991214e-02
1.555680307665023854e+00
7.735244012055320084e-01
-4.167592211579140837e-01
1.830683956712793048e-01
-3.751550618612524701e-01
-1.228053719690995305e+00
1.424271247873878821e+00
-6.790820710870661969e-01
3.706292875560457389e-02
6.329993746248305797e-01
-1.032567529189182487e+00
-1.126659648958430626e+00
1.563346237286197038e+00
3.837245526810413310e-01
2.177542586512712930e+00
-2.857180510359471626e-01
7.801658033147829130e-01
-1.110932643753336890e+00
1.803743276163428888e+00
-1.554455116276865390e+00
-8.371190577253919685e-01
7.149116765639185189e-01
1.418559560997973534e+00
5.080120940073733493e-01
2.299286689417031404e+00
-1.089277075460749700e+00
-2.135285639816881798e+00
-1.233734186097326546e+00
-1.668895447177950686e+00
2.135480598354746462e+00
-6.050513831868684633e-01
1.696251047407947077e+00
1.354578559198471588e+00
5.316872570028241540e-02
3.391598766995363334e+00
3.645065109401812720e-01
-3.792589084114741382e-01
2.197131903979169465e+00
-1.622910667595789391e-01
-1.532302339268465374e-02
-5.283793333678978854e-01
1.876819827532921536e+00
4.392544875930504134e-01
-1.233458591966315687e+00
-4.011988676293123390e-01
-6.363430537735039749e-01
-3.527992047227197503e-01
-3.724897069372126168e-01
4.869045505389024697e-02
-1.212906750517222854e+00
-1.178541108732822806e+00
-2.492172731021016219e-01
-9.791309430658925450e-01
1.088929889876376400e+00
1.201341410745810911e+00
1.664405634282692503e+00
-3.046507317765685841e+00
-2.822403414938352118e+00
-1.754448606551592960e+00
-1.088131424377942302e+00
2.573642215624940555e+00
1.412788923382272799e+00
-2.903542620564358856e-01
-1.044070836515381906e+00
1.493167155115573408e+00
-2.758170373161528133e-01
4.388633849436365253e-01
-1.099587980717549485e+00
-1.568848421220442546e+00
-1.098368657901284351e+00
-1.910747639943025433e+00
3.368201707184486082e-01
2.425314136309966173e-01
-1.812619486697663262e+00
-6.097909585595910897e-01
1.840913076532930681e+00
1.494928574398366905e+00
1.121015980797732681e-01
-2.181576680921013534e-01
6.594792913948737123e-01
1.530989007181624117e+00
-8.846188050120735724e-01
-3.255238167693601525e-01
-2.514229506369343170e+00
-2.153213738896511131e-01
-1.113348866617386967e+00
2.480836335691449790e-01
1.677942559411071954e-01
-5.922584706712230584e-01
5.306502049694259426e-01
8.953544729745201991e-01
-6.904671384888940722e-01
5.641129175861543388e-01
1.443031907799493752e+00
2.028182451033233136e+00
-3.235167681265558315e-01
9.388645253026393078e-01
-6.433881716996836531e-02
-5.956666044244069980e-01
-1.330766654247129921e+00
-1.000711560322000260e+00
-9.845831100166426708e-01
-1.093838680721388013e+00
1.715386908730409665e+00
1.587093012087587240e+00
-8.731621015926425144e-01
1.097756772348087217e+00
1.427007831132653948e+00
4.294804960748130895e-01
-1.546191688672298170e-01
-7.756027375387439804e-01
7.421745467875826563e-01
-3.477994428971513674e+00
3.536259084254851359e+00
-5.997950987905822373e-01
-6.290358343863626800e-01
8.095855485028202736e-01
-1.160374890118427427e+00
-7.805637060169789976e-02
1.961278421138562322e+00
-1.408498408163580962e-01
-1.884093070468074949e+00
3.381636309730806644e-01
-6.597187918533498063e-01
1.918329611927543255e+00
9.360333796861688427e-01
-2.768473776795001839e-01
-5.935512706598062849e-01
1.193778728664893762e+00
-5.239540841675056626e-01
3.647816211953514909e+00
2.873124313471874913e+00
9.007873214818520324e-01
-3.390457830200270806e-01
2.019510322043675643e+00
-9.273690664405798145e-02
7.633819945087445547e-01
-5.539784661954119116e-01
-7.361172477096111777e-01
1.992660252621336170e+00
-1.325187679246186079e+00
-4.410224804852473923e-01
2.075447104238126173e-01
-1.460991131573585733e-02
-1.819865733605387614e+00
-9.284312579166016377e-01
2.784557735428887071e+00
-4.489298925937283968e-01
5.376847078839439575e-01
1.705093442456719899e-01
-9.738090105616761250e-01
-1.676696762066018920e-01
1.446919622501262381e+00
3.700659857246657580e-01
2.464887695214656560e+00
-5.271226487050588716e-01
-1.590723910939217944e-02
3.626494703412266318e-01
-1.721893386636339063e+00
1.053438600430318672e-01
6.762639429970747074e-01
-7.485231936349547865e-01
-1.962336870555372315e-01
1.109254348336738971e+00
-7.489040749439643818e-01
-2.213938520420368761e-01
7.947938838933499284e-02
1.562593717688210759e+00
-1.966383014397627527e+00
2.405707915180848033e-01
-1.239607057403782520e+00
1.992829636427337903e-01
-9.853516333761325185e-01
2.035439422421465139e+00
-6.462587641654629067e-01
2.231929986264546528e+00
-2.198503473624975779e+00
-1.640247714027569526e+00
-1.226873175222422674e-01
-1.527179902344462104e+00
2.520962584971000453e-01
6.793860845038146579e-01
1.129817396114339623e+00
2.146139999222565820e+00
7.072972550102569755e-01
-9.808047766723895222e-01
5.542605155235014180e-01
-9.622188191743052954e-02
-2.286239595211920772e-01
2.315881371986229453e+00
-2.086565128616797438e-01
3.202774771272878240e-01
2.020542862731563361e+00
-1.658598241782147653e+00
-1.114297054346657934e+00
8.209714886965171488e-01
1.425000986558135452e+00
-6.029481597177266394e-01
-2.127325837605874348e+00
9.523076310817879531e-01
-2.505470730681667035e-01
1.464655546565895250e+00
-2.228840315093040481e+00
3.479220595475659650e+00
-2.012383354071967556e+00
-1.930510367212553646e+00
-1.529004989349421528e+00
-7.727847697749314904e-01
-1.285542267891595092e+00
-8.538350775473801946e-01
-1.577409593976507374e+00
6.335295262538949146e-01
-1.502759742362030693e+00
1.323887005390822935e+00
-1.441497986145505283e+00
1.616074112769467774e-01
-2.431645100369745904e-01
6.689666056749263845e-01
-2.282035095636522737e+00
2.166323087271750936e-01
-2.311998929321497087e-01
-7.990884823334800657e-01
-4.795325885216001893e-01
2.167518030157689068e+00
-2.592865360501159788e+00
-1.811291088317227072e+00
1.646189552697062908e+00
-1.894538521868062375e+00
-1.191081628887692645e+00
2.318183837960289040e+00
-1.358058616018547049e+00
1.128172967618422895e+00
2.643851896337400476e+00
-1.027152992505157680e+00
3.295467016373958558e-01
-1.793125784934150868e+00
9.309907075631027595e-01
9.622434421225776191e-01
1.239792498743572224e+00
-1.762516512400749136e+00
2.425817808160648070e+00
-1.321391564062786905e+00
5.009463673773728587e-01
-1.711865380476682574e-01
-1.950659425297992300e+00
-1.805588827910222349e+00
-2.935308225473120203e+00
-1.836087510343297424e+00
-1.108768144875140749e-01
2.837243229431516411e-01
-8.825161325315562522e-01
-6.698512455943079758e-01
-2.262513892096214452e+00
-2.789397430700901737e-02
3.437477294048125742e-01
1.270641798905569608e+00
1.562834997200150511e+00
-2.696904154823464239e+00
-1.557985315444864849e+00
-6.680464295931010099e-01
1.396390085480893717e+00
-1.397842573464025406e-01
-8.669252967275404842e-01
-1.647838569073218462e+00
1.108442758894268465e+00
-1.045425300902605326e+00
