-2.742852858886735135e-02
-2.397711028133633349e-01
-2.800943930937123127e-01
-1.419018940294920483e-01
1.103083793798056433e-01
-1.079859516953430187e+00
4.649495791849300730e-01
-1.915536717703831826e-01
-2.639805896865174972e-01
7.503663733128540514e-01
-1.872695688450356499e-01
1.129088791008534542e+00
1.765432628103429380e-01
-3.508473025127134548e-01
-4.912058628270052907e-01
-8.344628937870908203e-01
1.381295114017308201e+00
-4.791367124686605194e-01
8.911130771498942948e-02
1.476822878787315219e+00
-1.220771118974042224e+00
8.770528213181361110e-02
8.697128560612465975e-02
-4.264397440033045328e-01
7.442745910665138354e-01
3.096080966446557170e-02
5.381145151555433159e-02
-9.586911829351549841e-01
-1.594277573172293572e-01
1.388531356820200457e+00
3.519904649756551152e-01
6.317054583937187218e-01
-7.060162603776021228e-01
1.215035499536817554e+00
6.654392891600471316e-01
2.622917433114926311e-01
5.561331650917269442e-01
-2.152729378358992918e-01
1.474993491104452659e-01
3.834859996939670168e-01
-3.964053954118371692e-01
-2.772136217530656310e-01
-6.899091908692875919e-01
1.068914247972263531e+00
4.357451657399291634e-02
-4.569220874675412603e-01
6.596785719928508485e-01
3.860635895838253617e-01
9.438615046072742487e-01
1.702308298347622539e+00
-4.434439690107963017e-01
-3.717051183758446342e-02
4.457344537154881436e-01
-1.318206787131157576e+00
9.108742976524730750e-01
-7.313534557382705970e-02
6.087345817232492351e-01
7.960559100387900600e-01
-1.108979430772860653e+00
-5.130842159479893638e-01
1.299865487960136790e+00
2.115521271053193431e-01
-1.839937731827540723e+00
-2.526274426605175094e-01
8.063104839301296067e-01
1.100991368111960966e-01
3.114155331563246421e-01
-8.359880033153608281e-01
-1.999599074062183846e-01
-1.017763054046083582e-01
-7.109842028501089928e-01
-4.540281127550525042e-01
5.961081592049772837e-01
-6.902176356016784808e-01
-6.868215361959801868e-01
-7.540092744262869573e-01
-3.252778695673539389e-01
4.695275504191434024e-01
3.448029481488621428e-01
-4.752629645410166859e-02
4.099296604584168335e-01
2.953297735494260223e-01
9.253375582798106791e-01
6.608949361025402425e-01
-5.319357100940633742e-01
3.642863227066950316e-01
3.311192678403056533e-01
2.532546958477439603e-01
-9.359912238157104269e-01
-6.839991621015863998e-01
-2.025937930124834807e-01
7.086855674991099363e-01
-2.325747815889194214e-01
3.094555763418842531e-01
4.873755096543419540e-02
-5.563365197335947698e-01
-6.752527626128639326e-01
4.477883524777688251e-01
8.498069033514390469e-01
-1.599583205650635165e+00
-9.562895069435262130e-01
2.350197908145528203e-01
-9.352051132518823806e-01
1.164811438419857126e-01
5.807708157831665829e-01
-1.013751797122941500e+00
-9.119792432651632197e-01
1.290697615404628351e+00
-2.572343216905501606e-01
-6.326161810352894932e-01
2.160215799803797410e-01
-1.322646812161520913e-01
-1.240517079939278400e+00
4.340135219463592264e-01
2.680874446226333419e-02
4.841677722736346112e-01
2.463837438114948597e-01
5.815752426679843268e-02
-6.066147843104472415e-01
2.191866663757995326e-01
-2.436898247338969981e-01
4.560309452624800031e-02
4.413026709376630663e-01
7.220781196181498274e-01
1.328938910073418356e-01
6.815636435110352664e-01
-1.400110544975179394e+00
-2.402312769610039922e-01
1.518653740918773920e-01
-3.608047280817032743e-01
-1.845241659485985508e-01
-2.295720977684698738e-01
-5.105709952998473966e-01
-1.754238153034188841e-01
1.305883920873736947e+00
-1.825524464871097763e-02
4.427811285431317856e-01
-8.621883888372758875e-01
-4.507085012367948451e-01
1.718330062537982705e+00
-1.252426827635177986e-01
7.982661760602809409e-01
-6.948411412374859708e-01
-5.399032561083609849e-01
3.843222064416949024e-01
-4.805420316655473201e-01
-3.021026144182226147e-02
-3.279697804117418514e-01
6.043471248948053542e-01
6.242218123578879840e-01
1.807432052862836258e-01
-1.453691462880080110e-02
4.010280233940761718e-01
5.337906451195095769e-02
-6.245463694778683461e-01
8.593960127913469194e-02
-3.556235269418470679e-01
-5.998516001307070411e-01
4.570874810021763324e-02
-3.829859305352094623e-01
-2.890670904368466410e-01
-9.875259134522984539e-02
-9.368196563700283974e-01
-7.314654818776507028e-01
-1.052466358085926146e-01
-4.867290603392140369e-01
3.596858964707472239e-01
8.350965556521146027e-01
-1.892188583986289530e-01
-5.533992800398310763e-01
4.683764850298812732e-01
-8.669607488689301533e-02
-1.061085427768905021e+00
-8.618194678284307741e-02
-9.390347367275007073e-01
1.259572102475292610e-02
9.909299064579082383e-01
3.788706637928296317e-01
-8.505631539898415028e-01
-3.886143283897389722e-01
9.022820951419312507e-01
6.270740725724390785e-01
-6.041282697940859592e-01
-2.180859885182435676e-01
8.616970365226528372e-01
-5.964883440779180646e-01
-2.088501155642150664e-01
-7.386546643424214409e-01
1.250972030656409828e-01
-4.829070365449874558e-01
-4.904333290801830003e-01
-8.582426079485374615e-01
5.322065807138640636e-01
2.963630029091293139e-01
2.404044168616481514e-01
7.276518130853943944e-01
-2.205047771343098262e-01
1.573997664901005678e-01
3.060498486988780797e-01
-2.010679899053000597e-01
1.291771444746370179e-01
-1.606991408071944960e-02
3.032845157095831468e-01
-3.612847876720239881e-01
-4.359576595560588075e-01
-3.149905482957766623e-01
5.115205072351809434e-01
6.701406570253034545e-01
8.844321385269537927e-02
-3.608232555287838039e-01
8.070782358645214316e-01
9.788713944871023642e-01
-1.744661985858328990e-01
-7.715536100107556194e-03
-1.036669623940671414e+00
-1.068572022621543383e-01
-9.978390014275451136e-02
-3.844520507732935855e-01
1.064140511137614098e+00
-2.511226365243661718e-01
7.352471564002520665e-01
3.951096450994384668e-01
3.479469625774624930e-01
-1.233875196787426187e+00
6.736683033196646520e-01
-1.679476798048717967e-02
-1.950162282068568231e-01
4.620163034196123064e-01
7.643808717191280522e-02
-5.048787047961642571e-01
4.779508355796577845e-01
-3.127786808309105382e-01
-5.632549939061606281e-01
6.019506810870094426e-01
-1.879585603936089200e-01
-1.157893762708613217e+00
-7.208592098438222351e-01
2.721150387230970580e-01
7.040493571009509566e-01
-6.284744376364912455e-01
9.983877990076095443e-01
9.828128566289180412e-01
6.757173504411024823e-01
-2.750563083495540795e-01
2.180359805843359311e-01
-4.453681689813695499e-01
-9.197042334409690767e-01
-1.165167376687694656e+00
7.098587588173366214e-02
-4.584653448862416880e-01
-4.742136552666273985e-01
-4.808201624768129179e-01
-1.159367353234124209e-01
4.446945961760064847e-01
-3.832662106657211964e-01
-7.763410575160367699e-02
-9.283572587800339448e-01
1.592501611060903599e-01
-1.028321696027339360e+00
6.853852026074669368e-01
5.887064735077096600e-01
-4.804740069310957651e-01
-1.710342536691138449e-01
1.168187090589345445e+00
-3.133024662211170153e-02
8.698126493047251273e-01
5.584884690923246353e-01
-1.367622407342095059e-01
1.688148680357066667e-01
-2.797660335828933142e-02
-5.087617036335139176e-01
-2.910391732662622744e-01
-7.229167166358818619e-01
8.074371673954949813e-02
1.143902168323508661e+00
-6.714891714536701528e-01
6.893522826865954301e-01
7.065314154801516366e-02
-1.174502398867591335e+00
-1.301777452012639724e+00
-2.096481657185575997e-01
-5.456529710034780933e-01
2.977330650540803703e-01
-4.267060893486664952e-01
4.945595443865036245e-01
-2.814957113189127114e-01
-2.982144543277147619e-01
-6.523903176272058957e-01
5.806532498005880782e-01
9.494295959776408722e-01
1.027828760614118764e+00
8.384861031161872091e-02
-6.151898583797210662e-01
6.971683058328412841e-01
7.470736486886959682e-01
6.412657410747710784e-01
-9.169125668333428791e-01
1.612665104519228620e-01
-1.889960866098139292e-01
2.822206936539908284e-01
-2.718177040668372513e-01
6.497233121183185744e-01
-5.550973849430382856e-01
-9.241432707007160019e-01
4.048643699107392635e-01
1.962667671796598512e-01
5.588661607857954294e-01
-1.052579053990752023e+00
-2.175013646948329438e-01
-3.583901529719000223e-01
5.901900107432638265e-01
-1.125862848698151453e+00
8.682918776135784000e-01
4.458695140090185305e-01
3.037815871481104324e-01
3.448701325608887203e-01
1.321668831013926848e-01
-5.089750771131384965e-03
-3.410340012248020969e-01
6.893242322873671668e-02
1.215732208760861077e+00
9.605063593793863319e-01
-3.076203089690174863e-01
7.488874656445734246e-01
9.139276200728829735e-01
2.225531235496287508e-01
-2.895838300612938454e-01
-3.845755171814531082e-01
1.057592046162115551e+00
3.341212046128640978e-01
-4.687637291184643118e-01
-2.134099906250099821e-01
-1.576946120300757315e-01
-6.715071799245553308e-02
6.144454581862408560e-01
-3.989742928770203534e-01
1.187289185080341092e+00
1.929582061684174121e-01
-3.291230176918178429e-01
-1.144973746729526898e+00
-2.615960219605026893e-01
5.397051040060123483e-01
-3.696144310384470444e-01
1.062085954257291576e+00
-1.713989668230446739e-01
5.535375661382779811e-01
8.914554679796404812e-01
-4.191742265138467260e-01
-2.532031680457356160e-01
2.575227759006537553e-03
1.365715593139196216e-01
1.942265926887465355e-02
-3.312001872405705427e-01
-4.364138503053549556e-01
-5.107217863115121048e-02
-8.989992335130683188e-01
9.244551659981858904e-01
-1.588787453517783721e+00
4.251668314481547029e-01
-7.430670864328607905e-01
3.580056423108848307e-01
-1.675320640203157296e-01
-3.450908986331864270e-01
-3.495104663373513887e-01
-1.404316581526934282e+00
5.835055470855916582e-01
7.702010932122504983e-01
5.253832111017908701e-01
-5.666684168638616015e-01
-5.340836804397142146e-02
-1.420449727230446157e-01
1.012184809780974248e+00
6.564476607960667565e-01
-1.206763944504981367e+00
4.860238400741136999e-01
-9.024701600001154844e-01
-1.083845561976966465e+00
3.795414512345800517e-01
1.135295596374556126e+00
-4.800237058854497363e-01
4.882693981584882437e-01
7.810972644999942816e-01
1.150600589159358478e-01
4.488541977185676046e-01
-2.678528299684357350e-01
-1.615921308015246805e+00
-1.467616482337597006e-02
-9.288769167536505833e-01
4.805675206361170737e-01
-4.933671693559054106e-01
-3.515144525007185550e-01
-1.610618695734338246e-01
4.080928175446079109e-01
1.359493528333066692e-01
3.639376658059525482e-01
-8.704910340801896851e-01
-9.261043701669002814e-01
2.332281811316416764e-01
-6.814301219509673047e-01
4.862744436083845656e-01
-7.593895317480772178e-01
-9.554549657186433009e-01
4.316947097872034789e-01
-7.061214113779348267e-01
-1.252474941155858446e+00
-1.406678867818591527e-01
-8.897948988169943618e-01
-5.550177358368619807e-01
6.507083977053600421e-01
6.174186059689121819e-01
1.067695855330419441e+00
-3.354445285599236826e-01
5.417855596630394288e-01
-7.464980727214278744e-01
1.365865288370322617e-01
7.035181940243191434e-01
4.706769667495063203e-01
-7.770916492008819176e-01
2.538383116489706381e-01
6.274509259514964299e-01
-1.288985386798300325e+00
-3.844008280636490582e-01
-1.073161586333508666e-01
1.769859483340514572e-01
2.239197217208381829e-01
1.432790407028788238e+00
3.423160567106666718e-01
-4.409595694036685387e-01
-2.162211805940472686e-01
-4.441818406431004007e-01
6.464957099307166999e-02
9.397722367820549039e-03
-7.416201434345763843e-01
6.697498087135915767e-01
2.964730606184042827e-01
2.205153545581630681e-01
-1.190281954694375699e+00
-2.142614217722345060e-01
-6.997208339722496007e-01
6.407130529433979760e-01
-6.846318728435445422e-01
-2.920311059099471862e-01
7.555066102632377323e-01
-1.931820786998077466e-01
1.345556321827530155e+00
-6.330984642263786100e-01
1.060161691003074225e-01
8.859028595584668153e-01
-5.334784009274793348e-01
2.931302985823922569e-01
1.981477515325316574e+00
-9.245397339303638162e-01
7.569060344824833919e-01
9.362120697988967066e-01
7.791729209476940810e-01
1.299846864221039233e+00
8.636785589864270918e-02
7.382585191167887473e-01
-6.184887076267946426e-01
2.688428269626754741e-01
2.277221557452380196e-01
2.453274036962849181e-02
1.032061494714525907e+00
1.155413830166595268e+00
7.856115821506222119e-01
1.229249867073613167e+00
1.139941944502584903e+00
1.648015447018833513e-01
1.866202844522781845e-01
5.274411108186649599e-01
-2.990327976628854856e-01
-6.899869947222807554e-01
4.056562043379798865e-01
6.974856510571134649e-01
-3.965420031744217866e-01
6.528719063677641543e-01
-8.263770767069571477e-01
-2.816808553292737827e-02
9.318921734421312664e-01
-2.047406605835675464e-01
7.718475864046849821e-01
-5.482877787599083064e-01
1.592140546713993743e-01
-9.240378226637355752e-01
1.298239544914174814e-01
-1.550945237155882950e-01
3.777643995480142181e-01
-2.130430850561557676e-01
-7.106242766359551766e-01
-4.944873326087062537e-04
2.710265069119079939e-01
5.921423218060084537e-02
-1.044851893049330016e-01
9.807687412823185014e-01
-5.368445779810109286e-01
-4.745451440836880863e-01
1.172688678269473428e-02
3.146235937997587939e-01
-3.341657504386414956e-01
-3.733530690062645263e-01
1.337773080635066947e+00
-9.346977791621586817e-01
1.043449920119682517e+00
6.058959254665801097e-01
-1.590427685093125376e-01
-6.953638325884643479e-01
-1.095869577812544904e-01
-2.096137583252160042e-01
-6.016324399960106817e-01
1.235767035236826850e+00
-1.502024996012387703e-01
-7.542717698105230184e-01
1.853730541698883627e-02
4.194169503664291199e-01
-7.430929298905555314e-01
9.455064555184318209e-01
-8.768868635026372260e-02
6.093870054871608488e-01
-1.346611083818531895e-01
9.152731657444812541e-01
8.462734306458585820e-01
-8.644844566353055981e-01
-7.041079210762779539e-01
1.881834858826429979e+00
2.798020154549849536e-01
-6.910950836090989924e-02
-3.700350552742985855e-01
6.663073521230078455e-02
-3.265233042262050134e-02
8.176377598303643524e-01
-3.691418524851899363e-01
-4.835507495839133085e-01
6.464454103955610265e-01
-2.746051876718773599e-01
-1.419635245176351646e+00
3.546407427755635666e-01
-2.513350290248617114e-02
5.192098569861025581e-01
-3.417287974078417889e-01
-7.403083797074234695e-01
-1.189321431676311658e+00
-1.392211878457002783e+00
-9.716150680226043335e-01
4.320249373252575964e-01
-4.878358793942787486e-01
7.151824348873194737e-01
-9.155342232505701006e-01
-1.955311257410947690e-01
1.555702712648282748e+00
2.609026443626998315e-01
-1.210256170556469613e-01
-1.140473717020574096e+00
-8.125497113919157854e-01
-1.543659691597030204e-01
-4.508605238090028777e-01
9.387275496015412557e-02
-2.048358127758671543e-01
-2.780766600066462146e-01
3.787195352424390649e-01
-3.929704804887705905e-01
7.368701834707884757e-01
1.082863228237611608e+00
-5.392162790429768648e-01
-7.192077664584806129e-01
-2.392672141930862750e-01
2.755164881722294012e-02
6.754351248377457040e-01
-1.014121443233613196e+00
-1.325495914798544561e-01
5.184305787395633303e-01
4.655696939628253261e-01
6.696359751411886663e-01
-1.512047048040310315e-01
-2.079677697705069050e-01
-6.049403416450349624e-01
7.982538640111709327e-01
4.111764508723272371e-01
-1.115357884536479993e+00
-7.306728595843328122e-01
1.949721265562196493e-01
7.390495540285382248e-01
3.709440293943195854e-01
3.330270214319996924e-01
-8.261297706404029384e-01
6.062809399746402761e-01
-5.644109730885391585e-01
-6.870812551268157264e-01
4.614539830881660976e-01
2.410292672437863715e-01
1.012022103507783655e-01
3.000655989681195734e-01
-6.036158944846734542e-01
1.050774213824778869e+00
6.615862362799518337e-02
5.666121383971614023e-01
1.057281938886234229e-01
8.369902607659449600e-01
6.787244167894090907e-02
-5.003067399936291793e-01
5.105116833223615203e-01
1.473208963797034698e-02
-4.552790470178846860e-01
-1.292429058347295268e-01
1.172644524942065836e+00
-2.887507363184607101e-01
-1.772119799545546215e-01
1.246941959036309555e+00
-1.143503804535503932e-01
-7.431212416714920721e-01
-6.003528600583756258e-01
1.570832984549515032e-01
7.499578292213460173e-02
-3.428921085371987587e-01
1.279968171435306168e+00
-8.491103255340384237e-01
-6.475075631286291156e-01
1.860875226007863148e-02
6.997058231884700774e-01
7.679559763205840994e-01
-1.206452816866869782e-01
5.449567061012938751e-02
5.830091284656564454e-01
8.133281030477146345e-01
-1.142155161881856618e+00
6.966861577929268634e-01
-8.195181239854996136e-01
-4.474357618905910883e-01
-5.865778575923741300e-03
4.455088333176293602e-01
5.870638775222545291e-01
8.378775766974762007e-01
-1.014913836591198049e-01
-4.430164228494248846e-01
-6.569680009763736450e-01
1.945572306319665046e-02
-4.127148886630580549e-01
-3.296396586693211006e-01
1.846437417890722799e-02
1.171882597112556823e+00
-1.580332394109893457e-01
6.787819007677819982e-01
9.059137536762031928e-01
2.047067963384794353e-01
-4.425989091027151545e-01
3.146802446354799443e-01
1.398213190368363001e+00
-7.756622158169621528e-01
-8.319017783989632875e-01
-3.508673717900485656e-01
5.058868845885573506e-01
5.286539635431140027e-01
-2.031028786748816373e-01
1.115700828317629956e+00
8.063500501640774587e-01
-9.999493119508127137e-01
1.072815563588589427e-01
-4.240509554444136242e-01
-7.757088843609114548e-01
4.330054817947814882e-02
3.600170198320471471e-01
1.005534470937066160e-01
2.528248875612790769e-01
-4.095333638780997987e-01
7.401513195451361327e-01
1.120017792246390087e+00
-9.567660006557314745e-01
1.348458439139497145e-01
3.575249430699045661e-02
2.488526214642998724e-01
4.726835038343502049e-02
-4.728053004907639689e-02
-1.144238327329059501e+00
3.603934480775938809e-01
-1.347877247809483592e-01
2.226391801139646631e-01
-1.032731312656677947e+00
-1.753419057391756297e-01
9.423127608330039706e-01
2.056857418940971627e-01
3.289817897020803628e-01
-7.028881673002516095e-01
-5.313195533722678832e-01
4.664805782853598259e-01
6.172724883079085956e-01
7.413791042596677983e-01
-6.186310847706630867e-01
-3.103135635345388721e-02
-3.053565290890709605e-01
-3.855074711339296911e-01
1.290095932199806228e-01
-7.720884006968216084e-01
-6.804800941773399003e-01
1.543738726278522932e-01
7.137998361181505658e-01
-8.717077955187848559e-01
-5.687748219586712395e-01
2.082748979545057111e-01
8.645228794214254719e-03
3.509771985884890810e-01
-5.953932503258432263e-01
-7.894777122285461246e-01
-2.863600250268545366e-01
-1.067403768874779502e-01
7.834954852074149656e-01
-3.355720983054970574e-01
2.494494063242864712e-01
2.811827597121654421e-01
-2.168655728629325097e-01
-6.702908582158340067e-02
1.956913477348054542e-01
3.735696014681124666e-01
-1.088037416258923251e+00
-5.222990915979028870e-01
-1.467779200432737241e-01
-7.010248419611855297e-01
-1.791706542644178057e-01
1.034212814144170878e+00
6.944564028991795368e-02
5.907137708773415596e-01
-2.083202784469539992e-01
-1.250231279499494974e+00
-1.664295000343845032e-01
-2.672984951977692702e-01
-1.640306944449589466e+00
5.011498302223582613e-01
-2.685179910407367032e-01
6.328097060180706279e-01
-2.556274377796921016e-01
-8.733071427701117884e-01
-8.312575074041514966e-01
-1.360598400997039548e+00
2.848783488939758968e-01
-8.244723740814814406e-01
8.507610622455725746e-01
7.122547276781538983e-01
9.936621808327306127e-01
-4.357430185504256315e-01
6.079887658432987507e-01
7.394133141889902561e-02
9.371947918617280493e-01
-7.249340226463356629e-01
-3.985548654781503330e-01
3.801928913075087735e-01
-2.552128725802278453e-01
1.438206068306771890e+00
4.722160765423666362e-02
9.246062438944946393e-02
3.374046168448829874e-01
4.384681316453811206e-01
-1.713606297341385698e-01
2.656583621185539812e-01
-1.144771378842169174e+00
-2.348271878825967107e-01
-1.356155808747470104e-01
-7.558792239628893128e-01
5.049950872290747128e-01
1.141644735063566785e+00
5.200812265402721124e-01
5.904496298627837092e-01
-5.042946079742636201e-01
-5.378834892457540207e-02
-1.427000088441991110e+00
9.224750781111046294e-01
-1.081860363902062971e+00
2.614993469099546886e-01
3.686581370155552762e-01
4.614565916476278673e-01
4.914093083949584440e-01
2.751964386317249378e-01
-4.825239012622430934e-01
-1.292017604927888641e-01
-3.283361992451814260e-01
-6.307821166731653051e-01
-3.297711998458892069e-01
-9.611571876975943951e-02
-3.209254148993609945e-01
-3.280716751276280263e-01
6.179315636099982356e-01
-6.919197941163162113e-01
-2.824537877978947620e-01
2.396183471577950641e-01
1.114815406510163420e+00
7.269178456251967901e-01
-9.832808913449486710e-02
2.302230962422511240e-01
4.156505861289829795e-01
5.503550521346491919e-01
-9.672355773940672918e-01
-3.555451524624917425e-01
7.495532807913560802e-01
-1.103405094504444239e+00
-2.546817194647923444e-01
-1.565793035075655482e-01
-3.313056562699241425e-01
7.240009799459947715e-01
-3.621700952949229446e-01
-5.083421128517375820e-01
7.599615108671287089e-01
-5.107743941111566599e-01
6.994883450311348838e-01
-7.389143873521177852e-01
-1.270506359195913149e-01
-7.716536156633617694e-01
-6.587762238648657842e-01
-4.083345665150535098e-01
3.601564606168814464e-01
6.266016132044018860e-01
2.599016057131562363e-01
6.527599596496287404e-01
-2.888939589331576130e-01
-7.683573114041664098e-03
5.232484810264095287e-01
-4.769458000401494147e-01
-1.942753779091530575e-01
2.779809817711278441e-01
-1.056793647529347346e+00
4.590619498073618132e-01
-7.178831450977156692e-01
-5.227365524698326382e-01
-8.858002595503933208e-01
-2.352923916160030160e-01
4.867252656822529389e-02
8.903399500985287318e-03
-1.271401771412516979e-02
-1.333644840968306600e+00
-4.876690313479246086e-01
-5.241369770220316582e-02
-5.987799217880098723e-01
-7.640097570066206600e-02
4.630872061817727925e-01
-1.438267517594571387e-01
2.959743411258140000e-01
2.064007715301485746e-02
2.858124843774101365e-01
-4.024788548075042272e-01
-2.620202760205909698e-01
-9.200791863562240991e-02
2.638725213508053002e-03
-7.483414888134953813e-01
7.043037694966276518e-01
4.220277579881317465e-01
6.060770733110754094e-01
8.296995660815014162e-01
5.329563234061662769e-01
-1.080121682990041521e+00
9.948635141702606433e-01
6.399927362085389149e-01
2.887148705368067780e-01
1.077036803403514931e+00
5.576485003730002887e-02
5.024410477007474896e-01
-1.896431754372782663e-01
2.634086907449431081e-01
2.558264466501221079e-01
-6.490374725798977451e-01
5.474746498844931253e-01
-1.091443167698031402e+00
-7.364282484448292365e-02
-2.122836800064948903e-01
-4.185935386546315584e-01
-1.870957059344426909e-01
2.787112189764515691e-01
8.383462287739140706e-01
5.955386663059076824e-01
2.482624674505027329e-01
-4.626021524746546376e-01
1.660962261077534308e-01
2.303302357488892227e-01
3.632939371205008428e-01
-7.717052360342426809e-01
-6.781274076898027303e-01
7.153462137632802254e-01
6.975948036585517542e-01
3.184131812756003654e-01
4.568542163287165891e-01
-2.764888494073245440e-01
-3.882599955799053149e-01
1.154396994001910315e+00
-1.466820633694467801e-01
2.177916897258622697e-01
-3.189751466569337168e-01
2.063562775100873381e-01
-9.413887944444816469e-01
6.224431255218210168e-01
-3.716873001865703685e-01
-3.529582271666056315e-01
-6.388773035278259016e-01
5.423623217974906652e-01
4.418281226085287727e-01
-1.375253274588082775e+00
-3.807142785204309376e-01
2.094762918079275948e-01
1.738908070715705634e-01
1.370895411926352558e+00
5.439340547828059869e-01
2.189639992353189513e-01
-9.055582154932970695e-01
2.214705629737254711e-01
7.350330985529858197e-01
1.575146330906562753e-02
-5.301822387207346665e-01
-1.151209697622669559e+00
-4.921603968714238775e-01
-4.327339887225454262e-01
-6.045568834864143426e-01
-7.785043235712407750e-02
4.965308675358208745e-01
-3.262191254789543748e-01
4.954141006840773187e-01
-1.192294142909064547e+00
4.521906040165539764e-01
-6.172740404923979796e-01
1.055167526562446056e-01
4.257910704042888739e-01
-3.878157708885003885e-01
-2.363114830223835838e-01
-6.058946227132109286e-01
4.491890315692366187e-01
-9.903627382882973507e-03
2.677658489182777046e-01
1.188523913640350926e+00
8.315818352325754503e-01
-6.292668947519990397e-01
-7.905067486481698324e-01
2.831570911196292784e-01
5.675789058259308462e-01
1.269193012608865523e+00
-4.702539930435856164e-01
2.838596177287779909e-01
1.268864730514772887e+00
6.657632604061092252e-02
1.130938945650119543e+00
-2.577134421554339028e-01
7.185034528557476818e-01
-5.898643260095068896e-01
-4.868907222970850768e-01
-5.412287798410453377e-02
-4.457927753637935808e-01
1.072196305955850804e+00
-5.293734917461110356e-01
5.141000418289065621e-01
-6.262611682055405637e-01
-7.582909501812640229e-01
-1.310399189440971668e+00
1.836134253775387748e-01
5.720321023128063231e-01
9.514563117183261198e-02
-7.254332072595151004e-01
-1.224333608479561519e+00
8.211536941577719517e-01
6.168990334788482244e-02
8.612096901914654268e-01
-8.997889001415382282e-01
-1.301257931214459429e+00
-5.862857173821742762e-01
1.750239196128716479e+00
-3.828442724670146902e-01
1.159087247391976661e-02
-4.930859012712502931e-01
-1.004714494195164676e+00
-2.212144746775992488e-01
-1.070520999864754685e-02
6.543013413100107201e-01
-4.474175564010689499e-01
8.102073724950589195e-01
-3.701497037065104578e-01
3.900544876523417415e-01
-1.019463605566390374e+00
-2.679482969632216438e-01
-3.360095659432813520e-01
-2.071956785618400687e-01
3.881646133256158038e-01
-1.233257955532254257e-01
-4.881393238529208034e-01
-7.887426385873830270e-02
-2.047653855236006848e-01
-3.987866997742237629e-01
1.849686613193053830e+00
8.001548311608974728e-01
5.981989389951571923e-01
-5.415033768241741541e-01
9.502379334433364022e-02
5.403351620036112024e-02
-8.017175367238458250e-01
-5.349904325129219984e-01
-9.417170301112518516e-01
2.131703498612633751e-01
6.568957634734573503e-02
1.942863508071646095e-01
1.417321005728213734e-01
9.590541457494916600e-01
-8.692254358986142293e-01
-4.663021095215924561e-02
1.021979863412849632e+00
-9.438236370268402453e-01
7.814751755496818220e-01
-5.477710514600673264e-01
4.806840884626328858e-02
5.247021437982901659e-02
-4.145077374655459224e-01
-1.398917808443735922e-01
-6.240642592216882889e-02
-4.175825406893727276e-01
-6.624352580557353321e-01
3.818349918499910345e-01
1.262413050812369875e-01
-1.195666196001914372e+00
-1.163541438020154750e+00
-7.597683094557163841e-01
-9.133405762543409523e-01
5.560117574269796137e-01
-6.656421273877528577e-01
1.878052596406813990e-01
1.259044811492930904e-01
4.681607764969495378e-01
5.801322351881763595e-01
4.954869325167132743e-01
-2.755426432027805461e-01
-8.536744645743450377e-01
-2.297497677153845785e-01
-3.571102926122122767e-01
2.345114087455186791e-01
4.550485961393295753e-01
-1.564872886177823386e+00
-2.806091626606717071e-01
-1.529519934125289637e-02
1.685521327041115569e+00
-1.340623062967355672e+00
1.096412873492962348e-01
5.471622467334462669e-01
-6.942955590998209914e-01
-8.804463912995892372e-01
-1.697110560730425988e-01
-1.225502879643375564e+00
-7.019671247063641317e-01
9.367439181844261498e-02
9.104509888517862137e-01
1.078909466432285136e+00
1.390384971817946180e-01
-2.192883712842839117e-01
-8.596657888759464683e-01
-1.248936915248295421e-01
-3.635951810068682732e-02
-2.249041255442953968e-01
1.421899212120179889e+00
-2.939933138097821086e-01
4.082489710492964718e-03
5.880051592573920516e-01
1.870880619633172870e-01
-7.008627697423710501e-01
-9.617826514656533377e-01
1.591473191546306509e-01
3.924367186418660225e-01
-8.578424094171754888e-02
8.517243230085451700e-01
-1.012856049599235142e+00
2.958670662292419706e-01
5.553487094698539295e-01
6.480447231756762960e-01
3.823080975578516671e-01
4.086303684736485309e-01
-3.609957698235257695e-01
-1.091737929567172749e+00
1.816380212765018598e-01
-1.337410242718979347e-01
-5.210615611498683464e-01
1.029940131089817079e+00
-5.297493170042830712e-01
-5.088982907515919862e-01
1.530790846604843658e+00
-1.157002310429558367e+00
1.137660915194517841e+00
2.680669201070928764e-01
1.452051325880079347e-01
-1.043842482168585661e+00
-1.107159936227584129e+00
-3.361455864338473987e-01
4.184815490755529055e-01
3.245853365791919742e-01
4.098849988853530135e-01
3.509155101319558767e-01
-6.637430926800913511e-01
6.166313574183028834e-01
6.453853447298296686e-02
9.970814120924398338e-02
4.666588394317008337e-01
-8.447381692050335289e-01
-6.996017645759531334e-01
-6.256857864476295106e-01
-7.213159666498905054e-01
9.011857981949322749e-01
4.607778000694224829e-01
3.529065074911619249e-01
2.778813360204317462e-01
5.890871875079675135e-01
4.544027935085361847e-01
7.913672545671124325e-01
-2.126693218535766761e-01
-2.848886970814872299e-01
3.816484148649701424e-01
3.322239775770396975e-01
-2.036620042123500340e-01
1.720910596996883868e+00
-1.422709433777101129e+00
8.636425670703786750e-01
3.308663768858624010e-01
5.389272385793733022e-01
-7.107102032779311074e-01
-1.098342028821466254e+00
-3.862790173614296663e-01
-2.167591136263160578e-01
4.701615032716137677e-01
5.435668048216024673e-01
-6.688465231704903147e-01
4.692378033011292970e-01
4.218286405752946777e-01
5.243110203114671464e-01
3.297758225100002605e-01
1.529272610995171533e-01
5.791667233681856430e-01
-5.655732439408325263e-01
-8.029946577294833077e-02
-5.980568580150613656e-01
-5.622466859448298493e-01
-7.356095826350079747e-01
-7.932752548984822738e-02
2.450646450630911133e-01
6.761017142600884711e-01
3.414971061316842693e-01
6.654368170602893429e-01
1.106634811258749629e+00
5.152124756363498648e-01
-4.702125229241627125e-01
-2.949180376005786641e-01
2.664098961224166118e-01
3.383394464716280581e-01
4.411392983536179813e-01
2.436522747490146301e-01
-6.260280379223894798e-01
1.037859187366155567e+00
9.530797538457447260e-01
2.724529790993024392e-01
3.503914163044852259e-01
-4.769475099094124815e-01
1.768573423681285561e-01
2.813933824926611038e-01
-3.453474324090430869e-01
1.024619934357398066e-01
7.686588590849190439e-01
-3.669470797533627149e-01
1.542695577821993069e-01
8.073891087444184933e-02
3.130701080735747155e-01
5.258382478034935303e-01
-1.188266842711848792e+00
2.493025731353704089e-01
1.212192346277839228e+00
6.428359375577130663e-02
-7.831678381461149030e-02
6.498113307838915276e-01
-6.733780304849910081e-01
6.703918860194768570e-01
-1.686863020575799510e-01
-7.328649754030021057e-01
5.764179335656436365e-01
-1.435700741170414574e+00
-5.203890802823671891e-01
-2.752807616381023337e-01
1.819862599203023734e-01
-5.184868045955495219e-01
-3.930910486140151150e-01
1.132579011688493509e+00
-5.727546524735842581e-01
1.021826458051298125e+00
-6.270123066181323424e-01
5.023565193361632097e-01
8.660572689884373787e-01
-1.126507201626672838e+00
4.865741542180366253e-01
4.193718379899289417e-01
8.322238485182715806e-01
-7.847581661013052212e-01
-4.605677250582775883e-01
6.181449226194395408e-01
2.558502682803567296e-01
-8.292500639187023737e-01
4.571772863709986368e-01
3.934669072062835227e-01
-9.272800130170884003e-01
-6.048873499181341984e-01
-5.526711727559812104e-01
-8.953696538901674273e-01
3.465032339657971860e-01
6.281267805896817435e-01
-1.032331733971642684e+00
4.282540962789669337e-01
1.407907387705638058e-01
-9.212129880165154105e-02
4.802979907980864382e-01
-6.785891518763556007e-01
2.432621510316401725e-01
-6.114251282478830873e-01
1.248087448552093193e-01
-4.177292794916995788e-01
1.993097060152706490e-01
4.329517337877248906e-01
1.666440085908194924e+00
9.609253598188676193e-01
-4.332665227433976085e-01
5.945007066512442151e-02
3.643836296411251396e-02
-4.090621188678609244e-01
6.557770420998831895e-02
-8.759679551420678223e-01
-6.946602539975703650e-01
-1.953261385403341599e+00
-2.314427094387880857e-01
-3.294029045428716884e-01
2.273645875939358518e-01
-2.907898238675263869e-01
-6.712555993162947487e-01
3.039444349260129741e-01
8.138465646744919013e-01
2.796997916958687824e-02
3.121123726532974985e-01
-3.103882265330586421e-01
1.014397818587010391e+00
7.115712765699386821e-01
-4.162871762752420324e-01
3.990592499891558731e-01
6.044515337156930457e-01
-8.481962403894272029e-02
-9.949334637483460142e-01
-6.168545652432833037e-02
-1.130666792027001044e+00
-3.455747852362200945e-01
-8.003871164431863861e-02
8.759100411651719043e-01
9.945163970881987225e-01
2.494960542530124670e-01
4.481961325860144285e-01
-2.279812053805194694e-01
1.010095500908073873e+00
7.376064938507624902e-01
-4.411141271677383457e-01
-8.955678547982603988e-02
-7.368381914616275452e-01
2.404495209025894198e-01
3.646029782472322012e-01
1.342185874358428066e+00
-4.571686941700772167e-01
1.387581092020573337e-01
-3.708352219662813809e-03
1.168225907252598006e-01
-2.400263518224061698e-01
8.909086268239905237e-01
1.491321873902062833e-01
1.747036134849269118e-01
-1.440247712829751947e-01
7.571577176300872125e-01
-3.810482572006552715e-01
-7.400526767191522026e-01
2.885854155460716441e-01
2.014007301460747357e-01
6.910692834578995303e-01
-2.838272659210590021e-01
-1.351579042681751552e+00
4.757585311118006643e-02
-1.107689508509057674e-01
5.810761393019872045e-01
-6.668368806952145178e-01
-1.737573144282826831e-01
2.731970700738717284e-01
3.349104672154057383e-01
1.209268824877637094e+00
-1.084392381135164118e+00
1.854309024368738790e-02
1.408469544002931784e+00
-8.132537873187137833e-01
3.734575057800206821e-01
-9.131688232396397709e-01
-8.830130643260485357e-01
-4.729592566224258832e-01
-3.565683611727257230e-01
-7.690283462737648179e-01
9.205441506867195756e-02
-5.299244105338116739e-01
-3.918428514479792568e-01
8.290228424537833263e-01
-5.397131008871678404e-01
5.205500842106749460e-01
4.571397498672835624e-01
-6.832829240013573724e-01
-1.376516632872548662e+00
-4.803626768652655699e-01
-9.789211720102306558e-01
2.197223439846416326e-01
-4.904893519549506919e-01
-9.609612418684818635e-01
4.396973607857859179e-01
2.567956810990121852e-01
-2.530939222018471213e-01
7.690191431032520342e-01
-9.698422103883679313e-01
2.447731565266035858e-01
-8.734849339400465595e-01
-9.871806999548704553e-01
-8.444357309770582631e-01
5.264380804118911072e-01
1.062924987156458556e+00
-7.364145171840164039e-02
6.216875741540306421e-02
-1.179198043363509640e-01
1.552319842564342522e-01
5.828410355896105344e-01
-6.363856831053054108e-01
-6.387097893414273031e-01
9.737308019411949900e-01
-1.491813827542092685e+00
3.710617493421617397e-01
1.557562514163501888e-01
-3.816637498537955864e-01
4.038569434048504547e-01
-8.058452768119828136e-02
4.040821636239240178e-01
-3.820428328991729572e-01
1.294805241097751747e-01
-1.134795039234370861e-01
1.190831013411290940e-01
1.604456109039382739e-01
3.639360617147966437e-01
-2.771839397667168470e-01
2.494221695505727254e-01
5.786271234016027165e-02
-3.011602288140773354e-01
7.069396990125937918e-01
-3.106547797632348562e-01
-1.218644257135048647e-01
-4.349098864350855465e-01
4.630341113224210048e-01
-2.356045618226589866e-01
3.091905225415070291e-01
9.638111977084111714e-01
-6.795244117096732595e-02
2.385668206213900078e-01
1.238703215875922581e-01
4.232441816257681566e-01
1.532898428385648160e+00
-4.604576467588854527e-01
-5.686163807082795785e-01
-8.248924498220784329e-01
3.107850773114053666e-01
4.579212427267753682e-01
4.618894577939567370e-01
-3.910517360104215356e-02
-6.266009366141815917e-01
-1.033787713411155718e+00
4.105921798902789632e-01
-7.598761409534340316e-01
-1.074137708654268053e-01
-1.936830130813289585e-01
-3.114412089447036180e-01
-1.221682961402302148e+00
-2.971405978888430610e-02
-6.283330617173357169e-01
3.094173315551573822e-01
-5.646551748034003282e-01
6.921700475598253632e-01
6.220299381715079790e-01
-7.147733917999410380e-02
-5.122186967659168033e-01
1.342301665399517674e+00
-9.731858276981331102e-02
7.116858904731149238e-01
-5.019953577035076719e-01
-2.191696303169701210e-01
2.639704559797815264e-01
1.849778332715796836e-01
-8.477101436974701087e-01
6.408880742759155424e-01
-2.142070050404738524e-01
-8.660971264893113641e-02
-3.638335671322110443e-01
-1.276449335410756447e-01
6.673418701785571727e-02
-6.788641376017601203e-01
-4.005485405599111814e-01
-5.045264175971775344e-01
-6.080202417271340920e-02
2.160873540450634067e-01
7.318732420962383856e-01
-5.932505226697850631e-01
-2.331351741780540721e-02
-2.709593251313302531e-01
-1.133359840455991918e+00
-5.831127244821319167e-01
-8.469975809574972203e-01
-5.207087126429499335e-01
-2.675629032127124773e-01
-2.227999561212490320e-01
2.476080536176841207e-01
-2.028499418345699468e-01
-4.241627392224875948e-01
4.291860390926585112e-01
2.344025911383971206e-01
5.627407109412585484e-01
7.432453265432359402e-01
-4.442404587858126419e-01
-6.420619162653640188e-02
-4.864057628413034351e-01
-1.950486357615943689e-02
-1.980600572065700504e-01
-7.875742671712675502e-01
-1.100563151500256964e+00
6.726945412269547120e-01
-2.585178437176391952e-01
-1.328826747040234846e+00
-2.091761308570116995e-01
1.155298975937317785e+00
1.008028241726233176e+00
-6.462057037273298832e-01
-7.736678705877135798e-01
5.330541695900112842e-01
-5.578731212988543575e-01
7.248875709115480959e-01
-1.372346479545680786e+00
7.492046491985471235e-01
5.044452674138515391e-01
-2.890344804207138907e-01
-3.952179503682096140e-02
4.675463956268899324e-02
-8.475644976965996946e-01
-1.687944869009214699e-01
6.943199493668572586e-01
-1.962617518814004924e-01
-1.604144480505125259e-01
-4.250574645817337682e-01
6.308939728800444513e-01
-4.106562244921558857e-01
-1.017881815877395013e-01
-1.566129019801083544e-01
2.390228580594166985e-01
3.267809839551834017e-01
-9.376220326497861635e-01
-9.819897464142712806e-02
-4.843528161908920993e-01
6.905868752254029630e-02
1.945452545423940194e-01
1.556313220937770581e-01
-1.035328848660215684e+00
5.065192911330456127e-01
-6.692491836485583434e-01
-6.611720773202840462e-01
-2.617951114465473239e-01
4.694817220250024903e-01
-1.080322242760929807e+00
-6.285885207963470833e-01
-6.014314674477390099e-01
-8.594543983664948428e-02
-7.208872201651921330e-01
-3.195935301234857917e-01
5.282827650547545772e-01
2.335518423988780512e-01
-3.768076703920932857e-01
1.966045882917093479e-01
-8.772372411583990726e-01
-8.409196208568872066e-01
1.085215588032237832e-01
2.347147510920368774e-01
3.802333734272167476e-02
8.006897660541056894e-02
-1.028760531841150794e-01
-1.201326225217247412e-02
3.425400183617011152e-01
-1.396565994088643237e-01
-1.164697798080413627e+00
6.287336335401096932e-01
2.571630039630621312e-01
-4.556925528057780284e-01
-3.601389924677977916e-02
6.403264550776341935e-01
8.933786732411679310e-01
5.797323128653779634e-01
2.018925229033730062e-01
6.005361281351762059e-01
7.333260786232216333e-01
2.941648206404403609e-01
-5.001614141421555360e-01
-7.617004727575267253e-01
-6.098119424541490474e-01
2.902242179435443603e-02
-7.798289279006915820e-01
-7.267963011611806579e-01
-8.860602820187182260e-01
-6.561739735951244157e-01
-7.197401489763226579e-01
2.841403155379964574e-01
1.032442270471980450e-01
-5.112814907918483698e-01
-4.192377913673084322e-01
-5.577478090972824987e-01
-1.064153331347251097e+00
-6.568523896480833457e-01
-1.192779579595471873e+00
-1.190477168750468273e+00
8.585726798630632928e-01
-1.118442300256174526e+00
2.294326779583855114e-02
-1.264006634674863072e+00
1.076987331036905360e+00
-5.740216007946976617e-01
-4.417078538409517918e-01
3.542891083790156159e-02
-1.615167650072997230e+00
-1.094948228418121339e+00
1.616602709489747269e-01
-2.007414170921135721e-01
4.319671042854169585e-01
-1.054685547566818649e+00
8.818411274671875688e-01
3.829147096677214535e-01
-1.059410680807051364e-01
5.363477110466172704e-01
-1.066948430868359665e-01
9.240647946960667269e-02
-1.336777013633892786e+00
3.836217098804084458e-01
5.997234668975011118e-01
-2.051805409816438441e-01
6.311983594542063258e-01
9.500726979856537469e-01
1.885813923934032132e-01
1.259377791413340830e+00
-3.520469306790010577e-01
-1.052259706823668317e+00
-1.200435784798605798e+00
5.432941115007263733e-01
5.183562134713737279e-01
6.837873367008375780e-01
-7.398239995775881539e-01
6.415102855301171303e-01
9.747969126147912888e-01
8.420605539813772467e-01
8.803736876972863001e-01
5.527446023150712762e-01
5.104900508120868707e-01
1.731452079740343208e-01
-5.620052957675412131e-01
-8.051747752960425331e-01
-9.908054173006402010e-01
-3.350301752384794440e-01
-2.904063515038659560e-01
6.653850256783186978e-01
1.062449959636078134e-01
3.035188243418582843e-01
-9.218068319858945259e-01
7.855054678836213000e-01
4.162169430700846107e-01
5.543356205376150925e-01
-5.671147042767463731e-01
-9.256676756272437245e-01
-9.513184575560185152e-02
3.385990356319457106e-01
1.062726960637991880e+00
3.537416291758290754e-01
-1.013857020464445924e-01
4.472931945039153590e-01
1.111350462791520499e-01
1.033155956657111574e+00
-3.337959873506592956e-01
-8.237950069579627055e-01
2.917072554138977480e-01
-4.675156556375483774e-01
5.601001589554188698e-01
-1.749335162404763722e-01
-6.800464776701700131e-01
7.045878205321987053e-02
2.907384333668785459e-01
-1.596793108867000655e-01
-3.487284307911444614e-01
-2.579644359958939148e-01
-5.797591852115635547e-01
3.289541520756777970e-03
-8.823320908189913325e-02
5.332908712740866974e-01
-6.103916020327373460e-01
4.164732390844925192e-01
5.847722456355253229e-02
-1.564306248358375839e-01
5.181227372315655444e-01
-1.041909986498273710e+00
4.629542685690735127e-01
-8.070736570739978077e-02
3.295255345720118356e-01
-6.629965203411209984e-01
-1.801593724346650660e-01
-2.575274850040383257e-01
-7.211462780137711803e-02
-6.908038353541812171e-02
-2.508605363810376687e-01
-1.161061141076888958e-01
2.368939880994460623e-01
1.792829305821106445e-01
-9.993270683526418452e-01
1.344116959216705709e-01
-7.375958607022017333e-01
-5.850401278075603173e-01
1.442706485544897888e-01
-3.292435848737671478e-01
-5.584352651223802866e-01
-2.842799953369166133e-01
-7.786716536691073998e-01
1.129644303081302148e+00
-2.410392081625545302e-02
-8.113244493953724046e-01
-4.134404721677027439e-01
7.511466356807270373e-01
6.859227923624153789e-01
-1.132389073443693661e+00
4.835443238033754199e-02
2.219094255598355048e-01
9.181248314758869711e-01
7.417929813437424968e-01
4.600011689889367261e-01
4.031139167294774950e-01
-5.699664685143694953e-01
-1.939543672235153338e-01
1.465535118895022748e-01
-5.236515311490368418e-01
-3.805594047654894396e-01
1.905475494667392411e-01
4.630655092581328347e-01
-1.695277395646348495e-01
3.118114492250789738e-02
3.240942880137964721e-01
7.968661108878549726e-02
-1.286005060851159065e+00
-7.727714094533180145e-01
-1.387557231347164688e+00
-1.371245464898703581e+00
-6.220412850149168449e-01
-1.076374562839573557e+00
-5.739211601986573541e-01
-9.965533696954862464e-01
-6.652940088540919561e-01
5.633792318923882547e-01
4.640331828765189570e-01
-1.622350252819506622e-01
9.232804769620290841e-01
-2.674389709764524170e-01
-2.740361765161924978e-02
7.272229069909208476e-02
-5.845098363825318444e-02
5.075121843219729811e-01
2.801932613957518470e-01
-3.570307111277228884e-01
-1.287879602852680883e+00
6.409752015986347473e-01
4.718843991941970017e-01
1.345224596565453012e+00
1.249915725665397659e+00
-3.916798729904682475e-01
2.014291376583976501e-01
-5.895714591900764745e-01
-2.649198607233271829e-01
1.204074454995560650e+00
-3.668474299366373259e-01
-8.601829319412779284e-01
6.631086211887975423e-01
6.335804482850910802e-01
-4.708868803903927258e-01
-3.063315113285085545e-01
2.511325032374012167e-01
-3.328116848207329781e-03
-4.224456536147949137e-01
-2.400812903264251119e-01
-7.490759090508340989e-01
5.091708142066302401e-01
-1.033340673530943832e+00
3.883551891370444764e-01
-4.870390750758071263e-01
4.072823660813700286e-01
2.195807307949770859e-01
-4.896383327674147523e-02
8.528413543882411574e-01
6.473561412925494807e-01
1.345875549285013406e+00
-3.713813084314381285e-01
-4.250185723533919102e-01
-9.761445436764697448e-01
9.371769763138715348e-01
-6.468043721564242787e-01
5.420642915915685478e-02
-5.001228154892594091e-01
9.339892571755123996e-01
-4.502479784892496895e-01
1.179761254699283057e+00
-4.139581988441349836e-01
-4.795128799344201553e-01
1.086160711677838009e+00
-7.779993253574035705e-01
3.368163630183618196e-01
1.424229692401954850e-01
-1.208795508312525691e+00
-1.247074449147516972e+00
-4.951137640724816436e-01
-3.136594130738341590e-01
9.785025376305807043e-01
-9.865708456474511223e-01
2.832680718163871347e-02
4.480337497558295468e-01
5.597369895209158841e-01
-2.342938216634635751e-01
1.506892620156641271e-01
-4.379354534368937735e-01
9.792712181289253692e-02
8.926529294180216567e-01
-6.147880585054190661e-01
8.974135207011002535e-02
2.923014516405153529e-02
1.131817458520738562e+00
-8.481091162384979398e-01
4.483217654510696093e-01
3.181121713919132787e-01
-9.169510971567529367e-02
-7.118588166414792084e-01
1.016667722837416576e-01
1.297571601983485756e+00
-4.449819723790140458e-01
-4.081554074067339499e-01
-7.537280692492487333e-03
8.153835954397674612e-01
5.575949441186196509e-01
6.809517788715213626e-01
5.735350303818220752e-01
6.233795044170324928e-01
-5.301335062888510308e-01
-5.593734104950254249e-02
-4.647227657747334817e-01
-1.149726850922299093e-01
9.941847427908871992e-01
8.022702457510568763e-01
4.560584944122965112e-01
-4.499562576295641492e-01
-4.331085899464426348e-02
-2.059606127885285076e-01
-1.312825911462875084e+00
-6.090561326956560606e-01
-1.130629201499361969e+00
-4.085556643390670928e-01
-1.031741611138237147e-01
1.288894542801779508e-01
-2.563242294302536806e-01
6.485355809191055698e-01
5.449477579334267574e-01
-4.569337814509344398e-01
-6.788500289224685957e-02
2.998407579536745970e-01
4.084003839132535063e-01
-8.046544757290616801e-01
5.952965992462839750e-01
-2.967509740793170536e-01
7.187102548611878916e-02
5.371543441295028032e-01
-2.936384190545053841e-01
-9.062598670325172634e-02
1.663382083123607913e-01
4.263294729561284413e-01
1.398387833251113932e+00
9.243112238900774713e-01
-6.461695600024608410e-01
-5.636939318113025621e-01
8.540460919826653452e-02
8.339651406305712555e-01
1.275063180297967946e+00
-9.794656802697652154e-01
-4.130826066517467865e-01
4.636415120708816673e-01
2.934881368861610440e-01
8.352027313479677417e-01
4.350821971908676034e-01
9.351204370901378127e-01
-5.741875573406609590e-01
7.029822577843898301e-01
4.578554597290285244e-02
2.856541420599008063e-01
-1.353551520924929363e-01
-6.382275602060225594e-01
-1.075532425210374399e+00
-6.325495319708780428e-01
4.842246183682963334e-01
-3.413546938658162944e-01
-6.601001221664590801e-01
9.466239472643467323e-01
3.531732368756568263e-01
-2.258187305133487754e-01
-2.420321182362110690e-01
-5.777735914452879484e-01
-3.894447608546434125e-01
7.975148911149743114e-01
-8.182695919420899244e-01
-2.030207735497882027e-01
3.620797067670835645e-01
-3.162803486016461108e-01
-3.627182383929845599e-01
2.251445054939793522e-02
1.393949235970428191e+00
-1.055814993624694331e+00
-6.298145951077316340e-02
-5.878202985745932807e-01
-9.635992912370392460e-01
-4.324656847798502568e-01
-1.221724512111590499e-01
1.684620044753105006e+00
-1.250475456353392190e+00
3.247848640632273742e-01
6.007179481959390444e-01
1.081511078912028800e+00
7.087271830122876537e-01
-2.124839807006067005e-01
2.750778866344205653e-01
3.704359736478970433e-01
-9.059942637864617510e-01
-3.426577738553158170e-01
2.296664566290953502e-01
6.724023498042663860e-01
1.845647793593396813e-02
4.223026598071903948e-01
-1.231676704401862832e+00
-4.493259356220944412e-01
1.934918561504064272e-01
-3.146771584549146183e-02
-1.548124719853216646e-01
-7.564166499194868720e-02
1.430009337065829556e-02
7.607569664879658689e-01
6.275273669676195709e-02
3.151943655491482588e-01
6.661626521393957390e-01
3.226978486215736908e-01
1.234485019267410166e+00
-2.114309358557262541e-01
-8.290343225257954529e-01
2.745115106918438741e-01
-6.028232050314095147e-01
-1.456245617980521878e+00
-9.017832720866110208e-01
-8.695739198452123730e-01
-3.637701341781438558e-01
9.905885868669370709e-01
-2.178155051639150130e-01
9.605199779723676556e-01
6.960719350003756745e-01
-7.099715056414446224e-02
1.242817113322677969e+00
-5.818409485543396542e-01
-5.585046717191843868e-03
1.325232498168027462e-01
-2.679141649024447958e-01
9.731858273377556046e-01
4.322981795916849279e-01
1.088915780146161083e+00
1.686438193199251145e-01
1.917639450261532374e-02
7.990277000209067282e-01
-6.857748872714690691e-01
-3.487490510126427523e-01
-6.029069254343850659e-01
7.453151683520982118e-01
-2.431284437623215666e-02
-1.301272403624756713e+00
9.283494796429456741e-01
1.078825202996654298e+00
-1.042361621351695966e+00
-3.030045807815513470e-01
8.430327954513749944e-01
3.839014997922394201e-01
-2.675616213204365934e-01
-4.643457822102190491e-01
-2.938400379195638124e-01
6.363979662942416127e-01
-4.857286766271666778e-01
-1.160154270888407169e+00
2.685643357238118867e-01
-1.390177097679998752e-01
1.075718495950255260e-01
8.009263277538476444e-01
5.950840011379199268e-02
-4.479118152712731060e-01
-9.899585407014201976e-01
3.066180267853759744e-01
3.455661787039012722e-01
8.534062248967515529e-01
-2.311352662249985812e-01
1.096575362250575836e-01
3.106807247972467323e-01
-8.580478779649336474e-01
-1.328074539540024634e+00
-3.544599740212355243e-01
3.782173104963568733e-01
-8.485929385306718586e-01
4.074749202772114387e-01
1.036236933539846916e-02
1.328470232973140597e+00
7.754992459956744355e-01
-6.777885635005747034e-01
6.387329655393179095e-01
-8.410739663240729413e-02
3.788721337713694126e-01
-4.090012265470051034e-01
1.156037955297990472e+00
-3.109116634030772985e-02
-6.925326693815101464e-01
2.273869852675955983e-01
7.048930193892104512e-01
6.260674673528470180e-01
2.767336300647240677e-01
9.805527584537365726e-02
5.111075428390243758e-02
-5.790588192239045640e-01
8.752413940892722621e-02
1.761679585456050745e-01
3.665034382781122702e-01
1.556405536864549077e-01
-3.340756725009477179e-01
1.084387692468748554e+00
-2.502507059179572835e-01
3.211447964558988843e-01
-7.731111161415213928e-01
1.698893769930096553e-01
-4.066811606347053853e-01
2.309837173739648364e-02
-7.431628786177579826e-01
1.093710255874694504e+00
3.410656311315509726e-01
-6.291033544455171267e-02
1.244605549899064023e+00
2.917298718845442451e-01
1.143745863052290090e-01
-6.144664456080421999e-01
4.367182114863634723e-01
-1.320652377489298424e+00
3.296329888259652563e-01
4.777677833056870327e-02
6.918632282397680910e-01
8.518161196019207182e-01
-3.159649894092622091e-01
-2.613103939619314531e-01
6.174765750782089668e-01
5.324708261280814980e-01
4.058887520816369943e-01
1.598012431997721805e+00
-3.762068335780099915e-01
-7.499564147348358745e-02
-1.316251503337686479e+00
-3.713792733406107160e-01
1.121647533446537892e+00
2.494058918972728023e-01
1.777559992208566086e-02
-2.164489161200204848e-01
7.329593109938246087e-01
-2.884890533972246374e-01
2.839204259094234573e-01
3.680722246966938727e-01
8.600625303682640777e-02
-4.602645004578231891e-01
2.564664710895767641e-01
-1.587589853492206160e-01
6.565470323954869514e-02
-9.805167972649639907e-01
1.393665633993597552e+00
-4.235226326850494161e-02
-3.860943945503692021e-01
-4.410134642115028925e-01
3.816363046232851275e-02
2.831047106343786979e-01
2.569646281914241825e-01
-6.052955136520399293e-02
5.028723525248910420e-01
-3.470853882078115404e-01
-1.191030660443459510e-04
2.426312125755281102e-03
-3.101801777132040527e-01
-1.322143112202352810e+00
5.539314780844604158e-01
-1.170687647923323027e-01
-1.488670620171397285e+00
2.417760631425327489e-01
4.558866520544597734e-01
7.788404336092291658e-01
-2.607963674674902421e-01
6.772334004744848812e-01
-2.698176185449998599e-01
1.796855224299953591e-02
1.462878068191635350e-01
