3.218000000000000000e+03
3.239000000000000000e+03
3.207000000000000000e+03
3.427000000000000000e+03
2.203000000000000000e+03
3.098000000000000000e+03
2.275000000000000000e+03
1.982000000000000000e+03
4.579000000000000000e+03
1.923000000000000000e+03
4.140000000000000000e+03
1.054000000000000000e+03
1.283000000000000000e+03
9.250000000000000000e+02
1.157000000000000000e+03
1.341000000000000000e+03
1.073000000000000000e+03
1.139000000000000000e+03
1.491000000000000000e+03
2.162000000000000000e+03
9.650000000000000000e+02
9.330000000000000000e+02
1.176000000000000000e+03
1.773000000000000000e+03
3.591000000000000000e+03
9.150000000000000000e+02
7.680000000000000000e+02
2.265000000000000000e+03
1.215000000000000000e+03
1.079000000000000000e+03
7.390000000000000000e+02
2.046000000000000000e+03
1.087000000000000000e+03
1.586000000000000000e+03
3.499000000000000000e+03
1.317000000000000000e+03
3.219000000000000000e+03
2.951000000000000000e+03
1.203000000000000000e+03
4.142000000000000000e+03
2.164000000000000000e+03
8.430000000000000000e+02
1.752000000000000000e+03
2.369000000000000000e+03
7.080000000000000000e+02
2.264000000000000000e+03
4.080000000000000000e+03
2.862000000000000000e+03
3.676000000000000000e+03
1.381000000000000000e+03
5.210000000000000000e+03
3.028000000000000000e+03
5.088000000000000000e+03
4.954000000000000000e+03
5.200000000000000000e+03
4.950000000000000000e+02
1.038000000000000000e+03
5.002000000000000000e+03
4.872000000000000000e+03
5.015000000000000000e+03
3.087000000000000000e+03
3.230000000000000000e+03
5.582000000000000000e+03
4.676000000000000000e+03
5.322000000000000000e+03
5.510000000000000000e+03
3.587000000000000000e+03
5.148000000000000000e+03
4.700000000000000000e+03
9.320000000000000000e+02
4.693000000000000000e+03
4.408000000000000000e+03
5.044000000000000000e+03
5.985000000000000000e+03
4.749000000000000000e+03
5.911000000000000000e+03
1.264000000000000000e+03
5.013000000000000000e+03
4.650000000000000000e+03
5.227000000000000000e+03
4.609000000000000000e+03
5.500000000000000000e+02
1.127000000000000000e+03
4.793000000000000000e+03
4.205000000000000000e+03
5.880000000000000000e+02
1.026000000000000000e+03
4.721000000000000000e+03
5.673000000000000000e+03
4.559000000000000000e+03
4.792000000000000000e+03
3.781000000000000000e+03
5.510000000000000000e+03
3.815000000000000000e+03
4.969000000000000000e+03
3.897000000000000000e+03
5.761000000000000000e+03
5.214000000000000000e+03
4.730000000000000000e+03
4.589000000000000000e+03
