-1.208233146348857368e+00
-7.273978108160132905e-01
1.393151968416779241e+00
1.156169098660841499e+00
-3.747957121683676007e-01
1.445349102843884737e+00
-1.170421010357768132e+00
5.660343247952868140e-01
-1.747785320588201685e+00
-5.047510562053094674e-01
1.428158428631435939e+00
2.010303472248570422e+00
8.331891141379621502e-01
-1.820220755488679121e+00
7.738578999803706893e-01
-5.264874937507126873e-01
7.898655939219256794e-02
-7.635418259765645033e-01
1.697670286373345938e+00
2.096524194357431092e+00
5.358589936836342105e-01
1.367222655366520101e-01
8.795942383710553258e-01
-3.395774464802112647e-01
-5.272852929815261547e-01
1.516484056375519529e+00
-1.064274841357959467e+00
3.966564865901638370e-01
3.914765549000982503e-01
-6.457807379369970846e-01
5.978057750179743834e-02
1.014136442952970008e+00
5.473274977398645547e-01
-1.329364203394892030e+00
1.873454289240861215e-01
6.134987573175081366e-01
-1.327410758245087141e+00
2.170665952762105277e-01
7.530084324602430712e-01
-3.538041743166520092e-01
-1.410473002654397678e+00
2.031295088501487989e+00
1.827706892437856112e+00
-3.347034306936134129e-01
-2.056576823767385598e+00
-2.233389477227930797e+00
1.655589893355250197e+00
2.004687400568454514e+00
7.053838054368233301e-01
1.410983576705752363e+00
-1.445220243966063745e+00
-1.536271893823823564e+00
-6.125316815677672722e-01
-1.515107698324565710e+00
1.339945458775116727e+00
-1.278949224596444001e+00
6.170696918125528896e-01
-1.971866542256819343e-01
-1.347468445659109726e+00
1.388458161207957176e+00
1.952875908768286095e+00
-1.915505445969486686e+00
3.460562110569656014e-01
1.992540519962471279e-01
1.761354368256816016e+00
2.185374845265579680e+00
-1.091613237125893754e+00
7.962841903394624055e-01
1.498456504795946387e-01
-9.870874865432623935e-01
1.589594004354673906e+00
-4.890912210357845069e-01
2.107021438207459241e-01
-2.993261163031855077e-01
1.187843226505940208e+00
3.313589932947902383e-01
-2.178632705147808046e+00
9.664345613316491779e-01
-4.453571905175106593e-01
5.725814167809311073e-01
4.881625609529844922e-01
1.004220932985209203e-01
-4.165166223066965046e-01
-7.161443183974505189e-01
-1.112254376423259750e+00
-1.257085717622261622e+00
2.607310710301158352e-01
-3.390510832400455143e-01
2.114293171301603103e+00
1.481007444433228848e+00
7.213240140000278799e-01
-9.267409517199700630e-01
1.750654552043267920e+00
-7.396709982971341191e-01
-1.247856382360077898e+00
9.616707605023222527e-02
-1.871710705886506787e-01
9.563610104097026721e-01
-5.536729539050710969e-02
-1.016630711245449792e+00
1.180690034798313803e+00
1.855875371656487971e-01
-5.702521205542598892e-02
-3.358257050736721538e-01
7.198932320577959842e-01
-2.481327507350501449e-01
-1.145251297736074481e+00
-4.070562078915109794e-01
1.192035434216086820e+00
-1.665988439572689828e-01
-6.678039790594594294e-01
6.409148939191942063e-01
-3.512094893943009666e-01
1.315686149341566136e-02
-7.923889872337550599e-01
-1.263708293817654038e+00
-1.681078171112832642e+00
-1.663997460102460302e+00
1.295291836228679827e+00
1.709822774034250870e-01
-1.642762782609470396e+00
2.462481129854001694e-01
1.998725562974112968e+00
6.824711193805192977e-01
-1.430373560313644710e+00
-2.289276407063536301e+00
8.508099192578004732e-01
-1.807616095141347579e+00
-9.925306973356935458e-01
-4.116070249403396275e-01
7.890424905204254102e-01
1.963714515191203880e+00
-5.242358583675725825e-01
2.921955315322435354e-01
-2.299552258252066661e+00
-3.442048423953174563e-01
1.623149886785235196e+00
-1.859707127263696691e-01
2.805667238493905202e-01
6.977317829801759075e-01
4.332987071839058402e-01
-8.542708485824208609e-01
2.242818524071356734e+00
-2.693745749642495468e-02
1.435583822210260152e+00
6.026408019783069392e-02
2.587521449544638585e-02
1.821269651973359771e+00
-1.363977258069802190e+00
2.555405463162685464e-04
2.231831470312259924e-01
-2.172301732685320452e+00
-2.056344439261206247e+00
-1.201796522633100661e+00
-1.022840109471949255e+00
-5.738548501970344162e-01
-2.078534381270267239e+00
5.879926359177458650e-01
-1.151694952972601715e+00
1.487095221003235324e+00
-1.276771711300880963e+00
2.420886317584169944e-01
-3.817140200299338204e-01
1.890282582224063646e+00
-1.229042964991299058e+00
1.994849063494655184e+00
-1.035761326986261111e+00
-9.810853895019970849e-01
1.163478232037453708e-01
1.757859326755708551e-01
1.163116810933075840e+00
6.048469575102881635e-01
7.136151710934859338e-01
-3.084147808326118678e-01
1.011368997367034339e+00
4.792961316912123237e-01
1.225995246727443977e+00
-1.754432655354966286e+00
-1.291128709231152971e+00
9.734222460297381474e-02
2.440621513314678026e-01
-2.812999931527633279e-01
-1.651197158694204692e+00
2.073359638205527489e-01
1.813062704638448430e+00
1.748007280796777252e-01
4.759690638840643473e-01
2.160208441816831026e-01
7.586284662325031292e-01
1.930463087333773586e-01
-8.674866709466222403e-01
-1.128924170027616469e+00
-1.051582592940500938e+00
1.521477189345759484e+00
2.209357270983424826e+00
1.823460547874670823e+00
-2.429581883883376037e-01
1.437278937208207097e+00
1.889079671889799528e-01
1.583862692302211883e+00
4.919457113493521661e-01
1.451498616237775430e+00
1.393386530290036340e+00
1.640620850121056407e+00
-2.127715473890567477e+00
-1.842670210540934050e+00
-1.084720147571685001e+00
-1.606450885991926647e+00
-9.338479876379990330e-01
1.078317999021749074e+00
-1.002830978891583236e+00
1.138634493758288180e+00
1.070781280195457263e+00
2.043658050918750746e+00
4.436310733124635419e-01
-5.400636486962406835e-01
1.888708322972593834e+00
1.028362624999299868e+00
1.115019924512851368e+00
2.539171571109637426e-01
-2.038480810067761162e+00
1.534893737901896316e+00
-1.536199173591985989e+00
3.874869000283105436e-01
7.235288692591312909e-01
1.034764697499907626e+00
-1.321702662155280983e+00
-1.379761733605440188e+00
2.871000835060630862e-01
1.669518392724372191e+00
-1.657665072384606475e-02
-8.147462977328512324e-01
-9.156061690940466846e-01
1.217411342186130341e+00
6.019704964565644190e-01
8.784487609406816944e-01
2.342415798783905601e-01
1.135219264034371456e+00
-2.018712130839009244e+00
-5.834587488874216632e-01
1.134441749405343813e+00
-1.475111917247780013e-01
1.490295692636259162e+00
5.431216338932740584e-01
2.070121581064636729e-01
-1.461686136782756051e+00
1.651837760284850631e+00
6.220803333234687926e-01
7.053642512804891851e-01
-2.290644927000107245e+00
1.202832889195756039e+00
-9.805941354554583711e-01
1.023108556885401477e+00
6.001813360792151997e-01
1.378829588438508225e+00
1.011175403672202933e+00
5.395788991260310752e-01
3.717371715511763597e-02
3.392082978773904856e-01
-1.785167958827420520e+00
-6.230176295250435814e-01
-1.219359372209662062e+00
-1.931940551248744864e+00
7.757024415706004206e-01
-1.373733368444277403e+00
1.802465601932041750e+00
-3.333636709601419668e-01
-2.169486774371051752e+00
1.664407807026035968e+00
1.349078869842830208e+00
1.071342685839029585e-01
2.080800873498659165e+00
-9.078350630657787690e-01
6.632905073036265975e-02
-1.749419122405644345e-01
1.336720000657567908e+00
9.469517816817454303e-01
8.513965875867945954e-02
-1.230423848402567799e+00
5.691196120736909947e-01
-1.890962031026930390e-01
3.977865056456124648e-01
4.161883370606389576e-01
1.984197942078187893e+00
3.221556985079114810e-01
-2.142925553746870548e+00
1.210397513161627359e+00
9.383698456727174175e-02
8.133334165330659005e-01
2.279713433432651648e+00
3.468240807184130858e-01
-1.909921749833423110e+00
-4.499597110630322305e-01
8.511025788885318022e-01
1.699643771358739563e+00
1.943151300217262900e-01
-1.140671481328123793e+00
2.051356585006888444e+00
1.746095522164557323e+00
-6.698781339637731591e-01
-8.696041616780494365e-01
4.034390845269104631e-01
-5.151094973088268247e-01
-6.501111639280656718e-01
-6.727240431240950613e-01
-3.958005623660936223e-01
-8.600387218077010232e-02
-1.532136736803954680e+00
-1.888821352893975458e+00
1.874129466593861260e+00
1.426134332563506746e-01
-6.102272391661491824e-01
-5.755760697767930978e-01
1.936507443042545518e+00
2.082802494911638824e+00
1.252062675611016473e+00
-5.935778933818571801e-01
-2.088639639936687331e+00
-2.026343214117880542e+00
-1.166637199846433326e+00
-2.251807166032576468e+00
1.515384956545120509e+00
5.665346956188948013e-01
1.776443360014825501e-01
-1.097365131652383141e+00
-1.085810973987317851e+00
2.103335334527583811e+00
-7.412129722724003500e-02
1.756023739716912502e+00
-1.409852223915155633e-01
8.179056151974641864e-01
-1.852697961623717582e+00
2.150396455101017956e+00
1.987001422649523619e-01
3.909431792832389618e-01
1.642138051026726941e-01
-5.191661923925776634e-01
1.600549678825472277e+00
2.138116385201764835e+00
6.285990796139362402e-01
1.377632345894133081e+00
1.780056652519318661e+00
7.678752939522359711e-01
-6.769997879114093564e-01
-1.614402776413115248e-03
2.253034296072775611e+00
-1.949914108189867434e+00
3.966289278734658197e-01
8.017156104802927175e-01
9.583216479910170449e-01
2.097429596223898685e-01
-2.828454892252825204e-01
-1.806507136402760061e+00
7.809433958933045261e-01
5.549174875131228646e-01
7.366214534526962510e-01
1.633197327306932678e+00
1.086650924327674517e-01
6.089978802652709078e-01
1.842870759696180194e+00
-4.740252881539976926e-01
2.684808980944985990e-02
3.280889605453207736e-01
8.340658682119128642e-01
9.178565735542836279e-01
-1.267183552927075851e-01
-3.579532139015109138e-01
1.838107619606250687e+00
3.025648298780776457e-01
1.418750042989273652e+00
7.709131059868434832e-01
-4.962836458978800991e-01
-6.389931527797019228e-01
1.446987382085591634e+00
-6.836480800258861734e-01
-6.191907635426936451e-01
-1.210490738941407685e-01
-9.065285878007891540e-01
-1.634450248804927952e+00
-4.156813173170643694e-01
1.668873998457001129e+00
1.086392307603139429e+00
-6.207521461458744838e-01
1.920715722582286844e+00
1.313082731018323734e+00
-1.736366561063356073e-01
-5.118431227810749107e-01
-1.024477003760028815e+00
8.058309043003584193e-01
-1.719969816430725995e+00
-4.969430143671536015e-01
-9.540308663530190358e-01
-2.034571098186911620e+00
1.714227885421020225e+00
1.210075233336530331e+00
3.193023162986428076e-01
1.404699992607431724e+00
-1.486062500474409465e+00
-5.775504723543809504e-01
-1.548210567669391580e+00
-1.468722337371537012e+00
1.426885805803587814e+00
6.204062405589461093e-01
-1.956394760085717444e+00
1.758741981645776775e+00
4.270981038410956998e-01
9.561584209094213804e-01
-1.861058523223364958e+00
-8.698203560375539212e-02
1.517764380840347371e+00
-2.149821828001480029e+00
-1.389009729767614054e+00
7.439173482081873345e-02
-2.131436186014106671e+00
8.356378795663843562e-02
1.882789189456667955e+00
1.932198398920894178e+00
7.153679004642725658e-01
1.469120586558871011e+00
5.927830154909363714e-01
1.649932129876483522e+00
3.225067071773359828e-01
-1.051480912318241145e+00
-6.827656973496250004e-01
-1.406024873391632291e+00
-1.751022459680514842e+00
1.129752274602211060e+00
5.461063190074275653e-01
3.185789460315451294e-01
1.035766740019306908e+00
1.409342347778306248e+00
-8.034490395509639171e-01
-2.094400149118397003e+00
9.576730731167888422e-01
-1.403319973222107109e+00
5.014635145967236696e-01
-4.540291122190298623e-01
1.013190680468331273e+00
9.032091189062763092e-01
-1.302310197817815318e+00
-1.383087465010612416e+00
-1.811256658936391872e+00
1.446558612945647582e+00
4.548337990838549061e-01
3.092102148015349883e-01
-6.702543927881219332e-01
8.325175024758326714e-01
5.694741951936848068e-01
-1.778338156335774300e+00
8.757977454439425102e-01
-9.865714048459697239e-01
-1.367309741171194304e-01
3.885119739475690892e-01
1.476657297649948575e+00
-1.121177001380376126e+00
8.972649910888641500e-03
-5.075574030888398980e-01
4.753419876929321219e-02
-3.544766909659893273e-01
9.402901703113055731e-01
-7.935682572217084285e-01
1.712377691265754009e-01
5.750766502271140723e-01
-6.855845149918584625e-01
-1.969148957662176347e+00
2.200515062010217626e+00
9.997579958771716235e-01
-8.287620441355949552e-01
-4.019970812518840475e-01
-2.165060469539289656e+00
9.448937729384994100e-01
-5.790382246791638821e-01
-6.679955627772917737e-01
-8.669608267929973522e-02
3.481563958961828575e-01
-1.679026644941957969e+00
5.630939452095438114e-01
1.694854391173326036e+00
2.239974972751550553e-01
-7.033174239666948324e-01
-1.004808357609920488e+00
-4.779480643359770298e-01
-1.538608766808231110e+00
-3.752317326075536030e-01
1.033563949916143088e+00
-4.493311355340381397e-01
-1.550700577007681602e+00
1.443081344967893642e+00
-1.181730081558465706e+00
6.472764716549672670e-01
-2.993913219782324830e-01
-1.139242540372868540e+00
1.049715441034422270e+00
7.762982606481099168e-01
1.896462241998582599e+00
-1.594922362852120301e+00
-5.332903956349328567e-01
-8.455888114461593830e-01
1.403814559928853178e+00
-3.711770558669700293e-01
