6.789000000000000000e+03
4.881000000000000000e+03
5.430000000000000000e+02
5.180000000000000000e+03
2.524000000000000000e+03
1.543000000000000000e+03
8.561000000000000000e+03
6.347000000000000000e+03
9.075000000000000000e+03
2.679000000000000000e+03
9.211000000000000000e+03
9.246000000000000000e+03
2.367000000000000000e+03
9.183000000000000000e+03
9.259000000000000000e+03
1.123000000000000000e+03
1.329000000000000000e+03
7.970000000000000000e+03
9.223000000000000000e+03
8.982000000000000000e+03
9.958000000000000000e+03
9.963000000000000000e+03
9.269000000000000000e+03
9.917000000000000000e+03
1.030300000000000000e+04
3.887000000000000000e+03
5.101000000000000000e+03
9.759000000000000000e+03
5.617000000000000000e+03
9.117000000000000000e+03
4.220000000000000000e+02
1.934000000000000000e+03
2.292000000000000000e+03
2.864000000000000000e+03
9.161000000000000000e+03
4.913000000000000000e+03
2.966000000000000000e+03
2.174000000000000000e+03
9.962000000000000000e+03
9.347000000000000000e+03
9.422000000000000000e+03
3.498000000000000000e+03
7.970000000000000000e+02
9.789000000000000000e+03
9.212000000000000000e+03
9.956000000000000000e+03
1.915000000000000000e+03
1.750000000000000000e+03
9.045000000000000000e+03
3.147000000000000000e+03
1.399000000000000000e+03
4.214000000000000000e+03
8.702000000000000000e+03
9.933000000000000000e+03
6.285000000000000000e+03
4.245000000000000000e+03
2.012000000000000000e+03
1.320000000000000000e+03
9.138000000000000000e+03
2.820000000000000000e+03
2.272000000000000000e+03
7.456000000000000000e+03
1.713000000000000000e+03
1.756000000000000000e+03
1.815000000000000000e+03
9.402000000000000000e+03
9.056000000000000000e+03
9.470000000000000000e+03
1.122000000000000000e+03
3.071000000000000000e+03
1.127000000000000000e+03
9.566000000000000000e+03
1.681000000000000000e+03
9.548000000000000000e+03
4.160000000000000000e+03
1.007000000000000000e+04
6.949000000000000000e+03
5.411000000000000000e+03
1.732000000000000000e+03
1.174000000000000000e+03
3.274000000000000000e+03
2.397000000000000000e+03
1.748000000000000000e+03
2.612000000000000000e+03
5.810000000000000000e+02
2.406000000000000000e+03
4.760000000000000000e+02
1.378000000000000000e+03
3.526000000000000000e+03
6.751000000000000000e+03
2.295000000000000000e+03
1.913000000000000000e+03
3.314000000000000000e+03
1.297000000000000000e+03
9.410000000000000000e+02
2.757000000000000000e+03
2.838000000000000000e+03
2.672000000000000000e+03
1.531000000000000000e+03
9.865000000000000000e+03
