6.789000000000000000e+03
4.881000000000000000e+03
5.430000000000000000e+02
5.180000000000000000e+03
2.524000000000000000e+03
1.543000000000000000e+03
4.191000000000000000e+03
8.065000000000000000e+03
5.680000000000000000e+02
4.430000000000000000e+02
1.069000000000000000e+03
5.970000000000000000e+02
2.624000000000000000e+03
1.819000000000000000e+03
2.039000000000000000e+03
3.842000000000000000e+03
6.219000000000000000e+03
2.086000000000000000e+03
2.705000000000000000e+03
5.716000000000000000e+03
1.712000000000000000e+03
9.733000000000000000e+03
9.899000000000000000e+03
3.100000000000000000e+01
5.700000000000000000e+02
2.037000000000000000e+03
2.926000000000000000e+03
1.732000000000000000e+03
9.240000000000000000e+02
6.200000000000000000e+02
2.413000000000000000e+03
9.602000000000000000e+03
1.508000000000000000e+03
9.320000000000000000e+03
4.610000000000000000e+02
1.738000000000000000e+03
9.738000000000000000e+03
9.230000000000000000e+03
2.110000000000000000e+03
3.757000000000000000e+03
2.698000000000000000e+03
9.330000000000000000e+02
9.491000000000000000e+03
1.364000000000000000e+03
5.785000000000000000e+03
4.453000000000000000e+03
9.857000000000000000e+03
2.680000000000000000e+03
9.311000000000000000e+03
9.986000000000000000e+03
1.088000000000000000e+03
9.413000000000000000e+03
9.120000000000000000e+02
8.440000000000000000e+03
1.124000000000000000e+03
5.540000000000000000e+02
9.641000000000000000e+03
9.235000000000000000e+03
3.803000000000000000e+03
3.060000000000000000e+02
9.451000000000000000e+03
9.420000000000000000e+03
9.969000000000000000e+03
1.084000000000000000e+03
1.082000000000000000e+03
7.930000000000000000e+02
2.909000000000000000e+03
9.181000000000000000e+03
3.509000000000000000e+03
1.526000000000000000e+03
1.283000000000000000e+03
6.639000000000000000e+03
2.664000000000000000e+03
6.022000000000000000e+03
5.630000000000000000e+02
4.196000000000000000e+03
4.457000000000000000e+03
1.018100000000000000e+04
9.213000000000000000e+03
1.718000000000000000e+03
3.756000000000000000e+03
9.470000000000000000e+03
1.786000000000000000e+03
2.605000000000000000e+03
7.670000000000000000e+02
3.684000000000000000e+03
6.220000000000000000e+02
9.315000000000000000e+03
3.477000000000000000e+03
5.190000000000000000e+02
5.010000000000000000e+02
7.080000000000000000e+03
9.460000000000000000e+03
9.738000000000000000e+03
1.857000000000000000e+03
2.740000000000000000e+03
2.737000000000000000e+03
3.001000000000000000e+03
3.293000000000000000e+03
6.790000000000000000e+02
