6.903236130941179383e-01
-9.143138550084248806e-01
-3.870693639055140522e-01
-3.124106321828943322e-01
-2.366306279713734639e-01
-7.665121763839701785e-01
-4.213332119159929334e-02
3.489308340678443088e-01
5.121583530203954737e-01
-1.967783395343527530e-01
-3.417732935914479242e-01
-4.927726659640017104e-01
-2.255054440078817279e+00
-5.931561560942135714e-01
-8.449510879410482289e-03
2.923823209560083569e-01
1.550670942578619815e+00
1.598095465568381002e-01
1.984939606638569387e-02
6.950710080509745481e-01
6.653210407264449344e-01
-4.960764840532148057e-01
-1.706466819812639812e+00
-1.838548677875850856e-01
2.091453198882202713e-01
-1.982822104910563432e+00
-1.019544809823594633e+00
-3.237540227996591469e-01
-1.604586239671483838e-01
-2.365197567011891877e-01
1.027133127799482182e+00
1.353661081138078259e+00
-1.815113028082535607e-01
2.686737032307151551e-01
-6.538449002984307867e-01
7.225099719897887240e-01
7.032969823847468049e-01
-9.020185242078024856e-01
-5.677405146317981988e-01
1.383424142343815610e+00
3.670973004300313036e-01
-1.359764039622990861e+00
8.722375491874148068e-01
-8.320534745425041123e-01
1.501214860796187267e-01
-4.440961173029744913e-01
1.191822924202520895e+00
3.134904466413352964e-01
-1.415455803881432217e+00
3.554780248572235735e-01
-5.949108125337296826e-01
-1.132399098688336991e-01
-1.662772840392321427e-01
-5.902563918319527758e-01
-1.175301641216911719e+00
-1.631817195356877193e-02
-7.231317115906286119e-01
1.382246741143959845e+00
-3.207710412578830272e-01
-6.370614935099707665e-01
-4.160645777470417528e-02
-1.338073734143203630e+00
-3.851101161195540357e-01
-8.766490905572412728e-01
1.088112677543771056e+00
5.857349954082504695e-01
2.802472474333885799e-01
-2.239384674996232505e+00
8.245835673887702555e-01
-1.223283020149129818e+00
-2.722566934874643962e-01
-9.210908718313550736e-01
-2.888319603849351935e-01
-5.714448023473996940e-01
1.244491841296371248e-01
6.397575815800493615e-02
6.191041829128129947e-01
-1.263677977898913785e+00
-7.450103356124095910e-01
-6.855516614162322497e-01
7.172586326148717717e-01
1.020814463136519912e+00
5.650321974990362150e-01
-5.222958867212961209e-01
5.205529412904006392e-01
-1.349124121667987453e+00
9.484090302088210578e-01
7.211981674414280619e-01
-4.968318469369616963e-01
-4.747790417441208888e-01
-1.203283522308975506e+00
-1.046945280030193715e-01
-8.938088504097700948e-01
3.941729414369650186e-01
-7.412320425684395531e-01
1.023078600637006730e+00
9.359439758869640968e-01
6.492434849859654022e-01
-3.602010239379893619e-01
9.293446908336946422e-01
-1.169380783055824935e+00
-1.764677766239231005e-01
-2.216524650758602277e-01
1.747324595101753530e-01
-1.055831407349336892e+00
-1.350907767922994829e+00
1.475759407527490907e+00
-8.683518985223823705e-01
1.844511507580284260e-01
2.096545315199005444e-01
-5.758739848905216618e-01
5.286822016607271024e-01
-5.177680076150217303e-01
6.990751325103072844e-02
1.549918717715623728e-01
8.039749446164448088e-01
2.745925453994066956e-01
-1.244163452603048725e+00
4.000416104318063049e-01
-9.625048908442925821e-01
6.017714841777497270e-01
-3.587188229562752184e-01
-4.491703075300108594e-01
-9.958268189994896602e-01
-8.731700402551521023e-01
-1.572555059992573057e+00
-3.308279235906521620e-01
8.401170003693732014e-01
2.635307446380918961e-01
6.460633665601633879e-02
-3.155785024035733244e-01
9.107569793117527013e-01
1.511210735066299549e-01
4.864491368215784206e-02
-4.567313447783813984e-01
3.298902191566810416e-02
6.247308542360920924e-01
9.114257867600024099e-01
-2.760616450789390441e-01
1.092963298015254381e+00
9.507775296632807738e-01
1.819118711746825490e+00
2.194568838168597935e-01
-4.054792750212801167e-01
1.191221590328275681e+00
8.713224963556589486e-01
1.679064526284243186e+00
-9.239947738232974217e-01
-4.315196177226452434e-01
9.932025902922925198e-01
-1.041961954857326678e+00
-1.162935126599995428e+00
-2.615213607825470632e-01
-1.664957069621082031e+00
8.092932683119071768e-01
1.000395924143184345e+00
-5.257066985246998669e-01
-7.278257359538873317e-01
-9.930647937793581903e-01
3.663093733631841431e-01
-4.677667157245917195e-01
8.594969788100526031e-01
6.044030797421644507e-01
-6.643184424685211198e-01
6.516961191973482670e-01
2.239572775975275931e-01
-1.112064977591265880e+00
1.497013225775631895e-01
1.076729082935812265e+00
-4.480153742063555100e-01
6.459090660210460300e-01
-6.359632286886283126e-01
5.571379456120792995e-01
4.922889596601018880e-01
2.112669274686984622e-01
-7.607309114192197796e-01
4.714303150478649229e-02
-1.256057594722150839e-01
8.767179942960066086e-01
1.361050787551253194e+00
-6.684992396885656163e-01
-1.270226879313373303e+00
-1.013683326137141627e+00
7.258661440299789547e-01
-8.294166222666454757e-01
-5.233517268602305705e-02
-4.291273891313718281e-02
1.329377856599336383e-01
-1.359952314141370522e-01
9.997954891095979235e-01
3.570098335043478954e-01
1.463889331855583009e+00
-5.310349980093747035e-01
1.538666244764739233e-01
1.104425811932552293e-01
1.157091344222375362e+00
-5.351450318205683843e-01
-1.266261283868619358e-02
-1.465939796336544809e+00
5.296487476430549179e-01
3.130533352830457972e-01
3.458621367748628828e-01
-4.568837483546417388e-03
-2.616184161455699098e-01
7.530871016334170776e-01
-1.286295830889552239e+00
2.762756344267565112e-01
-7.360241940135452410e-01
-6.028998617177965258e-01
3.899754089006002289e-02
5.567641646853420667e-01
-1.344371681204199032e+00
-5.879133235319411455e-01
-7.013943186384814510e-01
-5.836069070465192965e-01
-6.326277303289566944e-01
8.340957694336523787e-01
-3.076545753916057890e-01
-8.483135664777261553e-01
-1.496320872778014177e-01
-4.813074840479734107e-01
2.240565492479404952e-01
-3.647432245924076000e-02
1.931845659369919588e-01
1.263349790088527769e+00
7.910907790835857156e-01
1.812598355725496546e+00
-2.391157086415311994e-01
2.597556263325948578e-01
-1.014740425318292338e+00
-1.514141234861190455e+00
-6.885503715250882451e-01
4.006579649137442800e-02
-6.283948288373606417e-01
1.853687358174198607e-01
1.206875273720005026e+00
7.812241635318777355e-01
-2.719688733023595262e-02
2.582245846843047588e-01
-6.568435661953664351e-01
-9.606871968192534084e-01
4.044273564781342145e-01
1.065443717962257786e+00
-1.525632290297318505e-01
1.376694113204539605e+00
9.138247061708941743e-01
1.410718322088900578e+00
-1.013561166866242758e+00
-7.712162357598364437e-01
2.505336381119054323e-01
7.239990525346096106e-01
1.220835524678820505e-01
2.649276300053371003e+00
1.017954865913470286e+00
1.980437431871440168e-01
6.607797767639302933e-01
-1.722745464815558236e-01
-7.513209459588576777e-02
-9.206510413739490417e-01
-9.849121669726557116e-02
1.201567953837132663e-01
3.321968299362740851e-01
-5.017032136721200075e-01
-1.033935243538648407e+00
1.591510412484256065e-01
6.896081028801948065e-01
8.402365731464307430e-01
2.538873117692554970e-01
1.277587052133666745e+00
5.012685437067174732e-01
-1.356710915651477833e-01
-3.861677464567945250e-01
3.141876452806204867e-01
-9.610277254262111768e-02
-9.699266771784929020e-01
-1.279249401782429629e-01
-6.169899172257320430e-02
1.152747655724848386e-01
1.847364618806989434e+00
1.501991257162995197e+00
5.031513850881861316e-01
-3.827113943341808877e-01
1.055285158711653182e+00
4.855584552413638733e-03
1.495669388848632764e-01
4.588939185476448301e-02
-1.642310966827089658e-01
5.956260782822297983e-03
-3.960199539035880179e-02
2.645486125212315187e-01
5.078104544405714904e-02
5.870033650825501326e-02
-1.253596079410197017e+00
9.945706698725942374e-02
1.039570343890170889e+00
-7.434411613835045785e-02
2.687379557158910970e-01
2.448453855982712923e-01
-1.367333668830275073e-01
-8.223438324217298145e-01
1.691615438084541623e+00
1.434593560280212898e-01
1.301318766371917235e-01
7.099545897076939838e-01
-5.745265658271678788e-01
-5.891293475565619886e-01
-2.986357860182051738e-01
-1.571204125108568661e+00
-1.065762842984691261e+00
-1.061005436099249799e+00
4.084998257030969526e-01
-6.386344384096718230e-01
2.552374535142298839e-01
-1.462839818275325499e+00
1.237064779666318337e+00
1.965603103408941621e-01
3.823804713629179730e-01
-4.225902702072650285e-01
-1.052898024033286362e-01
-1.449115712727971239e+00
-4.857010086767399315e-02
-5.426084457299005237e-01
7.495920508457176723e-01
-5.584672817876068507e-02
2.615672714954264677e-01
-7.833804665560126779e-01
9.147823951784959107e-01
1.244923940320914468e+00
-3.613655785991154445e-01
-1.006760516710826003e+00
1.853252205269041220e+00
-1.507381686103245855e+00
1.154056067596433977e-01
2.129645947220293323e-01
-1.730139414752613902e-01
-9.854945950678839495e-02
-8.398458422847472349e-01
1.110277085843613065e+00
7.429610872980880742e-01
-4.614542522288784809e-01
2.733102542078134078e-01
-6.356983045408242106e-01
-1.136971903558661179e+00
2.330888009718279363e-02
7.199270646747200075e-01
-3.527213146864358606e-01
-3.318468016319267022e-01
-5.821789902505294378e-01
-3.363959340706355050e-01
-3.954439018862299093e-01
-8.956159790430895384e-02
1.610556100185061013e-01
3.391291051534386369e-01
-3.818716289487316118e-01
-6.112937951373993428e-01
-1.664902514121141763e+00
-1.450358130333535556e-01
-3.889274783391529766e-01
9.600677029063220402e-02
-9.929956316277976924e-01
-1.479282382769250503e+00
-7.241178163023143100e-02
1.999423621904217185e-02
-3.616264096745425149e-02
-3.458476723521188845e-01
1.102026007949312714e-01
1.441319279037454493e+00
1.061302593220025514e+00
1.025288662500973835e+00
1.050624208364860479e+00
-9.967760108521517282e-03
-9.916380548689698315e-01
-1.732579667551567226e+00
-1.225245550657441118e+00
9.289563070004795975e-01
1.203907781733615678e+00
-2.899164203789954541e-01
-6.321025716307149267e-01
-3.341381084341810137e-01
2.871001431144435401e-01
2.413516159810189521e-01
-3.526599757972963545e-01
3.314175830457504190e-01
2.051218654557665388e+00
2.568997357847990770e-04
-2.275081219099304164e-01
-7.335368650747708941e-01
2.591466691463484295e-02
-8.683591843165592294e-01
6.254610874157879863e-01
-2.668051661093553406e-01
9.766469703576756700e-01
9.520510504301915589e-01
-1.293806496159259467e+00
9.132204625518802743e-02
1.383768090161796138e+00
-4.312631777557704993e-01
4.078473573069310021e-01
3.503265047709058777e-01
-6.120023290327907262e-01
-1.337339267722978953e+00
-4.154747968011669457e-01
-2.893908364466390992e-02
-2.371905705606875969e-01
-1.654332393726329897e-01
1.190012973839662536e-01
-6.191193228412750216e-01
2.288656399959165810e-01
9.976634649151012724e-01
-1.018774121138683597e-01
-3.453147977245594191e-01
-1.305947840031871365e-01
2.719166551951950339e-01
5.046081864080207424e-01
-7.717652887129915484e-01
7.107907374304325288e-01
-1.030657090620544558e+00
-1.227334105991397806e-01
-2.113966206436472817e-01
-9.477147926423459268e-01
-2.946944224039009796e-01
3.395047565265301159e-01
4.959137369439128307e-01
1.038205480942480996e+00
-2.234618680853310835e-01
-9.399215653491079792e-01
-9.608290357762019340e-01
7.269413853519610669e-01
-4.185141360220629991e-01
-2.560660612482692500e-01
5.529973631414080160e-01
4.986280333437509427e-02
6.490169835197665549e-01
4.499317682685157749e-01
-8.462816222213609407e-01
4.602361536373145157e-02
-1.603021821805773683e+00
-4.032644665087907754e-01
1.142480854902389709e+00
-3.551525472739598399e-01
-1.225475442771578827e+00
-1.346029425770446153e+00
-3.385181660599290154e-01
1.065090265689896398e-01
-1.764564942100079303e+00
-2.757885730171718563e-01
1.988188304375437809e-02
1.074394046676593106e+00
-1.292057779315801902e+00
-2.677656375986225967e-01
-4.855094670936663803e-01
-1.817409950188917378e+00
-7.656662519588861571e-01
-3.083429586979544723e-01
-2.248832715026134466e-01
-2.455797577759621930e-02
1.681448688328579522e-01
5.451481420737103178e-02
1.513170978388123089e-01
-1.335132327075552183e-01
3.174712720826882162e-01
-6.873082846540601309e-02
-5.048217353298491972e-01
-7.820639366388091318e-01
-3.399885497128600775e-01
-5.899506000122531901e-01
-1.610100270095493613e-02
1.450519022339761932e+00
-2.411973656377588426e-01
-1.825779741312842930e-01
1.213294679080874516e+00
-9.129394669099264448e-01
-3.911558997197044363e-01
8.320746636894948978e-01
-7.581732303593060607e-01
7.247156483417889206e-01
-1.283640549369096107e-01
-6.768632535092500291e-02
-1.226221088982848872e+00
1.593456575238683115e-02
-3.568207964285186051e-02
-6.884479914417722668e-01
-1.386877655658037334e+00
-1.073702494542920771e+00
-9.144247506435636552e-01
4.316474301354933374e-02
-1.423904149046213874e+00
3.190641016394444307e-01
6.431610548902897406e-01
-7.500562415577611830e-01
1.173239667637373529e-01
2.717162427804815650e-01
1.621059522114229878e-01
-2.933777380253967948e-01
-3.935097167679035834e-02
-6.392814001837487936e-01
-3.213329101273130206e-01
-8.835042125131931101e-01
-8.373072413554325522e-01
3.381799880584033247e-01
-6.164994971442823157e-01
-5.715512464095118261e-01
-2.664992936753298736e-01
5.178598277222246082e-01
-6.820169865665786091e-01
7.593133488765060335e-01
-7.729237713367611562e-01
-6.745823675090214522e-01
1.835751531073643861e-01
5.034941055900787887e-01
-2.703713295567871100e-01
3.016543340768311765e-01
-1.492835740442046699e-01
6.175602440785965541e-03
9.995403488189804619e-01
1.684715006793098269e-01
2.489940545739006694e-01
3.610867423458792302e-01
1.142005871389883964e-02
-4.016519018220865433e-01
8.288693935286524095e-01
-1.280441463094392773e-01
-6.687914299746902103e-01
7.491122598730655113e-01
-3.102051263804712633e-01
8.609233641669646886e-01
-5.570592889935399583e-01
-3.879319401425034286e-01
-3.908567448214688156e-01
-5.020197517602023041e-01
-1.461183896262578941e-01
7.039821797687864091e-01
1.055117857421199901e+00
-3.415589411378698870e-01
-5.944382379296939689e-01
-2.193688472040253856e-01
-4.599777726652565235e-02
-1.199709063102393003e+00
-6.048148209210602033e-02
6.191251309125656022e-01
2.052777203494160929e+00
-1.279170079514027947e+00
-1.542094795071049518e-01
1.049916676160692397e+00
-3.721492279526721347e-01
-1.453566355797568654e+00
4.503008846248857111e-01
1.139698569863540456e+00
-5.490421772811071577e-01
-1.657837799287685598e+00
5.304962197282527825e-01
-9.163282897054010334e-01
9.104229380087680568e-02
1.268862468569356139e-01
-6.518427869021614640e-02
-1.070899359439225762e+00
1.156003908114845657e+00
1.332715442125744332e+00
4.910431408408673093e-01
6.080580507424402370e-01
2.719021919606001703e-01
9.772817447606776398e-01
4.094261482545382691e-01
-4.809829350778258572e-01
2.780715185977005177e-01
-1.311841400175743466e+00
-6.228873070396154787e-01
-3.750645433635408921e-01
-1.274842702888685508e-01
4.458321396682372040e-01
3.497078410366043499e-01
-3.838624245622703768e-01
3.351897027377424010e-01
2.848783420589215964e-01
-1.986480887017130215e-01
1.280094715586610477e-01
-8.984202227399826768e-01
6.658515732120884323e-01
1.861187864731430608e-01
-2.035012748658818094e+00
-3.160347851300704392e-01
7.781734119384786652e-01
-1.750569410328877140e-01
7.846731723379214429e-01
-9.125359963702539545e-02
-3.698336731578875103e-01
1.637070812672501319e+00
9.075043598926635369e-01
1.391051884011056394e+00
1.435251924142280089e-01
1.154301094102283542e-01
-6.194864402159971917e-02
3.406845520847490150e-02
-1.309977153516333814e+00
2.207152017341931227e-01
1.292805426751714393e+00
4.603867691310350452e-01
4.642908581318918593e-01
-6.317499080863129279e-01
4.376271818136956426e-01
4.496535056860224699e-01
8.227260643354394887e-01
7.704115940252354022e-01
1.197316084737972908e+00
-5.948190525346097601e-01
5.346216776428978079e-01
-1.245109767970337789e+00
-1.031044046277545867e+00
-1.109907483927461413e-01
1.184712385504220755e+00
8.119950478465352006e-01
-4.887553816942693530e-01
-1.241659953725561039e+00
-1.196221114834346899e+00
-2.020779158720147350e-01
-1.130204941945813779e+00
5.596229248600446127e-01
7.260700709538836506e-01
-2.470731081482551161e-01
2.385533990611801158e-01
2.730682982396253067e-01
7.060015257299037117e-01
-1.619705534323649943e-01
1.380967863170168286e-01
-1.939464700871436520e+00
3.114286392654488367e-01
-1.643285008848947015e-01
1.048428618454144257e+00
6.246734070131783056e-01
4.074022924956750558e-01
3.344741189697479911e-01
1.585605904884159756e-01
8.163558109798287887e-01
5.545654482996740242e-01
1.129121373357497404e+00
-5.696712655401894310e-01
3.549292996010953161e-01
1.373594890768625731e-02
-5.435917472101099435e-01
-8.864917458157330898e-01
-9.075816709608730548e-02
1.407599215946596871e+00
1.764200214791714849e+00
-6.297339964568600124e-01
-4.008296802558408700e-02
-1.173072079136363133e+00
6.679973519473261234e-01
-3.308932625751204171e-02
2.038751097054349870e-01
-1.005500815382975865e+00
-4.464787240966883175e-01
1.261090772221439948e+00
-4.126111283319620071e-01
-3.856611675606593792e-01
5.771673297837462968e-01
1.000660330646968355e+00
-3.297250839585785798e-01
-4.217728166670156043e-01
5.340468507009497046e-01
1.013537356583133153e+00
-5.995522072476608955e-01
5.296156440485075834e-01
-1.456110369632765966e-01
3.868885508997923495e-01
6.742214405794211274e-01
1.032897954005846941e+00
-2.077819276189867281e-01
-2.712201912329135212e-01
8.512085908768600717e-01
-3.227272566999479508e-01
5.742930785025937013e-01
3.004288969679365096e-01
-3.671704561030884051e-01
3.700312070154421207e-02
5.039263256368506916e-01
1.323267560201337290e+00
-9.767095291442409177e-01
-5.376256486718951066e-01
-6.344933001228811875e-01
-2.382944728282865299e-01
5.421673099759791725e-01
1.477038525600029573e-01
7.108668153300108372e-01
-3.171648677074037082e-01
1.096218157411930072e+00
-4.845943060538013825e-01
7.123297383635049940e-01
6.098564570802436080e-01
-1.328483499146690505e+00
-1.512856036375251456e+00
1.410419197106546285e+00
5.254367209023689256e-01
-1.013597869377575122e+00
6.848284588720554567e-01
-7.403333558485645227e-01
-1.219575448896537573e+00
-2.212059615431742898e-01
1.458021176173657452e+00
3.920355228257399460e-01
6.833107419401143190e-01
2.672181640115676160e-01
-7.783349859434824936e-01
1.027423808720957510e+00
-7.578898372563500629e-01
-5.841865244722104222e-01
5.951238281051551837e-01
2.360431457530247634e+00
-1.134922682556231521e+00
2.114378010818542819e-01
-1.877912285639791179e-01
-7.814413596820397601e-01
2.542117629182847338e-01
-7.551176753462325308e-01
7.545745871494808910e-01
1.039910981941343238e-01
-3.885183902948368129e-01
2.852979143402549767e-01
-2.307206829339696341e-01
-1.514618921251695838e-01
-1.487774621564037503e-01
-6.215902329943991944e-01
3.479978739515763309e-01
-9.001459256788910679e-01
2.255754896649877494e-01
7.815495901605293838e-01
1.197746944335924546e+00
4.455102899730931654e-01
7.853639874213467209e-01
-4.398928987030163995e-01
-5.207221317937893446e-02
5.388477426511570911e-01
9.316323093572513869e-01
-7.099804528088089484e-01
-1.075146166058984498e+00
1.651442167410337447e-01
-1.190234960305784906e+00
2.106985713123261661e-01
-5.791115318751831609e-01
-1.362191285582548872e+00
3.615692291530026026e-01
-1.157925550139200510e-01
7.828386368153612551e-01
-4.997253467900852897e-01
-1.362679995651925324e-01
-1.175831150817412407e+00
-1.802963528941692317e-02
5.786748074226899519e-02
-5.611954821411071492e-01
-3.846346295314688746e-01
-3.365429293556418955e-01
2.831761221951003549e-01
8.216163818378943162e-01
7.052266609758959248e-01
6.791624594805414361e-01
3.346107397467896760e-01
9.863803283742562655e-01
-7.046779688970623567e-01
-1.208118952980521410e+00
1.023479843411577939e+00
-1.117898409573840901e+00
3.688981571466687370e-02
-1.010574830595043050e+00
1.887540572340391520e-01
-5.020863004362032811e-01
5.063405060665768787e-01
7.120184301113869907e-01
-1.026335865970469108e+00
7.823476199272842990e-01
-5.017474056144113348e-01
5.509955962433874532e-01
-6.341147035821474987e-01
-2.142712044503065627e-01
-4.638661060692772509e-02
-6.175148620242936204e-01
-5.067530491040574958e-01
9.754940847486093247e-02
1.180294512765311055e+00
5.031728396040762163e-01
-7.637957813696569787e-01
-5.628598997741294241e-01
-9.225041416078125778e-01
-7.889988464866881657e-02
-2.400470298555257287e-01
7.176718902009868728e-01
8.688748045507876938e-01
-6.474810111851247996e-02
8.327743770080955343e-01
1.700015435931200081e+00
8.238288441855869948e-01
3.370351465658156798e-01
-1.721111341657910021e+00
6.413309525016828161e-01
1.013166466420982736e+00
4.752355767709017798e-01
1.401469210371201868e+00
-1.073303784611582046e+00
-8.709389328033090294e-02
7.525868508122002254e-02
7.181378601101027215e-01
-3.503687174858640674e-01
1.892203895205044617e-01
-7.057939100874150995e-01
1.481758736510405683e+00
-1.381098743836512988e+00
-4.355262940604252009e-01
-5.271973530724007873e-01
-1.500509704050872362e+00
6.180612215518745955e-01
-4.077053949631181951e-02
6.866059391069825324e-01
3.787906395703064533e-01
6.160831885764386229e-01
3.726417270831010597e-01
-5.873673796447773654e-01
-1.786079925195744877e-01
-1.702083960760703008e-02
-1.021948323202882314e+00
-7.604835280857660251e-01
2.768143554140483076e-01
-1.095034162885256457e+00
7.499979495494830672e-01
3.551212088046895587e-02
-1.174749977582714155e+00
1.584326397755239313e+00
-1.206845415881026895e+00
-2.100445663052035172e-01
-4.751974660949578322e-01
-5.279970951135934953e-01
-1.318249808025991676e+00
-3.378381641784518052e-01
-3.870395052644139966e-01
1.245626843808926409e+00
2.990152696200363280e-01
9.595649641170114208e-01
1.249288907376236324e+00
5.005207736843777511e-01
-1.948686890114714743e-02
8.625429019858010804e-02
-6.191658248855018698e-01
2.618804137905055285e-01
6.812368560874286771e-01
-6.467972864766027286e-01
-6.557172037465228698e-01
9.165205592616434416e-01
-1.378296672762009401e+00
-4.178212062683863692e-01
5.965809099947669836e-01
-9.298777914380220722e-01
1.019926707644280839e-02
2.519339765381101159e-01
-3.612555237886221349e-01
1.104700722836859939e+00
-4.806061717649328102e-01
-5.471145102073720068e-01
-2.071825196309235562e+00
6.099312985086147165e-01
1.157089400685357816e+00
8.710142715713464767e-01
-3.247246601280098233e-01
6.173367031477949851e-01
7.866261656729909291e-01
-2.791423631953886542e-01
7.534047094624067853e-01
3.415602314737409273e-01
-1.397741204928746317e+00
4.845876063283380830e-01
-2.033420741959943712e-01
3.176333603620733470e-01
-1.025134377054437884e+00
-1.285227963448605237e-01
-2.134345753933901690e-01
7.146716194448385906e-01
2.393851561215072365e-01
-7.973394849990178557e-02
-1.999846489544303552e-01
-4.781688329084721190e-01
5.114419777326695282e-01
-3.840548018945053599e-01
-1.594740945431187829e+00
8.774520070487952239e-01
2.206506254600366645e-01
2.790004875049936217e-01
-9.527499801290515435e-01
-1.472224964219535082e-01
2.130204881337139255e+00
1.536643955498753655e+00
1.494132922413449194e-01
3.846821572668455147e-01
6.035156908918759555e-01
-2.026755795122001658e-01
-6.691939809507960746e-01
9.269734249143999349e-01
1.586377985814282354e-01
-1.126975205543898628e+00
-1.869589107328522015e+00
-9.759244224766776554e-01
-6.809461306892856669e-01
-6.245829538313882878e-01
1.921597197163658954e+00
2.834357001847420676e-01
-2.175892772075538328e+00
1.112563999812579141e-01
4.460364789108410832e-01
-1.102159884493365549e+00
4.955990864524455475e-01
3.458915073738131341e-01
-5.928361409962636941e-01
6.116668628913526362e-01
-6.808677675093788295e-01
-8.023592426197634353e-02
4.524969545402646176e-01
1.343783423228117613e-02
-2.891950224710448936e-01
5.579334271100666598e-02
-3.370272789514778822e-01
-2.608573879166780074e-01
-7.677668051812691630e-02
6.274740021990528049e-01
-8.145132610010286101e-01
-4.425039553099114897e-01
-5.686392520419127905e-01
-1.410613975276175935e-01
-1.473351103651502569e+00
-1.501145382590551858e+00
-4.482646529604750185e-02
-9.790265731241429847e-01
1.195941336038184311e+00
-7.054977969566831320e-01
9.708296727323260100e-01
6.096927914664789228e-01
8.444093169539552690e-01
3.269973110586974485e-01
-6.537228640306045335e-01
-3.643013786505218121e-01
-4.407492008085807100e-01
7.712074857655082383e-01
5.157067195371709545e-01
8.788386025598047269e-01
5.458382920327062848e-01
7.439834826560467462e-01
-1.017853378578545076e+00
1.849822201536209576e+00
-4.169736504003420663e-01
-6.069500378477012958e-01
-2.690903537640378929e-01
4.121146792227552424e-01
-8.155014668697360136e-01
-1.431617810282066472e-01
2.551789847635665964e-01
5.573215516826826033e-01
-2.507214513495927832e-01
-4.453703381100915237e-01
8.968322475967083207e-01
1.569791343162208364e+00
-5.518320429577512343e-01
1.429605792761591943e+00
3.094033604486270406e-01
5.828825449740051567e-01
4.398076572802072093e-01
-2.226673929269544772e-01
1.588452796727057859e-02
-1.319433156916822725e-01
-2.373996201430133013e-01
2.998878588809734680e-01
-1.919715241364430725e+00
7.697649175379241981e-01
-1.812210915585470428e+00
-1.110786934095328693e+00
9.276939671363582107e-01
-8.415661756464096754e-01
1.334125893210482694e+00
-7.829224298687531558e-01
4.499784740340375677e-01
3.126474395861524869e-01
7.385414382189647853e-02
-6.318216116702046747e-02
2.328436184850426471e-01
6.449192667581424843e-01
3.401661969855593881e-01
-7.179038583181824862e-01
-4.317077963392073059e-01
1.933245257396629668e-01
7.116651513489991032e-01
-1.332758065337062092e+00
-3.912031220145433252e-01
8.092298406940940936e-01
-1.764291149424612293e+00
-1.799784723878559589e+00
7.276222847460909193e-01
-1.867895789546861529e+00
-5.053627574329215832e-01
6.140989446072895319e-01
9.237367841443315797e-01
-9.130439571943229637e-01
8.141153666323113214e-01
-7.622164204721668668e-01
-2.158073912490827695e-01
8.532141118075653452e-02
-4.689233756267778830e-01
-1.352805848532084632e+00
-1.040975976297886962e+00
5.259295614128101093e-01
-6.006223993142771889e-01
8.355248925452496422e-02
-1.132429561557097841e-01
8.430991686877886693e-01
3.293692143400210881e-01
-4.954135788844871158e-01
1.631837437151711256e+00
1.381368884861755575e+00
8.949742270096621155e-01
-6.206292609828647500e-01
-1.229139130071818187e+00
-3.920153730790438829e-01
3.626608728842342089e-01
6.891582704375665003e-01
4.198591009305960853e-01
-8.849696161053088872e-01
3.538813340921684869e-01
4.994635415943182721e-01
-2.073461701142411684e-01
7.154112523515028244e-01
9.576570110773214850e-01
3.233346580372806756e-01
-4.543047106459443540e-01
-2.023324185799033614e-01
-5.818224455760612202e-01
9.218988120173099432e-01
3.500309726320089965e-01
1.988015567767380531e-01
-9.416982764915049486e-01
-6.278518659416176817e-01
-1.112965876177974156e+00
-2.461012200343777323e-01
-6.954481333652049457e-01
-9.919303660255849309e-01
7.560694974043613570e-01
4.299459542033812198e-02
3.323609337381308038e-01
1.914556773746161511e+00
3.640605257926168292e-01
-4.711855449988862077e-01
-1.176801292432900770e+00
8.503856758699033236e-01
8.703251042212194477e-01
1.970021694583827809e-01
1.152518738869334314e+00
-3.080506036900647615e-01
-8.164315057798816611e-01
-1.782878057109694936e+00
7.693130382398649658e-01
1.283567452237530659e-01
-5.378691142396672120e-01
-4.688479416353761309e-01
-1.818856935527024099e+00
-1.491027800289370653e+00
4.023044424903341465e-01
1.710441828040539569e+00
-8.224132475531558129e-01
7.145718108638865473e-01
2.929599115632921524e-01
-6.645794011587877748e-01
-1.795058720847285905e+00
-2.810049869568240766e-01
1.657447283268536076e+00
4.377311147082263432e-02
-7.505925325904803103e-01
4.899774678112400750e-02
-4.153698023760279412e-01
-1.160331533192078268e-01
7.157803107689018063e-01
-1.290692771639089909e+00
3.354204287377520188e-01
-5.053700561390250812e-02
-8.327400562882569801e-02
-6.283432470340288845e-01
-1.267550444683029909e-01
3.969120277669464514e-01
-4.652200252037452799e-02
6.417572234720712032e-01
-2.160560122801769012e-01
1.697432640405960314e-01
1.940446231640216901e+00
8.855164178825525312e-02
5.527565773482212563e-01
-3.206481379413794741e-02
7.163513836586821171e-01
4.303556403440467193e-01
-3.961055832269302357e-01
-3.491815145063528192e-01
1.655065528317116730e+00
1.351195333154826983e+00
-2.709899391133419044e-02
-1.121853349883872308e+00
-1.373677885226722850e-01
-9.071009328802510652e-01
1.428554389003242164e+00
-2.517634460394821971e-01
8.735743579231405320e-01
-1.077245734473546435e+00
7.246370604309753105e-01
3.889337951366496071e-01
-7.180780020835930699e-01
-1.558315807331553060e+00
3.327026602664187038e-01
3.913861178929698426e-01
4.849319533959040029e-01
-1.738069268824089519e-01
-1.827441164997534173e-02
-3.743578743510553863e-01
-4.311986131446658987e-01
-8.106843133203316398e-01
-1.331495160631404051e+00
-1.172216581138831870e-01
-5.467867443380081127e-01
6.333749515437077093e-01
9.903181782587422433e-01
1.469554470749141473e-01
-2.668182862551109480e-01
-1.127085951084612070e+00
-1.134712280095120374e+00
-1.026290166919467062e+00
-4.496644023822859992e-02
-4.468252124454625829e-01
-8.446729769498277918e-01
2.277605215651643533e-01
-4.141727421798888642e-01
3.508167303761942080e-01
-8.844946789891672267e-01
-1.356710576961726034e-01
-1.492214118339587614e-01
-5.012686289285213093e-01
1.573180137009959623e-01
-8.248955487986746604e-01
8.526006024868948430e-02
-5.455677777458225464e-01
1.321591404619226751e-02
-8.847734107359102040e-01
-1.265360653119119938e+00
1.084322389701499745e-01
4.155055873920341369e-01
1.643129458812079058e+00
-1.151950194466186517e+00
-3.000726343077140257e-01
5.359831792662861361e-01
2.629410208551066219e-01
9.592048362328498001e-02
-1.676775928307614461e+00
-8.529183109775040350e-02
-3.352703948539250689e-01
-8.166959667101476583e-01
-1.932922888491832580e-01
2.902598132137237386e-01
3.477978172747206997e-01
-1.261627848767137738e+00
1.720529181403351870e-01
-1.172335434907341156e+00
4.442146349094198143e-01
5.332865712118115553e-01
-8.234415107270915968e-01
-1.260126142886850431e-01
8.574642683035413881e-01
-5.634878277942503289e-01
-1.881660175151956160e+00
1.188176265057812486e+00
9.511224366778057160e-01
8.945699550726047278e-01
-2.795338221969050352e-01
7.863606618843270724e-01
-1.910122233450284313e-01
-1.378804099550174911e+00
6.257731222268017035e-01
2.248881956104931135e-02
2.316470010874658314e-01
3.568096355665577590e-01
1.187814105934600128e+00
-9.386692256423447844e-01
1.849323169477923301e-02
5.753493118231371994e-01
3.380560048400553796e-01
-4.422339509725405904e-01
-1.211882433276943338e+00
1.225824029147117855e-01
-1.696856577495378104e-01
-7.620519832068595178e-02
1.365651986308802357e+00
-1.328587128156177855e+00
-5.255048849450094650e-02
2.801796210981413182e-01
8.750531937756189649e-01
3.175582535445151677e-01
5.739547448352340098e-01
-4.786620636681435670e-01
6.853928510838080967e-02
5.225397218979788150e-01
-4.330729808765187983e-02
-9.893594396028078108e-01
-3.181095185045039742e-01
-1.209692062010441216e+00
-1.639512730629455461e-01
8.392161392551660271e-01
1.704255755710484266e-01
-5.318107628658070851e-01
1.764092744801697421e-01
-9.685881141382548520e-01
8.976526812342378037e-02
-5.364975418640174354e-01
1.711074808352921472e+00
9.658615490028674699e-01
2.091351700469790131e-01
-7.207820093002510475e-01
1.255639038141934449e+00
6.222847374617481719e-01
1.848525248926350173e+00
-1.016894645244423856e-01
1.033116095088361774e+00
6.726450253437912252e-01
1.761043843262932285e+00
5.776887342127343672e-01
2.017046996742424270e-01
-2.326531188866045596e-01
1.535712153349768627e-01
-4.976835695052805875e-03
-8.663957983564785081e-03
-2.166897401882206253e+00
-7.688204465934855847e-02
1.201726753503006506e+00
-6.263951094253314977e-01
1.267957433952613400e+00
3.760579469355587179e-01
-3.565421590471018476e-03
3.034239165404395422e-01
-1.244544558190103789e+00
-5.794609782356427985e-01
-5.997247437560382366e-01
3.057204216808342423e-01
-3.319611498544992045e-01
6.241035793923330743e-01
1.114901622224104827e-01
-1.102124728431888023e+00
1.748062583908360779e-01
5.680982832260372817e-02
1.235980761551777718e+00
9.303878264866227710e-01
5.086070711667005639e-01
2.277144433348565755e-01
-1.083396259458007105e+00
1.333416888533363931e+00
6.940253935911835370e-01
-6.731444304746485585e-01
-2.477623857152382314e-01
-6.945618473106085489e-01
-1.609369715055803507e+00
8.022650148299517170e-01
4.690979180199086329e-01
-1.028635678265356290e+00
3.601053487045335899e-01
-9.158187877413830336e-01
-9.602409418342636727e-01
8.924266905984357123e-02
-8.206443401624188283e-01
-4.001787615661385189e-01
-1.715110097782323706e+00
-3.545311302992697478e-01
-6.909157214495209587e-01
8.037994529333314375e-02
-3.197351842379241305e-01
-6.317443723108580045e-01
6.226345707917637640e-01
-1.416349949690971499e-01
-3.883386025538460018e-01
-1.367496915559556214e-01
-1.938290645201910412e+00
-1.753876467522879068e-01
2.181861770177730975e-01
-5.490289574524611638e-01
3.604681044418880376e-01
-1.706032833294024442e-02
-1.258330769631941237e-01
8.053659593703592634e-01
-8.735646310083469146e-01
-1.416444322243401999e-01
1.255694149060548881e-01
9.321805475938838015e-02
-3.098909633731850022e-02
1.031864584676869256e-01
-1.415623043819813631e-02
-2.194903892364292730e-01
1.009626260282655785e+00
-2.751311798848785628e-01
-4.205815099817336034e-01
4.109519169015847240e-01
-3.573541069484438282e-01
3.073667780772382230e-02
-3.469255761543497130e-01
1.124895042516796728e+00
-3.704866338628480804e-01
8.052791974540358666e-01
7.545807589756137190e-02
3.766017993929740015e-01
-2.449022307704842305e-01
2.886625413878975976e-01
6.266490916449782844e-01
-1.313721733790925938e+00
-3.004066413542556546e-01
7.184990852421382357e-01
-2.528248751072244005e-01
1.229799818705031633e+00
1.401398625183656321e-01
-6.159046006413060326e-01
3.121177814242557247e-01
-1.060896897496989233e+00
-2.642471955046472587e-01
-2.617577743204000384e-01
-2.334350863029559520e-01
-5.498907105446377841e-01
-3.339249076103989466e-01
8.019877835650159881e-01
3.174584035736360832e-01
-5.378317937387766534e-02
6.702200366662083297e-01
3.258099515752554964e-02
2.347152769028770791e-02
1.092150238919908034e+00
-8.133912717551980975e-01
-8.575793655900154633e-01
-4.453686851230989063e-01
6.199266283493365393e-02
-6.504805872891932239e-01
-2.315683115370941181e-01
-2.228580306903973351e-01
-4.308742828427671867e-01
-1.114793614543678757e-01
-1.107572879871856486e-01
6.237505849586346685e-01
7.018252416210408740e-01
3.194188783336580073e-01
1.038167490485255584e-01
-3.515586394426879480e-01
-1.019561175301015865e-01
5.590610938398610230e-01
-2.018574304970837119e-01
1.069866993028480096e+00
1.000899927861961025e+00
1.367768133272093678e+00
-1.125868949353608262e+00
8.246175687515204800e-01
-2.347872846274743353e-01
1.001940109941980239e+00
4.186893576054204757e-01
-1.238994934861553432e+00
-7.891114722262315695e-02
-3.663471646615903410e-01
-4.460293657417029323e-01
1.045281468220183640e+00
5.367352288650293346e-01
-6.715289784552505026e-01
1.459787987425684719e-01
9.700974989425681372e-01
8.619952215512594051e-02
1.743688796999212087e-01
-3.685480428838836531e-01
-1.303033651683476180e-01
-1.425299917095508295e+00
8.345063526013607458e-01
4.304934930440706964e-01
2.709373334554330270e-01
-2.119431697194249509e-01
1.374787519536413427e+00
-5.124326988533081106e-01
-6.020981422837206054e-01
3.641174998806748775e-01
-6.547973414629293387e-01
-1.128764178090647441e+00
1.639434565548132383e-01
-8.802923398029207647e-01
-3.643743175201361595e-01
-2.596006626208362533e-01
5.400200591860713217e-01
3.273169369489430380e-01
-3.717720157093555855e-01
4.774910702770363002e-02
2.090693365616456134e-01
1.542001453135195987e+00
-7.911314246984346710e-02
3.319246771811652508e-01
5.580976286417360654e-02
-3.220971518093325159e-01
-1.720831969912079984e-01
-3.010746828571164713e-01
-8.504297717711848392e-01
-1.045627363306904201e+00
2.376993147586583532e-01
5.819083330863055181e-01
-3.965663742775804579e-01
-3.539592758927962990e-01
1.589609185097391020e+00
8.797866749816645182e-01
-8.831837623243030677e-01
8.187109451862006892e-02
5.316157212592038661e-01
6.915133733317349041e-01
-2.629292963395464255e-01
4.177274456948083525e-01
5.523633259376552473e-01
9.973823821277409962e-01
4.519105713065130203e-02
1.085176406912156111e-01
-1.588562220468551445e+00
1.102101640562360707e+00
1.363994710971313751e+00
-1.863366226935081471e-02
2.306972554452348945e-01
-9.855264179230758259e-01
1.421320942704916490e+00
-9.736794661971286402e-01
-3.982398054731852710e-01
1.325590308355089064e-01
-8.980196974977801005e-01
2.071114721374060608e+00
-1.326722286044286658e+00
-1.067915822694924799e-01
-5.249893088830779320e-01
3.580337021861801361e-01
-5.991452658972651335e-01
1.794893113975337684e-01
-1.306858346419615291e+00
-5.590037521588797631e-01
-5.235340475134853122e-01
1.148326997525384030e+00
-1.093662057894259299e+00
6.081024731556325946e-01
5.325826009268697092e-01
-4.061005302219093949e-01
-9.335558528420415669e-01
1.441231269136622473e-01
-3.429966844745200305e-01
-1.336201441914967702e+00
1.968760528843027657e-01
1.007879802843818950e+00
9.439819617220370773e-01
1.052809341250443786e+00
5.903317894253898857e-01
8.356882830856351418e-01
7.090276613142822981e-01
4.106661140718017577e-01
9.625848695120229337e-01
7.990890895015905215e-01
1.056755866497660179e+00
-4.537256337518691396e-02
4.025653644610986959e-01
2.278384511982830318e+00
9.427486076953339733e-01
-1.408970913695747562e+00
5.515665214139673367e-01
8.242132890258879740e-01
-6.640852712023681548e-01
-1.509001442201535870e+00
-7.311097978086067428e-02
-9.377429376532937511e-01
-4.565798011587336447e-01
1.140436487273872146e+00
-1.337876936219715152e+00
1.153569268839824247e+00
9.570592914081634817e-01
-6.702191485832296181e-01
2.995062709694593650e-01
1.640783029036560592e+00
-3.518904695359559298e-02
-1.267127846783000500e+00
7.680845882223596988e-02
-2.375502295777662809e-01
-2.468387730841943295e-01
-1.746364019598993345e+00
2.498775982741747725e-01
5.294971838644535467e-02
-6.721675381144009975e-02
-2.206553141941647311e-02
-3.684249798831160660e-01
1.012019032234720228e+00
-6.505654802064517739e-01
5.247609505773951355e-01
6.897226733179362412e-01
1.682625911149351339e-01
-5.273366681311530968e-01
3.061750755337646623e-01
8.470020392466039993e-01
-9.282330406521683841e-01
3.021988590648998496e-01
-1.470480654734944714e+00
-3.346477042165219018e-01
-5.576725178752237611e-01
1.056067493889152331e-01
-4.223455414024286370e-01
1.143178930688007355e+00
8.872162977007045370e-01
-6.324451128297301494e-01
2.352424046389973711e-01
1.020018594497154041e+00
4.388968094181997515e-01
-8.502130799355800406e-02
2.738293660211734704e-01
9.514411058985725589e-01
1.024351916440129351e+00
-9.188572556614627018e-02
-3.062682609006195378e-01
-7.771499615942909500e-01
5.766494155133186084e-01
1.479923450640196592e+00
1.193020804975752469e+00
7.280233960293980289e-01
-6.620945173304226827e-01
-1.176226791877752476e+00
-8.432001006582172664e-01
-1.032569738448394503e-01
2.485599931903976767e-01
2.727063858824596565e-02
-7.062111132428032789e-01
1.289590928203683262e-01
7.124462015482428967e-01
-2.831476166327551169e-02
5.979135216228534944e-01
4.440984229922397830e-01
1.079758467224186447e+00
3.313719618879584772e-02
-8.841463818577004474e-01
-1.981288430717755844e-01
-1.417025375396880449e+00
5.409514430163495646e-01
-6.541683987725050997e-01
5.979026883445461849e-01
-4.637231523114637710e-01
-1.273974650349216642e+00
5.502931255665854948e-01
-1.382711955076629806e-01
1.801553161984825735e-01
-7.595998580935452438e-01
1.077849860911803681e+00
9.799510613829696126e-01
-2.063161127579311582e-01
-6.037793134908984172e-01
-8.546928404742679675e-01
-7.475270541785654643e-01
-3.854162422926785680e-01
-1.575557502017065126e+00
4.611503297907386667e-01
-2.658532088968303952e-01
-1.161184357923530364e+00
-9.685116098368151683e-01
6.403840477895883510e-01
-1.910772959598102894e+00
-7.389211687031735920e-01
-1.742574452027669807e-01
1.389456867168776810e+00
-2.666574723215626719e-01
9.689687279709149337e-01
-8.147662417837757687e-01
7.988671435673486698e-01
-1.184944908582555634e+00
8.103387459963542483e-01
5.443871303517635596e-01
-1.952494973831875313e-03
1.077921533775580976e+00
6.449734455196010074e-01
-1.825985020152439908e+00
-1.402355431926932461e+00
7.134824334157467973e-01
-1.679578208857495980e+00
8.658476936801848822e-01
-1.457896387635440050e-01
5.757427086162127949e-01
1.689806196882779332e+00
-6.464439451559220728e-01
1.037318722095039725e+00
6.349175400946194259e-02
-9.666717582856776403e-01
3.519835814079996794e-02
-8.084094658098317510e-01
-1.216036137529526329e+00
-4.230623014816892180e-02
-7.398140797401229207e-01
-2.374287981876417319e-01
-8.358945339225067883e-01
9.120479730434816190e-02
4.849938039997319095e-01
-3.147000440387559550e-01
5.525925548980108459e-01
4.184985811144601442e-01
-8.601021788245333255e-02
4.335436811163786430e-01
1.253486253264561867e-01
1.243280884337426784e+00
-1.355984863401280549e-01
6.620209224126831771e-01
-4.178163471708247201e-01
1.172618450439882665e+00
8.911098623976165811e-02
4.112036232832689819e-01
-2.039165110148131177e-01
6.365974030771077707e-01
-1.181775637679506552e+00
-9.129759212431132198e-02
1.078774911276222603e+00
-8.165072271240081392e-02
-3.307638557991143813e-02
-1.404374476343813072e+00
-3.378154218858799851e-01
6.958241763223105281e-01
-5.402291217516843602e-01
3.751467570488165038e-01
-2.374274228737247583e-01
-6.757954876898004670e-01
5.726261733663307041e-01
7.208161064737605983e-01
6.430674470089492445e-03
1.133051289586931354e+00
9.315839591700143529e-01
-6.090283676749574937e-02
2.141651282471421780e-01
-2.973873079940592135e-01
-6.805389569676361106e-01
-2.047961033510024009e-01
-1.287887208144133488e+00
-7.515576036011211158e-01
-5.548602899086461093e-01
-1.349007815930817422e+00
2.993092585152181684e-01
5.160746715309816324e-01
5.399517517674343736e-01
7.665536147405962453e-01
-3.814837950247298437e-01
4.075825921032425470e-01
-4.910565940005620078e-01
-6.416575957677830289e-01
5.899595123722178869e-02
1.394685073942323328e-01
9.167506813449888270e-01
-4.261941462124241298e-01
-9.764244009760574272e-01
6.916784482688607127e-01
-4.275800798913911294e-01
-8.262371122448088911e-01
-4.078553841014711523e-01
5.535086937951474440e-01
7.700873027174024443e-01
3.219276299103634997e-01
-1.457301088797793298e-01
6.761008391240341808e-01
6.792237255695816600e-01
-2.954142834012163377e-02
6.406146888364432357e-01
-1.771548793125092836e+00
-2.435719369749396179e-01
9.674109279007661044e-01
-1.728283675373551542e+00
5.883832799306425443e-01
-1.276221821168439075e+00
-1.542438005343492513e+00
-7.239619833278077010e-02
-9.058597147560236706e-01
-6.523889369544599859e-01
-7.630610793610461684e-01
4.472260335957294330e-01
-3.099759514710758168e-01
-5.469947279509774773e-01
-1.042663029389121476e-01
-1.301514663873633015e+00
-8.761672944662635132e-02
6.466452071410477842e-01
-9.563520041762947343e-01
1.136236961297553805e+00
-1.023240535426354736e+00
6.651944380411585200e-01
-3.719228109770975621e-01
-1.832866333407118020e+00
-1.451242659797282286e+00
7.087916783019387879e-01
-2.692003436281860118e-01
-1.510904397285874889e+00
-4.315906364399682005e-01
-1.498581616281178697e+00
-2.343903700260234757e-01
-1.059324642029269459e+00
5.499300166102436549e-01
1.655148664513568235e-01
-1.265401659068839280e+00
5.522134065882378096e-01
-1.392519867633756903e-01
-7.729930161384839238e-01
1.237459068290274189e-01
7.795972225788441179e-01
1.246751994631583926e+00
-3.088850904062558911e-01
-1.065382832196276830e+00
3.559335461659909328e-01
-9.352068880721722266e-01
-1.724431841760933004e+00
-1.453823180973756735e-01
-5.873546047243429769e-01
5.342169114165962185e-02
-1.306699152074571657e+00
-5.782247258689778846e-01
1.400718802870101420e+00
1.186376525094701151e-02
-1.710763209740369106e-01
-3.626786299612883013e-01
4.366152858352201349e-01
-2.718895281043520740e-01
-1.199735986969763246e-01
-1.683182640346094772e-01
-7.362087768993852421e-02
1.056974190451862583e+00
-6.799963830218391792e-02
-2.532606579653906564e-01
2.185764509962515589e-01
-1.281519150960450659e-01
5.015770993968455826e-01
4.742637980035304679e-01
1.572863058116236168e+00
-1.974984232809369189e-01
-3.741394984281889435e-01
1.852854427490804312e-01
6.600201387598083613e-01
-3.789667111417047707e-01
-8.282219368271306337e-01
1.405673926736387358e+00
1.253992829151697741e+00
1.451502783362159654e+00
9.755395364652272860e-01
-8.290565415109885095e-01
-1.164905431105881739e+00
-6.028053177575900534e-01
-1.015250768897375533e+00
3.225851717647421069e-01
5.447693405111140308e-01
-1.539046756022385942e+00
-2.303891012404584160e-01
1.617055244965737160e-01
-7.030142641649899105e-01
5.687235819711800033e-01
-4.351073118051109745e-01
-3.370935443604832216e-01
-8.735696959229510838e-01
4.485541703450879325e-01
2.220787929124039550e-01
1.222784891641166993e+00
6.752032441089816928e-01
-1.278586973211650601e-01
1.505614681722239112e+00
2.619901211385267104e-01
3.656787820514697529e-01
3.896820614186253806e-01
-4.416176231838102595e-01
4.065408556756544556e-01
-9.505154167275611243e-01
9.107899293407193397e-01
3.050285384125928090e-02
3.758885057251983852e-01
-1.572798931710108761e-01
1.741722496217005478e+00
-1.833428509998100697e+00
-8.992166557149072759e-01
-2.773805128333464154e-01
2.419742301847538357e-01
-1.416545217025065639e+00
1.520085996867504008e-02
7.577759136089525782e-01
-9.760951205048815638e-01
2.856948733287509867e-01
3.017701181233434227e-01
4.127279769358533912e-01
3.813870369806773297e-01
7.756990711385656212e-01
1.536933442490084900e-01
-9.369684566638749601e-01
1.087529597761067279e+00
-2.818895928937683593e-01
-1.122000240151105110e+00
-8.833365116893796554e-01
4.047843426666632993e-01
4.284088541676789319e-01
-1.696613634177452035e+00
-7.114813052133817095e-01
-1.046799398874239451e+00
-8.660214848016654088e-01
1.019819842190239356e+00
1.024424140579858644e+00
-2.069023696998808504e-01
-8.415740164811404966e-01
-1.020969495906138835e+00
9.082790636786430838e-02
-4.959512557317395931e-01
-7.756849894748523155e-01
-1.696470477920275499e-02
1.202953311409299175e+00
-1.291434207569182924e+00
-5.313704259583520439e-01
8.525104726153980295e-01
-7.426546994086296039e-01
1.280954031100662860e+00
3.624641968038977424e-01
-8.381079358679244251e-01
-1.174014595063596733e+00
-8.749336382199857098e-02
1.418426580969186723e+00
-1.633930898642005580e+00
-4.087460085991274639e-01
-1.403936253557869218e+00
4.979080807273401632e-01
-1.412251200596012168e+00
-7.144865228311294558e-01
1.501121912879801457e-01
-1.599401515566616361e+00
-4.870700871030111401e-01
1.492383508388009261e+00
-5.826692912003643698e-01
-1.824583886557042511e+00
-6.526092314826232865e-01
-9.150331113918479531e-01
1.848006772261207686e+00
-1.099914727175332896e+00
-5.704872496518582636e-01
-3.510832367632952256e-01
1.034710288541721646e+00
6.663710104204394469e-01
-6.613704980824106627e-01
1.009842421217989283e+00
-4.504852483081744907e-01
-1.241776062146833226e-01
3.343341799557553173e-01
-6.519312876287770564e-01
1.236579315267535506e+00
-2.005208285342854335e+00
3.653289453697166067e-01
1.853795780195842013e+00
-1.693439478588294467e+00
1.918854911092369164e-01
-1.888600404850091508e-01
-3.715736861234564259e-02
1.485746450069484581e+00
1.519283618720868034e-01
-1.565048710032032275e+00
-7.943807177359740734e-01
1.356718396983421115e+00
3.641615675720633050e-01
-3.880395645275216410e-01
-4.452388574013541600e-01
3.658834055046966682e-03
-7.118078843912387654e-01
1.862819447412427110e-01
-4.981909214549045117e-01
-1.888688918946201944e+00
6.293437703085551505e-01
-4.050975250893884549e-02
8.962549505913663950e-02
4.714305963902800656e-01
2.879710433429849559e-02
-2.969178922796382736e-01
7.177765420003288099e-01
-1.347258553111182700e+00
-6.632801200172195877e-01
-1.524365220884271732e+00
1.220152455138917347e+00
-6.096345752485596847e-01
1.906369330040220689e-01
2.314003154363568626e-01
7.122552450129715496e-01
-7.789294953546574973e-01
5.988118674070861402e-01
-6.908684087431291587e-01
-1.517065301372983122e+00
-6.978708738419046043e-01
-6.491975913910152940e-01
1.551973802903905408e-01
3.608085404287733056e-01
1.024247498793334543e+00
2.283125212155550088e-01
-1.940985669949926162e-01
1.443436922587686411e+00
-7.868535695510257000e-01
8.126303120328159935e-01
5.994623841066548664e-02
-5.285114756658391144e-01
1.249357935537780406e-01
-2.436153307723820660e-02
-1.048492348351820702e+00
1.127971647540668698e-01
-6.067445771235560059e-01
-3.776764227230628990e-01
2.588972261217614701e-01
-1.309745602016139099e+00
-4.927441441926108112e-01
-9.973397616234151997e-01
5.252565038071130843e-01
6.001742527961182461e-01
-2.175714631428933288e-01
7.269849541272677129e-02
1.402174408868859246e-01
-1.190771264203569491e+00
9.606464156402649834e-01
6.451566944019049288e-02
-1.593720796856104016e-01
-9.386770564743898149e-01
-1.266705365344043877e+00
4.656329844366622339e-01
-1.495852924286742436e-01
6.752728693093246193e-02
1.503201627423660369e-01
3.053662873286082657e-01
-8.812181110050669730e-01
-6.017095859893117904e-01
9.438116263082392265e-01
-3.866979002305708235e-01
8.719540878015621388e-01
1.351891907466261422e+00
-1.011719869903293656e+00
-1.938679734802484234e-01
-2.834734975792061462e-01
-6.992458943868138377e-01
1.084079154752386032e+00
-5.707586824157360184e-01
7.407440937695923822e-01
-4.972288541551259655e-01
-7.482967150991441940e-01
-5.029561288857138379e-01
-1.140845916843620245e+00
1.460494368716522828e-01
8.507421375959971499e-01
9.623627759782706903e-01
-4.507439381691042968e-01
-1.091707575250858930e+00
5.148997073046492901e-01
6.167337694365819800e-01
7.703255171265155354e-02
1.512705466031949442e+00
1.465005526177378670e-01
-2.777793663083709674e-01
1.625003070044526154e+00
9.147259249093071531e-01
1.813399887533079458e+00
1.068966513082148850e+00
1.173477359728252623e+00
6.521925476753072104e-01
7.536326268665334283e-01
1.370387061598110634e+00
-9.178839319147433784e-01
-3.701007064139814062e-01
7.706742054410176124e-01
3.734701403570817035e-01
-6.818951147596230555e-03
-1.651676121290117649e+00
-5.732525891264117490e-02
1.398197523223454475e+00
-2.023859655787987322e-01
-1.926449232309708215e+00
1.036602173476612876e-01
4.909632684409874770e-01
-5.464342627462679403e-01
3.648770964336955913e-01
-1.236055249038461312e-01
-1.468424239863672653e-01
-9.387636740465739038e-01
-3.706784369717031069e-01
6.780784752525859105e-01
9.790494232377575656e-01
-8.566129569108396069e-01
4.456981302351188390e-01
-2.948478110134731267e-01
-1.467167479919933015e-01
-1.990617919405480940e+00
2.237896947868911468e-02
6.597909085479614077e-01
2.603712698648275037e-01
9.665530343082711084e-01
6.740468348421586597e-01
-2.031975186489143326e-01
-1.051710676558948343e+00
1.703601460138077783e-01
5.818694488686046995e-01
-5.839007786443204395e-01
-6.300638358789703020e-01
-1.431146647679502060e+00
6.910472646197600710e-01
-3.768591787479182997e-01
-7.041345794938314029e-01
8.742382056028557002e-01
-4.485753591826755482e-01
-3.362298426575645038e-01
5.554867838443557915e-01
1.316509199066953073e-01
3.740415379280950248e-01
4.006039744536851188e-01
-2.085299213395961360e-01
3.234678760913212159e-02
-1.412476530380892825e-01
