3.342000000000000000e+03
2.718000000000000000e+03
3.255000000000000000e+03
3.525000000000000000e+03
2.800000000000000000e+03
4.739000000000000000e+03
4.585000000000000000e+03
1.919000000000000000e+03
2.792000000000000000e+03
3.690000000000000000e+03
3.160000000000000000e+03
2.274000000000000000e+03
3.203000000000000000e+03
2.089000000000000000e+03
1.341000000000000000e+03
1.604000000000000000e+03
1.520000000000000000e+03
1.872000000000000000e+03
2.500000000000000000e+03
2.708000000000000000e+03
1.555000000000000000e+03
2.122000000000000000e+03
1.402000000000000000e+03
2.436000000000000000e+03
9.160000000000000000e+02
2.253000000000000000e+03
2.253000000000000000e+03
2.448000000000000000e+03
1.533000000000000000e+03
1.569000000000000000e+03
3.407000000000000000e+03
4.039000000000000000e+03
3.633000000000000000e+03
1.417000000000000000e+03
1.019000000000000000e+03
3.715000000000000000e+03
3.144000000000000000e+03
1.915000000000000000e+03
3.487000000000000000e+03
1.689000000000000000e+03
4.198000000000000000e+03
1.447000000000000000e+03
3.892000000000000000e+03
1.401000000000000000e+03
7.340000000000000000e+02
3.982000000000000000e+03
3.982000000000000000e+03
4.304000000000000000e+03
1.529000000000000000e+03
2.555000000000000000e+03
2.892000000000000000e+03
1.671000000000000000e+03
3.964000000000000000e+03
2.144000000000000000e+03
3.741000000000000000e+03
5.126000000000000000e+03
3.295000000000000000e+03
2.059000000000000000e+03
1.313000000000000000e+03
9.050000000000000000e+02
3.409000000000000000e+03
4.243000000000000000e+03
2.114000000000000000e+03
5.126000000000000000e+03
5.454000000000000000e+03
3.118000000000000000e+03
5.879000000000000000e+03
5.250000000000000000e+03
1.336000000000000000e+03
4.352000000000000000e+03
5.174000000000000000e+03
4.795000000000000000e+03
4.259000000000000000e+03
5.499000000000000000e+03
5.353000000000000000e+03
4.951000000000000000e+03
4.696000000000000000e+03
8.680000000000000000e+02
5.048000000000000000e+03
8.500000000000000000e+02
4.884000000000000000e+03
5.324000000000000000e+03
5.503000000000000000e+03
5.360000000000000000e+03
7.960000000000000000e+02
4.920000000000000000e+03
4.678000000000000000e+03
5.706000000000000000e+03
4.588000000000000000e+03
5.189000000000000000e+03
4.952000000000000000e+03
5.203000000000000000e+03
4.606000000000000000e+03
4.148000000000000000e+03
4.992000000000000000e+03
4.807000000000000000e+03
4.737000000000000000e+03
4.731000000000000000e+03
5.105000000000000000e+03
4.276000000000000000e+03
