9.955082313801604244e-01
-3.553321889172211812e-01
-1.635653002785084631e+00
-1.027648771178042875e+00
-3.185042900105017338e-03
5.351400510192236837e-01
-5.068566356844437237e-01
-3.038830911037209148e-01
1.417447883869238368e+00
-7.750628435559017149e-01
-1.260944198538339833e+00
3.788175524331851562e-01
3.699792100645922233e-01
7.653897919815637607e-01
1.724697911667849581e-02
4.934208591687685441e-01
-5.102435972455765523e-02
6.479385371353956202e-01
-1.601184677523521671e-01
9.853260247306927511e-01
-4.525003047885087781e-01
-6.313100387915699940e-01
2.863819845118209528e-01
-8.817542752899854008e-02
1.474747291766647095e-01
2.135481281606192994e-01
-4.210405956437810460e-01
-4.798542918570252169e-01
-3.066703131849219943e-01
2.895909571566246399e-01
8.758872643589459273e-01
5.565324655435057721e-01
6.965741884599712108e-01
1.011190633183156606e-01
1.710589512999662887e-01
-1.015321433701933174e+00
-6.886273002250051789e-01
-2.733104273569431086e-02
9.993617304221880104e-01
-2.630579021971444220e-01
-1.881345679623684930e-01
6.101750649878745492e-01
8.769074635795037764e-01
-8.605559566716918241e-01
-1.140242280576928557e+00
2.419486747111987412e-01
-1.102534819782636788e-01
-5.062559964801929269e-01
-9.942761323142459418e-01
1.510245402539080573e+00
-1.522306041973369162e-01
3.521830107888055394e-01
-2.022712056058324492e-01
1.373844735467693035e+00
-1.028743153402281063e+00
-7.461667752150953348e-01
6.305573879812698124e-01
9.123970910195584594e-01
9.495035599325962750e-02
-5.580818265327636141e-03
-5.634641788369076920e-01
4.495172179992898975e-01
-2.938583240708414479e-02
-8.883420220232096653e-02
2.327095450340905813e-01
-2.523126045257839678e-03
-2.379532403835025178e-01
6.381364041182830960e-01
-4.625047496389100843e-01
1.038810060176462713e-01
-1.204146797472942065e+00
2.614103555468734186e-01
4.978713598813406804e-01
1.032236021554087557e+00
7.934247680184194351e-01
6.674363217565772999e-01
1.429898735050052494e+00
-3.791808284017754715e-01
7.860492449585905206e-01
-3.426203145589115096e-01
-8.876111241920456862e-01
5.592591738385355171e-01
-6.122765746220206751e-01
-2.620475826408537046e-01
-2.625135679904486707e-01
1.815919731877890797e-01
9.624926650840137654e-02
-4.520136400525931464e-02
1.073955855943595772e+00
2.473024970479187346e-03
1.112601709654075677e+00
-1.309567957959680840e-01
1.486465397939635835e-01
9.777453611540165568e-01
5.338579681115795950e-01
4.746046843074118726e-01
-1.664021964907833606e-01
4.260322821429944895e-01
-8.131499668729293973e-01
-7.908160755371440587e-02
3.029445724904000770e-01
4.670124475842918343e-01
9.801966107378312643e-02
-1.604518266943459892e-01
-2.258219065294833072e-01
1.717936936492794331e-01
3.433552306114515673e-01
9.286825757698284889e-01
3.647223540080091198e-02
6.146294866834542958e-01
-7.761753302875291638e-01
-4.666065925488593891e-01
-1.346353424390027698e-01
-1.373222251924044457e-01
1.800682270193547652e-01
-2.083047238327830897e-01
6.794959249731968853e-01
6.659220878113947251e-01
1.412517829949639925e+00
-5.928467639269134892e-01
8.759949112380329694e-01
-1.106394952565390444e+00
1.200613112166162288e+00
6.775115346186595389e-01
2.939840901610395463e-01
-2.573971589810115645e-01
-5.130141896293727299e-01
7.696699736435324013e-01
1.020027464084636293e-01
-4.452967184513312304e-02
5.755916032775001412e-01
7.545375121206294722e-01
1.017654948179002261e+00
4.306936571384811785e-01
1.567627451361772728e-01
1.006606791736671447e+00
-2.616248397372471501e-01
5.312565161867510710e-01
-3.231886044556722126e-01
-9.844000421460199490e-01
2.669083346837988202e-01
-4.723459688344791019e-01
2.890046461274700107e-01
3.025268948942594349e-01
1.325639856617434553e+00
-8.436538942175575428e-01
4.339848800741750168e-01
-1.245959173504902484e+00
2.779658091040468904e-01
4.468300618319105411e-01
-8.048347890533458227e-01
-2.427701850522510085e-01
6.514238061261146129e-02
-7.538806078759119345e-02
-6.818463085557979753e-01
-3.715983926304309293e-01
7.664213194493569858e-01
6.166087629856651375e-01
-1.578107379442881708e+00
1.366700184121603101e-01
-3.763356012301244391e-01
5.808993815579110986e-02
-5.044525000312916063e-01
4.664747552770887040e-01
8.902593812394608008e-01
1.518988012720789982e-02
-2.031259525250108666e-01
2.797072640038464897e-01
-9.703271775598087956e-01
-3.283440447505157067e-01
-2.399152400041506539e-01
9.655682698621879112e-01
6.278814961638357062e-01
-9.453108367501243947e-01
2.577610017481388738e-01
-3.176324123828235813e-01
-3.052141449683150043e-01
-9.218301905280714692e-01
6.073099573483808911e-02
-1.532671126435509734e-01
-2.432424528132379749e-01
5.357412453025656163e-01
-1.869269635354697812e-01
-9.825302579457115826e-01
-6.676410404139803134e-01
-1.491315821201695258e-01
-1.524534637373866630e-01
-5.003520349662275990e-01
-3.097815047336034411e-01
-5.533656129624064945e-01
5.226957129536833335e-01
4.813021261197416578e-01
-7.029837548498543143e-01
2.571451539978326650e-01
-1.765943308130353273e-01
3.488607917665129676e-01
-3.106540178229764138e-01
-8.616296845129625126e-01
5.847002797578513267e-01
-9.732788333296076289e-01
6.783721913988927099e-01
1.177926346728508378e-01
-5.947990173570687489e-01
-3.424150558367866637e-02
6.172468844844214431e-01
-8.961330964354328188e-01
-8.647600883289729978e-02
3.565853304375572463e-01
-6.020371437538249992e-01
8.440226789483489256e-01
3.000633237614502846e-01
-2.447737295925627166e-01
-3.274970495043714180e-01
2.023544781998412034e-01
-4.899589727685951246e-01
-2.886656433704271052e-02
-2.354105274701652206e-01
-1.478712690889284254e+00
3.315064563897616168e-01
1.260630571313958725e-01
5.563370901506790034e-01
-9.742311263003529120e-01
-1.365150995601265294e-01
-1.689435714634577312e+00
5.784547178202812390e-01
-1.443059907048132029e+00
1.420909283917879407e-01
1.396217532241550430e-01
1.323890507070033529e+00
7.008893834461638050e-02
4.404210056337252155e-01
-5.838372878591613357e-02
-1.741419737144855873e-01
-1.033360190491379171e-01
2.671476587001233582e-01
3.877363122462798017e-01
-1.018160785119904155e+00
3.463413929700234206e-01
3.516237449205128485e-01
6.140776524331776898e-01
1.161466617244286681e-01
-1.683883684682445647e-01
-9.296347437784060475e-01
3.289381114297960096e-01
6.632118637718082965e-01
7.836781511331070149e-01
-6.894878762694398588e-01
-1.183063118999781338e+00
-5.431458823029551297e-01
-5.267809536410421600e-01
-7.178004959389436834e-01
-1.172623962244285778e-01
1.176107762013458569e-01
-4.385937449114294395e-01
-4.466404180586724948e-01
9.204546399580699756e-01
-7.528698257898724933e-01
4.083663235452652529e-01
-8.699380961673064405e-02
3.712475399256565112e-01
-7.835715062091388461e-01
6.404971161463093310e-01
9.753336734818969234e-01
1.324516369472781285e+00
6.899512205733380199e-01
-4.068248990871143889e-01
9.243427196638638321e-01
1.859274241996313748e-01
7.701299708593651872e-01
-2.279265408112394198e-01
-2.308274641564800334e-01
-5.069862512474543337e-05
9.126077777921848266e-01
1.367762318581407399e+00
7.992221313708647301e-02
-1.371446652769491958e+00
-2.259389185510247700e-01
3.639379878400621493e-01
-1.464295127318155920e-01
-1.135098703290013500e+00
3.804386784987867642e-01
9.039845690403982559e-01
6.233883983050647615e-01
-6.245417267204365075e-01
-2.251487046864522057e-01
-1.246154641308941713e+00
1.478755452531963499e+00
5.090981786101353990e-01
-5.637661289691369149e-01
4.424981614936154273e-01
-1.018493415984060846e-01
8.788870117831715234e-01
1.541680808604715125e-01
-6.871141116635275381e-01
-5.224547365932163956e-02
-3.322587714897782263e-01
-3.604242333078291338e-01
-1.365153737122177802e-01
-1.084719386560815124e-01
4.417742749093944710e-01
2.279923015484586202e-01
-1.638435508456630441e+00
-1.602112667417667780e-01
-6.155463337868170015e-01
3.724861887239079294e-01
4.074847516280843962e-02
-4.727856990681775784e-01
5.967752768840028921e-02
6.433062948430112726e-02
1.430297590492113358e-01
3.428234771666263114e-01
3.022640905893849705e-01
-1.419656751113720361e-01
-4.339006199517605467e-01
-2.676906970212575843e-01
-3.433546831594087578e-01
5.656971010605804651e-02
-4.502653838226837735e-01
-1.653385418523401817e+00
-4.626947023417020688e-01
7.956920021986046976e-01
-5.620053267572364675e-01
6.276638354379393547e-02
3.780100477777805779e-01
-9.739764940890456302e-01
-1.034664631111326116e-02
1.306865394933797830e+00
-1.880570143336175448e-01
-9.428583940877715008e-01
3.273291698057789745e-02
-3.200485005032334129e-01
-1.266585066210730304e-01
1.082942693897050113e+00
3.307176348677618449e-01
-1.113930941841605460e-01
2.123998794269148505e-01
2.650713387933141263e-01
-8.300596883302260309e-01
2.378216807196400495e-01
1.403075550715229269e-01
-2.041516292954890233e-01
3.908952630403721429e-01
4.955536241739206815e-01
-1.159138000622728093e+00
-5.136353611640913641e-01
-1.347327499492285696e-01
-4.828490508046341390e-01
3.964187816247735086e-01
6.067980541677346906e-01
6.607424651110713754e-01
1.308006701787363113e-01
-2.972932451230363426e-01
8.551554258548765830e-01
3.236698876061216978e-01
4.616994663102067520e-01
8.183979574265523027e-01
-9.438377449745516401e-01
-9.120934107037745875e-01
-1.494264055514360479e-02
2.176121136741642204e-01
-1.986359018190242409e-02
1.366029954023932902e-01
6.921175307094635798e-01
2.094690179560840804e-01
-4.375115080243663357e-01
-3.596062430819033651e-01
-1.101719328574390477e+00
-2.212784599689152643e-01
-2.391817624365923933e-01
-2.480489558613463430e-03
6.212422633323742005e-01
1.348020754870261406e+00
2.908343581993655391e-02
-3.999424172521610643e-01
6.416215408686456456e-01
-3.282544232968742648e-02
-9.604901456916916658e-01
-5.616351223717588326e-01
5.047920609964942074e-01
-6.000813728149578807e-01
-3.565648872462601204e-01
4.792222273674262567e-01
4.154481880729354870e-01
7.140271793946828538e-01
-5.891363687181705444e-01
-4.334685791435797242e-01
8.020578264654112388e-01
-4.384784935510319670e-01
-3.634804999370908618e-01
-4.734655173416921770e-01
2.426069888183519652e-01
9.077142348671021210e-01
-4.021652768630703534e-01
3.364923039109433134e-01
-1.221978302152963991e-01
-1.181114236267949202e+00
-2.401993733242226980e-01
-4.938589831430562072e-02
-6.793636388440837948e-01
3.454334888370835799e-01
6.108423205128588052e-01
3.292045868502988526e-01
-1.001091004355753711e+00
-4.895642248604978874e-01
-1.141299805033231252e-01
-1.184408616345138388e+00
-7.595611282563563549e-01
4.617717188858616595e-02
1.326200207529970143e+00
1.418688580155329504e-01
-4.901333041515814060e-01
-3.946423329718093953e-01
4.595954166767723947e-01
5.258644680811954686e-01
-5.829090417426510129e-01
6.455086489309360687e-01
-7.404518271210989155e-01
5.012351119124724974e-01
-3.067634799906659993e-02
8.248289952216225629e-02
7.720450899486177576e-01
1.733818924084591373e-01
-2.121470252003279100e-01
3.561101561038491070e-01
-3.859216919173915628e-01
2.498545163640164546e-01
1.255347324953621779e-01
-2.640412815535881919e-01
-1.585570916418816978e-01
5.867523735467825574e-01
4.244747559804427084e-01
3.598271343036607561e-01
-5.422964132825915939e-01
3.813152055730313350e-01
1.189488071889739373e+00
-1.582226920171949214e+00
1.043353611196824460e+00
-1.609405269823813711e-01
3.511599539364196332e-01
-8.935090532462872659e-01
-6.571752878619916416e-01
4.761032868297121468e-01
-9.533982353078407357e-01
-5.287466532448972245e-01
-1.277837246779451874e-01
2.162086279326871363e-01
-7.618194496069605748e-01
-8.344777522907698142e-01
-4.723334750639294199e-01
-2.908872130250115262e-01
-8.526854998907946737e-01
-4.418725688431219822e-01
-9.803211290931557187e-01
-7.371316950971422699e-01
6.786483332345927266e-01
-3.208482041664773021e-02
4.129196496191660515e-01
-7.465921540226743147e-01
-5.405410605609830554e-01
4.337681637379446897e-01
-7.385554609828703931e-01
3.304403599842302697e-01
4.742985545078965970e-01
2.411635672695711108e-01
-5.636702243062714501e-01
-1.060635232598112765e-01
-9.986417097058586378e-01
2.585131978529444652e-01
4.143594514906032700e-01
-6.527055893855582269e-01
-2.220890178390462211e-01
-4.185304860473681998e-02
6.415709335722228346e-01
-1.043496499082148254e+00
-8.321081277671202869e-01
-4.331665028486710867e-01
-3.173355401085302674e-01
1.338331552199713670e+00
5.619555514900724802e-01
9.201834720572596993e-01
-1.325727819734972002e-01
-4.072312888913183215e-01
1.778133338562042809e+00
1.062756378881370978e+00
-5.809849393026471631e-01
5.921264402780774816e-01
5.821955439853088166e-02
-4.338063959448410500e-01
2.350466104237405318e-01
-3.626679666032206484e-01
-1.079321515337372528e+00
-1.109095966300550629e-01
5.386793872336870237e-02
-1.095431954063412761e-01
4.217875469025047508e-01
7.243037413602166907e-01
5.105407462348914294e-01
-3.532833991066137713e-01
3.585524581745866968e-01
-3.673715895837235124e-01
-1.540972812927890345e+00
5.619757792714992206e-01
-2.816973679085279514e-01
-8.426689629312793528e-01
5.378545756006865020e-01
7.097416641817506644e-01
-1.500038702281614178e-02
-1.077995764054413552e+00
-3.330549554786141897e-01
-8.563633289950551841e-01
7.453265126326744650e-01
5.416851747868189904e-01
1.592311802797876652e-01
-4.261355259216630387e-01
-6.836815626307135574e-02
9.464891113797966327e-01
-1.164841489990253720e-01
5.001275789711794317e-01
-5.407405028795366775e-01
-8.763044751818584999e-01
-2.196624425518134416e-02
-7.141861415565502469e-01
3.335606959031647278e-01
-4.360588302342645051e-01
-7.599465237551283892e-01
-6.925450902979424228e-01
-6.129911377245438331e-01
-1.031386828753374729e+00
-4.222653747016815728e-01
-3.600735463849513707e-02
-3.121561553828264834e-01
-2.802129163402362622e-01
-5.331368197265460296e-01
-1.633357807884526114e+00
-2.727153906133210626e-01
1.611377050320523807e-01
1.136646425963849794e+00
-1.828877289999502054e+00
-3.416504101242372471e-01
7.948795028486630443e-01
7.185427569111144663e-01
4.783256161386395533e-01
1.560553993337840950e-01
1.225622455585391180e+00
5.085750369983452757e-01
1.250615763897182653e+00
-8.170181344033169424e-01
-6.183834504852940839e-01
-2.764589431063972924e-01
-7.991696997027801785e-01
4.543492514479732236e-01
7.395894014748529699e-01
1.007108745488817902e+00
7.577012875089046418e-01
-1.929871757476639971e-01
-4.988596737373054424e-01
2.874836338742126074e-01
-4.399397488640088838e-01
-1.184781159058969635e-01
1.868300401399389798e-01
1.454888856234337169e+00
-2.163760507908243369e-01
-3.000616442467656242e-01
-1.155478291058257945e+00
-3.185633751567316096e-01
-6.331726631239353864e-01
-6.738549847221442235e-03
-7.163966299113511127e-02
3.214304287627900436e-02
-2.851950817103601210e-01
9.171388299359284346e-01
1.940734426003212221e-01
9.346506381604537950e-01
-3.790843169922712974e-01
3.262864404965934995e-01
-1.707504882152690584e-01
6.148775191453772493e-01
1.389253480664320861e-01
1.916015117515055266e-01
4.382268447026635982e-01
7.008366796449925218e-01
-1.061464680848601461e+00
5.489056346744547454e-01
-1.744497945657208504e-02
1.597219075205186911e+00
-2.456197436716873739e-01
-8.347294537455685060e-01
8.947848977198713527e-02
3.443080591113183431e-01
5.220283054899681474e-01
1.526165924740583435e-01
-7.443231688979086158e-01
-1.089199162202886484e+00
3.119841362232813609e-01
-7.551888377900120020e-01
-1.122084217942988182e+00
4.480775584187135507e-03
-1.235225604491967388e-01
2.435546721740227127e-01
-4.923075601932893619e-01
-3.351073984872732225e-01
-4.353390498715246082e-01
-7.807361324512660516e-01
3.137014813866834118e-01
1.131134942775824825e+00
-1.543803743944938134e-02
-1.207663384476553858e-02
-1.181287489700992843e+00
-3.866883842919097702e-01
-4.499747397179643116e-02
-4.081175530258001061e-01
1.466683441542260269e-01
4.073347241761755555e-01
5.099313294712883859e-01
1.004504767016380917e+00
3.342953295033401773e-01
7.159832554499923063e-01
5.923195110235450755e-01
1.161138258408915824e+00
8.932666856388493670e-02
5.287879889669504507e-01
5.329813443722821731e-01
1.332278709434932651e+00
-6.746291566038511434e-01
7.303231348531689093e-01
1.420875845035007856e-01
7.959448001723288257e-01
6.366501997276454716e-01
-2.346205898142379453e-01
1.601199023584145564e-01
7.008374924845552911e-01
-1.242744779959031654e+00
-1.830684095718080329e-01
4.456002226085331586e-03
1.431994249727264190e-01
3.397832351542460216e-01
-2.120782517122865585e-02
-1.134292381663541960e-01
-2.623296823198861816e-01
-5.486808593032375114e-01
-5.884449881851843145e-01
-9.918883818160653121e-01
4.812427031580686076e-01
1.231012539043055298e+00
-3.248083635451850526e-01
-3.560596139902703072e-01
6.199705713229084481e-01
-8.074350880023510868e-01
1.998629726505356530e-01
7.378749354921332326e-02
1.107713115776473245e+00
-3.563604157202995282e-01
-9.479523441059187761e-01
-4.963793299346690446e-01
3.640594977647264585e-01
6.140480520229552042e-01
-1.266925653548259589e+00
1.882699606568136730e-01
6.721461873707879064e-01
-2.100214377727214199e-01
7.080020882652178216e-01
2.601688136067537016e-02
-2.518398974604423302e-01
-3.180282517742467618e-01
5.856608403467937762e-01
8.829388738073751242e-01
1.140421229415381710e+00
-2.347485068592289892e-01
1.319094994707228352e-01
-9.856351896539816693e-01
2.011830320384930815e-01
-1.030347872541878651e+00
8.690242676225050644e-01
1.929665355628138457e-01
4.844459066951065651e-01
-2.734199782375767995e-03
-9.961958884426556082e-01
5.080004163139832940e-01
-2.617123999792925204e-01
-1.964804760061937827e-01
-5.227361025721730670e-01
-4.693695651163594107e-01
2.955208015637502683e-01
-6.157940585856636062e-02
4.278527315174773804e-02
-8.044041431884236815e-01
5.943974330118706462e-02
9.170169965537047219e-01
-4.833502800099944707e-01
-7.403789078103528709e-01
6.997808742599342935e-02
5.783889232519312529e-01
-2.123138705983400598e-01
-1.348119287499830676e+00
7.913174965221783097e-01
8.883539359367143007e-01
9.309598764690241168e-01
-4.527658814245709706e-01
7.291106688941093594e-01
-2.053187712584030322e-01
-3.255020056971256182e-01
6.624234500945718196e-01
-3.673626838833188302e-01
-8.730176374277611728e-01
-1.111810811420549605e+00
-6.670537029996470579e-02
-6.886496411870517420e-01
-8.408425218635144915e-01
6.036560806064050766e-01
-3.198401808155271198e-01
5.464110440630962628e-01
1.783389406506517005e-01
-5.424486821157836758e-01
7.237618901697988605e-01
-5.341043384017618578e-01
9.149110882480213647e-01
2.662032712670789891e-01
-1.250609579116730430e-01
-9.153771346736663261e-01
2.500485556793474728e-01
2.832110072504656628e-01
6.349491737966452831e-01
1.318907066172437581e+00
4.279894036009075364e-01
6.423331327295853654e-01
1.011423682314980255e-01
-5.446851423232983436e-01
-7.957561190123563222e-02
-3.501870625203062914e-01
2.430710671008817769e-02
6.744074426834849589e-01
-4.771325320181771801e-01
-5.513058149159180132e-01
-3.779807345844332644e-01
4.376853157888049850e-01
9.210698338706446719e-02
-6.899620553626828467e-02
4.101089834278992541e-01
5.777236793499263001e-01
-5.889786395613496595e-01
8.129135117745001082e-01
-1.281053885730720765e-02
6.202986243092372121e-01
1.536694308594386271e-01
-5.331303010673140719e-01
-5.692844820725619925e-01
1.524435450573045081e+00
5.002285389763283519e-01
-3.292629370171002989e-01
8.076179051945944209e-01
3.150006554713584705e-01
1.775294467359413986e-01
5.894413510247922261e-01
4.503462750045041929e-01
7.240263498086987326e-01
2.042997113858842084e-01
5.252120881065414082e-01
2.698503375727554499e-01
-4.973649438915392906e-01
2.621992767590146656e-01
-1.706234812045401839e-01
4.987421052302529745e-01
-8.238437971846455099e-01
8.720298495096745484e-01
3.644537851233593528e-01
2.820175018030646186e-01
1.055294367115225285e+00
1.659970454225900838e+00
-1.138876717952417295e-01
-3.469707317207637587e-01
1.933920906866255507e-01
5.805535534381132123e-01
-2.657922065495421649e-01
-4.569005831672736662e-01
-2.872969819751354237e-01
2.164053769526734783e-01
-1.417973940665694599e+00
-5.103577338283997733e-01
2.874570043134827557e-01
-3.851431278184591633e-02
4.897474491119275797e-01
-3.194935587496807727e-01
-6.231824325554118360e-01
-4.019774027749249967e-01
-1.407569554331269401e-01
1.420346659775699294e+00
6.791940438516954615e-01
-3.038094514721123574e-02
-3.968677710989370055e-01
9.806430542121606919e-01
-7.639795957824144779e-01
3.843285715781572520e-01
-4.074162394626208439e-01
-6.904662750639554147e-01
1.226690101209833017e-01
-4.630325594253434929e-01
1.118497695806874859e-01
1.479056056814939346e+00
-4.517799066994800938e-01
-6.198449248295698766e-01
1.236903001317379847e-01
-1.446059592747408473e-01
-8.616880174103425105e-01
8.032879610491638900e-01
-7.249775119561814307e-01
-2.064937261361592391e-01
3.975131642141116473e-01
-1.472622927589411823e+00
-8.307735783534724305e-01
-7.827326136744092722e-01
-1.300276815477241499e-01
-1.588660025914174767e-01
8.742039020540834926e-01
2.236660842450284292e-01
2.940548267212284017e-01
-1.874536874497332306e-01
-4.058146468333143631e-01
-1.692585598017397608e+00
3.474838607086105924e-02
1.714627537590143191e-01
4.753620609877238223e-01
6.799516457963132865e-01
1.059551262765197066e+00
8.942750400315979675e-01
-1.509872625604974594e+00
1.524137230039359636e-01
2.482640885828306665e-01
3.628145525036732266e-01
1.408199025219991185e+00
1.799311408028021475e-01
-7.861062482507037430e-01
6.641348305280878606e-01
1.025842044863293445e+00
8.946166760045546340e-01
9.547860547291975308e-01
5.405192859914942360e-01
-3.940309265165087282e-02
5.180842406855159510e-01
-1.529186356315879181e-01
-1.483176884595478029e+00
6.646937880693393197e-02
3.811762025656273423e-01
-3.868259099439441684e-01
1.045157155920986014e+00
1.368484271711007949e-01
-7.908117245913075521e-01
-5.239357443039569517e-01
4.692365411514431983e-01
-4.121678837379088023e-01
7.554988880578470400e-01
-1.253348637860777881e+00
-3.997228619449453291e-01
-5.202669468179657031e-01
-5.547766752543523694e-01
4.364480686045482116e-01
8.084258770383714321e-01
1.109390689120095530e-01
-6.197174975192236701e-01
-2.117683755398722667e-01
-4.810185752211753041e-01
3.778553848599708331e-01
-4.974578755642191652e-01
4.780168600434624437e-01
1.867422710260502328e-02
-3.121876475382032723e-01
-4.756012837436198737e-01
-2.418049567868996164e-01
1.801574917157342526e-01
7.404897031329502610e-01
1.225633775210549281e+00
-6.372454279968629010e-01
-1.176153971773120865e+00
6.811192446228817587e-01
3.205007270868973634e-01
8.421570446812562949e-01
-5.735708404216879330e-01
2.420336917765730789e-01
-3.986463838077449751e-01
-8.544942448953340985e-01
-5.773977326205876892e-01
1.024345583290333650e-01
-3.494086192836309834e-02
-5.613559605323468205e-01
-1.402377082537231701e-01
-3.388598288983857287e-03
1.252910924882415955e+00
-1.493429488357723933e+00
2.712969128267319618e-01
1.196755902313146436e+00
6.363266827103855050e-01
-8.587809100197691947e-01
1.634523618747083518e-01
-2.733104763231066769e-01
2.272578083458203224e-01
8.380521610513227415e-01
7.950068739480729008e-01
-3.257418667185154604e-01
5.825474285474196989e-02
6.765604721118840814e-01
2.281747639853817233e-01
-8.784598386247797208e-01
2.031815901758591281e-01
-5.584364084442237086e-01
-3.056150282946354935e-01
1.124115133982057202e+00
3.581022137424572094e-01
1.159626493764704946e-01
-9.661288493923860798e-01
-5.645058553976669558e-01
-1.448516051422392703e+00
-4.998774693103422706e-01
5.349899945990221894e-01
-1.783290068006166962e-01
7.024947586797285481e-01
3.934351023147417692e-01
-5.518922646403492394e-01
-5.494644807193083125e-02
-1.666170426239048652e-01
-2.728339858135697682e-01
-7.000957410730501707e-01
-3.981573016386255048e-01
-5.481477996183459211e-01
1.670099420300132920e-01
-4.457035900406722817e-01
-3.147582298711606441e-01
4.420840069058122879e-01
-3.142843421812280269e-01
1.587910502433498294e-01
-8.847862510654902479e-02
4.563203696318662850e-02
1.518649644727840808e-01
-9.660856334533267642e-01
1.285409712554113071e+00
-1.307138351785752661e-03
2.074453493525574288e-01
-1.309766139068351265e+00
-4.296435257160267085e-01
-7.467470984486705987e-01
-1.482734573434454362e-01
-2.892203422681687286e-01
5.880928012260504545e-01
1.001362467174518045e-01
1.657916406581882995e-01
-2.943075122698441959e-01
-4.006687569067270971e-01
-1.578278238016427082e+00
-7.693017274134303918e-01
2.888638981050757337e-01
-1.241887274383191464e+00
-8.445139815990296839e-01
-9.462622538879061906e-01
-3.853640317908348933e-01
9.701790628888424806e-01
-1.800287664620273009e+00
3.997572484301716855e-01
-2.846940445748842308e-01
3.167844266119157481e-01
-3.023080392717947262e-01
-3.775092139330755714e-01
3.892511593459726527e-01
4.133139311820999140e-01
-5.191597383649817488e-01
1.257140626551633389e+00
-4.812303386884506651e-01
-5.213729929558992282e-01
-1.546916819826615885e+00
-1.162670309613880626e+00
-1.011954744572681975e+00
-4.516621810804934967e-01
-4.553623032968721063e-01
5.178515255658497907e-01
9.210555031804146253e-01
-5.800327254924093623e-01
-1.524842117449384027e+00
-2.155097695245533629e-02
1.016845360529425868e+00
9.446290072799428117e-01
-4.358011653311368860e-01
-2.696492135684831482e-01
-2.125154330264198421e-01
-3.799976246639733546e-01
-1.727835025983917916e+00
-5.033372105876647851e-01
3.952798500411569549e-01
9.396039856180404826e-02
-3.076961623626877085e-01
3.160644674673491750e-01
2.316684997937459300e-01
-4.105219342222472534e-01
1.963164945127885197e+00
-4.426936612858778375e-02
-9.500766919409162625e-01
-1.097964770307050308e+00
-3.125545604953874346e-01
-1.160497889574232389e-01
-1.667290181469347488e-01
-4.865875300225450673e-01
7.108530714160448127e-01
-4.387544573491251043e-01
1.476334151093112723e-01
-4.237082160295697619e-01
8.247921841836989287e-01
2.060292983532798772e-01
-8.691862774014538218e-01
6.855550869440403261e-01
-1.204600594404754421e+00
-3.309647283192109768e-01
1.710742117137804996e+00
-2.954103601798765411e-01
-2.081709908753941463e-01
2.033168766630044644e-02
-1.328250511117490262e+00
-4.632896878751617820e-01
-5.691425266514364978e-01
1.331778444038835829e-01
8.823081955903688822e-01
-7.117687500951319635e-02
-1.994485589230379219e-01
-1.398497534048850355e+00
-4.157428840081580645e-01
1.465665441246097878e+00
1.418342100447809173e-01
5.466785488185976760e-02
1.038630469017451929e-01
-9.990040804681648012e-01
7.480618580706064336e-01
4.501270880130370244e-01
-4.000544517386339649e-01
1.452782847904030561e-01
2.098395149658056624e-01
1.534758689152937450e-01
-1.315016742028624730e+00
-6.504035850108715877e-01
-6.026955669955906814e-01
-5.371789833074434029e-01
1.662749668766672073e-01
-1.346020511268335440e-01
-1.138685127346517945e+00
-4.621937940388551880e-01
2.893683837963942906e-01
1.025505862349458397e-01
-1.934048612230387931e-01
-8.368962494786273965e-01
8.542452777744600212e-01
2.118032004946437397e-01
2.101267560088899700e-01
-6.341966225152235737e-01
3.368570398180370518e-02
8.224192234144558356e-01
-1.596838849424816686e+00
-2.640811586165296987e-01
-1.948324684817128727e-01
-8.833029528516522788e-02
-4.819714159070347392e-01
-1.898624064275358236e-01
-3.914884223083756609e-01
1.599485167997816148e-01
-2.447124265163624912e-01
-7.978335387603276985e-01
-5.227196038311294757e-01
3.489654092254754758e-01
1.510841129864304300e+00
1.210228362218018994e+00
-3.733108297482701232e-02
-3.974818979010841247e-02
9.385452854353015795e-01
8.453437176262372788e-01
-6.582371805621649585e-01
3.973566880382062294e-01
-1.782731733431894838e-01
-5.867092382417959939e-01
-2.216673618143021329e-01
1.031855145349462433e+00
-1.166517005172210908e+00
-2.619248879264191032e-02
-1.492107551463277559e-01
-1.766853929055161032e-01
1.109208929908246155e+00
1.760053755085362326e-01
-5.505275189664926572e-01
5.697984220091303342e-01
4.012699031537971806e-01
2.134156789017485067e-01
8.224718267011184025e-01
-7.211688278665357998e-01
-1.297329565409506280e+00
6.255614758176548662e-01
-6.777645734668480415e-01
1.291614249323645325e+00
-5.254297951025739266e-01
-6.369784871347299315e-01
1.343758797142008632e+00
1.207447681062721045e-01
3.054965969506273638e-01
-8.062899259245153161e-01
-1.337456041370117532e-01
5.466521718716768063e-01
9.644941251682990213e-01
3.298418171202408544e-01
7.682417837318649134e-01
7.243349120826367837e-01
-4.187090081212572201e-01
-9.473002695567593889e-01
5.472371009434358058e-01
5.049234066382100039e-01
1.307322485434314174e+00
5.017075552043621656e-01
-3.432908035568544847e-01
8.011084596315187767e-01
5.200200826737289006e-01
2.925416301565064714e-03
4.272246009147595558e-01
1.701825595889081555e-01
2.282799201660115074e-01
-1.737113983293641084e-01
-6.495199248038296957e-01
6.497871274468280944e-02
6.225628843970518744e-01
-2.485928850815541935e-01
5.496631553568684936e-01
-3.376459897707055902e-01
-5.148158752787859171e-01
-6.927647912382539630e-02
6.191067849972320403e-01
-6.635067664429152856e-01
4.937543084440321195e-02
-5.277661638600452676e-01
5.447257583398448233e-01
-1.241976524283616712e-01
-3.986855438580327871e-01
-8.546997827411999538e-01
-3.728296428108981431e-01
-9.807556299136646061e-01
-1.726657537576219426e-01
-4.009015564245741459e-01
2.771075707663728238e-01
3.937245813478895684e-01
-1.372905064632143901e+00
9.977953837222086619e-01
2.272805215798445744e-02
2.429161118458846857e-01
5.079067588824983659e-01
1.374813990159018395e+00
-5.820850172788620824e-01
5.641676150141439194e-02
-1.193468980487841780e+00
2.871110377288976778e-01
8.297943942502419290e-01
-8.011644531312942519e-01
-7.912107298648143328e-01
-4.920109064261550813e-01
-5.085450153789299321e-01
3.052193947421955045e-02
1.725192983093819521e-01
-2.341959428515441033e-01
9.758528984929935035e-01
9.605652520653187310e-01
-1.414066711249443387e+00
-2.570863277972792460e-01
-3.542323386734267388e-01
-7.689520808597247736e-01
-1.042430638593528691e+00
1.031333736965684977e-01
-3.382647044691688976e-01
-6.547091975826475618e-01
-1.011433152316465467e-01
1.175163104468177622e-01
-6.726225599130772892e-01
-1.604708685958282643e-01
8.675643999506448267e-01
-2.806216451145955304e-01
-5.259961564860118344e-01
-1.097916250138020189e-02
6.277084096978855499e-01
-1.121362703455481835e+00
6.548592959541039704e-01
2.406441768408109638e-01
3.845971660495637323e-01
4.706997953989997541e-01
3.045315763822458166e-01
6.970531355904192594e-01
-6.056590973619675466e-01
-8.939058183155967896e-02
-8.294068228517774699e-01
1.756409048129851769e+00
-4.225783662320559131e-01
1.105802522402612453e-01
2.642543899188387613e-01
5.925432118597697695e-01
-4.602184580703134742e-01
8.611556023098980717e-01
-1.511457391416346496e-01
1.930555139540901521e-01
6.455016988528541333e-01
-8.817780877187573196e-01
4.758077053488403152e-01
2.403679460705614446e-01
8.359555491216985601e-01
5.867516449266609868e-01
-8.241868085932075871e-01
4.379603282143538223e-01
-1.341180123260820700e+00
-1.254936086641610160e+00
4.756336936553591244e-01
-3.198947928513016237e-01
2.299464414997789419e-01
7.005708570442150673e-01
6.665519438778968464e-01
-8.260363348762433944e-01
-4.590501944635843046e-01
7.602616393192906941e-02
-9.582935770971268141e-02
2.977476048523506336e-01
4.571039328591277595e-01
1.037744614327644754e+00
-4.245741714444157822e-01
-1.436130402345723311e-01
1.255369431192299601e+00
4.483907296816047605e-01
-2.093332838314285738e-01
-4.935751003153807659e-01
4.317094651251149884e-01
1.218879898648159710e-01
7.416902316079809765e-02
-1.718564200189929281e-01
-1.216631766126177183e-01
1.071694209018600574e+00
-8.036629712686744753e-01
-2.208972530959840697e-01
4.960532826716823607e-01
6.334518997086604486e-01
-2.657409396298309190e-01
1.325483292373327515e+00
2.302996460980466509e-02
-7.383192162050615792e-01
1.751392232734900745e-01
-8.271693681005576337e-01
-5.840286831163314929e-01
-3.557562954322701643e-01
-5.618892293943265059e-01
-1.620010744697040206e+00
-7.301429731254849287e-01
9.042953292350865979e-01
-8.528066121182504844e-01
5.029183487858199797e-01
-3.067393291333360139e-01
9.254356705991897414e-01
-9.208090798102404051e-01
-3.992251614171431484e-01
-1.737712526388646150e+00
-7.435920627227030621e-01
9.934799819219755079e-01
1.594687704236887882e-01
-1.803126884035721744e-01
-3.761815400029497880e-01
2.489662036485462693e-01
1.541274975008777304e-01
-3.351752978287052542e-01
-7.462182520741400538e-01
5.682468890836762654e-01
-1.834113941252013547e+00
9.729816598614151602e-01
-1.110842949540202795e-01
2.125759754188170092e-01
-4.335057056735873715e-01
-1.940018631359432533e-01
-9.505606041848819743e-01
1.278290445322875613e+00
-6.616674349101536734e-01
-5.003245575193089323e-01
5.079462336628992603e-02
4.382784927944518572e-01
-4.497911952629909393e-01
-5.419666281576507316e-02
8.413323993204668838e-01
-4.700130017560981699e-01
-6.530159071359857847e-01
7.327317718089707554e-01
1.000942770065549325e-01
4.572770630252929180e-01
4.805411832947896755e-01
-6.069532795012282378e-01
-5.853257016212856101e-01
7.347162965169928839e-02
-1.063353990317505549e+00
-4.293502134728495179e-01
7.046073067979419235e-01
1.543646970593410828e-01
-3.298387765395975890e-01
3.512342106365418104e-01
-4.406850250358704812e-01
1.294341815420116504e+00
3.870937905450020367e-01
-8.249102358567741433e-01
-9.802582050383454870e-01
-1.996899514787129348e-01
-1.121596849545119845e+00
-1.314608554453757350e+00
-3.646308237228161886e-01
-1.397155316787086932e+00
1.333132313820879489e-01
-2.884839377412635741e-01
7.520668965042629495e-01
2.727339143987794756e-01
-1.770764093772587700e-01
1.625711057599019682e-01
-1.254396896774787606e-01
3.403256821663465104e-01
2.006141521382032167e-01
1.143794951342229638e-01
5.752927911432887953e-01
-2.414505886430360349e-01
4.868383062034089548e-01
-7.835549897994482649e-01
5.295829758732386594e-01
1.481113911555711482e-01
-1.553743086667278561e-01
9.648469984248730924e-01
7.022758102079524889e-01
-2.859876470789748382e-01
-3.674050927826559843e-01
6.848695592062803428e-02
-9.023753167380066387e-01
-9.481666690392209773e-01
-6.115278149450853462e-01
5.874893973287953486e-01
-1.370194115120733080e+00
-4.950471178546944628e-01
3.036283480548274127e-02
-4.854596564778113077e-02
4.603402897167097052e-02
-1.978933415925272499e-01
-5.937912374625717860e-01
8.699059745379598141e-01
-1.257648660980139610e-01
-3.809364644386432630e-01
6.210702661083367104e-03
5.464040059770685076e-01
7.845356429251548747e-02
1.240298207653646401e+00
-4.106803294275431782e-01
-6.411712070413386755e-01
-4.188901568491862903e-01
1.058941093375645792e+00
1.639009343478213587e+00
1.188478962490341573e+00
-3.259533670768091085e-01
-1.196306513476310673e+00
2.101602006734211159e-01
5.878707965234646338e-01
-5.719326260423809316e-01
-2.377052411196887149e-01
1.517007193735153692e-03
-1.154352034574392949e+00
-1.246358000962416668e+00
-2.692015874000155407e-01
-5.946484794822648468e-02
-5.421219617632786480e-01
5.399048870850995385e-01
1.076669856395483293e+00
-6.901014313062026062e-01
1.503102260635635901e-01
1.475405394594572428e+00
4.034494402963950677e-01
3.959184357348322081e-01
9.614445583626718417e-01
-4.419639176579490680e-01
-9.035897219967559124e-03
1.607529727563026256e-01
8.599458667820236712e-01
-8.134416125947119269e-03
-4.514608253272003324e-01
-6.656066082428040431e-01
3.591062227298102982e-03
-3.640313909212018473e-01
5.414176173918194834e-01
3.396780969540200701e-01
1.073677042791483238e+00
-1.275421209105767062e-01
9.072977068033516446e-01
2.004090169579519909e-02
-1.172703844233460302e-01
8.889237100276448089e-01
2.350233932831091721e-02
5.775092733780766707e-01
-4.672656468186033862e-01
-4.113386462396428911e-01
3.800942901833082033e-03
-8.865231673565894255e-01
-8.825385898843185473e-01
4.548334292047861993e-02
8.727958804024105177e-01
-4.509772124658297798e-01
-1.286180167852908340e-01
-4.343567426625520866e-01
4.659100718742594793e-01
-8.620224118054355955e-01
1.165001047058837891e+00
3.515387730183396897e-01
-1.095450094395458152e+00
-8.922541378840165294e-02
2.957557709180935746e-02
-8.690707407549256303e-01
3.074358940147012831e-01
5.325391627479110213e-01
-8.585994986318636890e-01
-6.321904422547639513e-01
2.899976224587756946e-01
1.315286467417466909e-01
8.038845402049501487e-01
-3.733027190861495370e-01
-6.154200768477506855e-01
4.055153637485240381e-01
-6.442927006920982080e-01
4.735184825414151533e-02
3.325861791673219159e-01
-5.111552726303827399e-01
4.892216293266393734e-02
-7.457243427403081881e-02
-4.540109720515754788e-01
-1.829542272879463027e-01
5.317058810008781222e-01
1.943779175393682834e-01
3.146083977329894310e-02
-5.281182208453767402e-01
-4.447889681624541680e-01
-8.047676598568287432e-02
-4.591116820388467801e-01
-7.471088997478698701e-01
4.244021625581284596e-01
-8.627114946656959660e-01
-1.353884385275270219e-01
4.264577761932208944e-01
8.093182261203057948e-02
1.173061532529757756e-01
-6.934747888291461493e-01
1.504390250329930012e-01
1.514051237416502715e-01
-4.847024377410384943e-01
-7.329007137961642826e-01
3.085665377101873830e-01
8.000352345406911425e-01
3.439468525929711973e-01
-6.913426928366952495e-01
-5.263080132982151937e-01
-3.597000190571115752e-01
2.391728825951062731e-01
1.071343997162580663e+00
-1.009592779359741677e+00
-1.796325250941617213e-01
-2.037155323781352223e-01
-9.824703353750994239e-01
9.350424126100609357e-01
-7.691981342056148918e-01
-1.024749107118405611e+00
-7.341965640937511139e-01
-2.892769034327162814e-01
-1.005855222442865848e+00
-2.239086866598070102e-01
-1.037771457201557279e+00
-4.286114363158848306e-01
-1.270343347345810336e+00
-3.876048541794574476e-02
7.184535844238446600e-01
1.532685670175855108e+00
1.294267293863269330e-01
-1.749335130478764100e-01
-3.876768917611199683e-01
-4.438774088173778054e-01
5.616980925228665100e-01
-6.011018143572695038e-01
9.053759609258360541e-02
-9.783063027282530300e-01
5.929010707266932911e-01
1.181582968758006835e+00
-1.141913085216959001e+00
-8.440650487873639918e-01
4.501780038153029295e-01
-3.092563013421152363e-01
-2.905667980306594345e-01
3.720967240640771223e-02
1.077224815998532037e+00
-1.619521656821802935e-01
-4.911292895023278149e-01
-8.451588269511054463e-01
5.404638691248617732e-01
-1.899483422928174292e-01
-1.959837172156388974e-01
2.012106510521860514e-03
1.892843037863958244e-01
2.462956290329145759e-01
6.111684196442945805e-01
3.568108143932411380e-01
2.322956267798428343e-01
-1.885316834182395596e-01
-1.137072066395386827e+00
-6.825890117376225419e-01
1.445963725826989510e+00
6.185639275873535681e-01
-9.673740677435338498e-01
-2.898528158054967108e-01
7.359043669552889355e-02
1.141145169059871733e+00
-3.405759926712388364e-01
-1.302179335884389388e+00
6.067973518301670310e-01
-7.861371907525143143e-01
1.207833703819885862e+00
3.758148910475718196e-01
-2.328220243150189717e-01
7.906880437630903202e-02
9.858441603275327481e-01
-4.803292608995102242e-01
-4.053757768837487063e-01
-1.014018688371152166e-01
6.722467227792687794e-01
3.226004603993262165e-01
6.734573670749970375e-01
-4.024993971642274460e-01
1.179968384600647013e-01
-1.907071190513534020e-01
-1.537661662160454412e-01
6.797468893896541076e-01
1.124513343147627076e+00
2.385389504362578350e-02
-9.285637286918460021e-01
-1.641091072359657232e-04
-1.194125344909071629e-01
1.062176173332436413e+00
-6.003755066769809190e-01
-7.007415058231920568e-01
3.251416002522393711e-01
-7.005482567036223074e-01
-1.501769274717004166e+00
-5.008075317075366684e-03
1.639410397292735411e-01
-2.798140669607782627e-01
3.659388154049603159e-01
-6.527498479116413677e-01
1.211395848565782529e+00
5.848283769171400692e-01
-4.029152615267737048e-01
-7.367020881416630473e-01
-2.890006903702087016e-01
3.444243106300763912e-01
-2.345986702311222416e-01
6.692236979940204833e-01
5.238999768554322145e-01
-1.026522746822957632e+00
9.098138001419897591e-01
-1.314808236562656774e-01
4.669371976394929291e-01
-1.080953268926432287e-02
6.439566881242839713e-01
-3.617426968211834293e-01
3.913325864909129592e-01
3.987695594459506054e-01
-4.574920460061653316e-01
4.496516351572532599e-01
8.581336144382039066e-01
6.389503555309552496e-01
1.296716583552450786e-01
5.764938837030220142e-01
6.388123528031091070e-01
1.623298244459068229e-01
-8.371619950966495693e-01
-2.510672346449922543e-01
-8.899803214747983304e-01
-1.020852697635531214e+00
-6.806217653952835178e-01
-3.461116170528866220e-01
1.746324862732446803e-01
1.183632186474206094e+00
7.415458270780685979e-01
9.626067973643888109e-01
5.142292337918430434e-02
1.331764835089819243e-01
1.186678623969976698e+00
3.288967466319201449e-01
9.522055476381297012e-02
6.996905779733628705e-01
3.305505484188353549e-01
1.266799767955646416e-01
8.902832749430533710e-01
9.146953404628499484e-01
8.115116692720629743e-01
-3.764285934893756291e-01
-2.408457778556876150e-01
9.659836521371722995e-02
-1.466130089317768892e+00
-7.982684818181757791e-01
4.893833887965985951e-01
1.103507626002127040e-01
2.782049411341072087e-01
2.921985525456785027e-01
1.009462952785753487e+00
-1.774709150731936802e-01
7.563741025218959635e-01
2.399050888238738466e-01
-8.385604957826631178e-01
2.153991558710117715e-01
6.440829027310108756e-01
3.812769716371757767e-01
-6.442186385491135425e-01
-1.949804122782889948e-01
5.524510962709658912e-01
7.491799044700560017e-01
8.155719633875992969e-01
5.647711140335669455e-01
-8.644262057391749465e-02
8.566798265815211977e-01
-4.244568047906476238e-01
-1.355664571836010968e+00
-1.472284457140205394e+00
2.835226701169348829e-01
-6.554368718855965170e-01
-4.972697874242157923e-01
-6.148353371871282391e-01
-9.888989803982450866e-02
5.114124603464276220e-01
-5.719528849248263214e-01
-3.828223110699031650e-01
1.123247263852563904e+00
5.858379292583739684e-01
3.371506185298747127e-01
-4.419075185307175246e-02
-1.630371039425897894e+00
1.177094440715086066e+00
-1.102481168860667271e+00
9.319366166776887894e-02
3.076992264168225688e-01
-3.405621253793071901e-01
-8.601522362560007906e-01
-3.583558817004242059e-01
1.082213634317823470e+00
8.575737813711032942e-01
1.683935456496516991e-01
2.507291139267291413e-01
-5.456283808043949080e-02
9.775064253116632074e-01
-5.592626741104531618e-01
3.259087623145191515e-01
-1.515481216117953167e-01
-2.614059581931158505e-01
-1.298647503047076768e-01
-4.761924967549351351e-01
3.307837421672923384e-01
-7.532376103524214273e-01
1.004322661415812945e-03
-1.065318885312108499e+00
1.331424465033876459e+00
-6.236748161801966006e-01
4.101810849302900408e-02
3.878510507732082502e-01
8.202484784812309471e-01
-8.405754539452843233e-01
3.056454471063938527e-01
-1.554464663696539795e+00
1.180584672968496562e-01
1.154083260495175622e+00
-1.025922812682484864e+00
-6.596147533472134228e-01
-1.501030901726734257e-01
8.460591624661262244e-02
-5.614292940089171680e-02
4.513822848314301694e-01
-1.011427947422559370e+00
-9.860423347371289893e-01
-4.332584082325592334e-01
7.424458803675371144e-01
3.079020318940886014e-01
-9.240766247683609436e-01
-8.149738076365853345e-02
1.117944408059733163e+00
-4.401505327026633552e-01
1.791259548910666410e-01
-1.250363472519752328e+00
7.784988169715134632e-02
-5.409320837361288881e-01
1.149172255259234277e-02
6.687848433819887362e-01
-3.291660451264188936e-02
8.145566123939209646e-01
-1.204934641753200975e+00
-4.870081839166875426e-01
-7.440246301795916395e-02
4.579590723908388838e-01
6.712161316728169069e-01
2.204556116584317493e-01
-7.780043289001934426e-01
7.290528861113179104e-01
2.197751421688902695e-01
-4.750843223651299851e-01
-6.966861063737974646e-01
-1.748932221488725069e+00
4.259004695420207653e-01
-5.996148911529965986e-01
5.217696394447610686e-01
1.345950579792017265e+00
9.452352156366519154e-01
-3.729427028033818203e-01
1.561409024506223986e-01
-1.431551535191312396e+00
1.057710240239231325e-01
2.926652734333057282e-01
-2.889307034893136006e-01
-1.600191634547395658e+00
-4.412984722782011815e-01
1.454368183634979772e-01
1.070078039518779889e+00
6.546478438002996114e-01
1.927100685096680976e-01
-1.530594818745347752e-01
-4.678994165968033414e-01
-4.654095325295184438e-01
-8.780078498060106540e-02
-1.721973586831406777e-01
-2.833238311762151795e-01
-2.853065580655549383e-01
7.699943423359778549e-01
5.014943548395258688e-01
6.823764224681614365e-01
-9.634862461441962012e-02
1.279945090465359314e+00
-2.354871108868552554e-01
-4.197822117327101310e-01
8.037582549059596460e-01
-6.071671285593742695e-01
-1.259592569316856814e+00
2.187397290222907742e-01
-2.841119391661592886e-01
-8.958832664975719950e-01
-1.014451946186927245e-01
1.674575848578711224e+00
7.721954152807910532e-01
4.657251413650946859e-01
-5.669207298243845727e-01
-3.976983926511445944e-01
-1.925045880579787649e-01
-1.272477919366686194e+00
7.220102264670824610e-02
-1.369863382168219346e+00
-6.547987566523634229e-01
-1.580367318365523133e-01
7.603646996865256469e-01
9.594703677924600882e-01
1.008391023770994543e+00
5.588458953968844511e-01
1.799270843845235390e-02
5.341720177676876347e-01
-2.791957045831940931e-01
5.247964937733762270e-02
5.024733131160203925e-01
-3.173484588624537750e-01
-1.178834993093813566e-01
-5.718255752511236523e-02
-6.761731576658203124e-01
1.069983207173254236e+00
1.043943726933262539e+00
-1.959559817373310864e-01
-1.193682615247431134e+00
-1.470830455650228963e+00
-1.258120107591103931e+00
2.367539198692742985e-01
-1.498019879238468022e-01
-8.251015466205471327e-01
8.054705689577090766e-01
-1.038239892827153010e+00
-9.816557546375115351e-02
7.198666930427775057e-01
-5.870734594090984970e-01
7.992012962597838666e-01
-5.947328333834756009e-01
4.417617515811951279e-01
3.477474119941090791e-01
-2.186716819951319835e-01
8.546618941128443225e-01
-6.889379909202357766e-01
-5.142908015180323034e-01
1.568167860983566975e+00
-6.448384206036426036e-01
4.366712283644957893e-01
3.672593249903686186e-01
7.481847868557434111e-02
-2.868451836167844604e-01
1.618355102934341261e+00
-7.061170517980723815e-01
-9.295124810711641317e-02
-6.066072394526846878e-01
1.297171616065498689e+00
4.648557020190882128e-01
-6.322661235594049245e-01
-1.484498546807991204e+00
2.630062144900442433e-01
-6.977327158793427131e-01
-9.644996184994223398e-01
-8.673983038978230198e-01
8.238892912313922068e-02
-9.622958056697337170e-01
-1.361572625728264541e+00
-1.081440529565913078e+00
1.058529002537778041e-02
-6.219968852306188012e-01
7.012988390453402943e-01
6.637360358164734464e-02
-1.826376684523376426e-01
-9.576228036574558899e-01
8.776646803128951291e-02
-1.579369882523083746e+00
-3.029660392435564731e-01
-8.063606696672449559e-01
1.364786626146936577e+00
6.577558283710605025e-01
1.271994823222232895e+00
1.634593412796411016e+00
-2.572205774023110791e-01
2.375207855337793106e-01
1.885756485399863180e-01
-3.573011940146555432e-01
-1.364056865036984423e+00
1.146043881394747110e+00
3.989831499839349149e-01
-2.694530758742894605e-01
-2.424069937321071677e-02
4.035196092132515844e-01
-7.608097459375864346e-01
1.023993811563803646e-01
-1.266127884790171354e+00
3.905356521328648967e-01
6.442199100995598116e-01
-3.487258916204778458e-01
4.213791538628441913e-02
-9.686990845864800193e-01
-2.887470268713023813e-01
5.693781965128579259e-01
-4.839960572622477031e-01
-9.915760407103277885e-01
4.235385554024517774e-02
-1.516173815059573826e-02
7.486917748314354526e-01
9.328568753715167361e-01
3.145186084208599908e-01
1.315294427672411004e-01
3.436820066610666302e-01
-1.620492263345809647e-01
-2.209819226629088362e-01
3.569845325900367072e-02
8.691069903468227054e-01
-1.129079323947161928e+00
-8.509785320855289825e-01
1.397969705867225798e-01
-4.313338413595992904e-01
1.055936302231861745e+00
4.671671352123230037e-02
-7.540482248558042500e-01
8.117328757918897963e-01
-7.595052341044405964e-01
-6.626162015085936829e-01
1.330591892274437527e-01
-9.385096103018160107e-01
5.856106621520629218e-01
-1.098836956069400017e-01
4.648404513839397012e-01
-4.116589311623162217e-01
5.491107517184055098e-01
5.055579538447769750e-01
-1.982307339928643941e-01
2.666422600214897187e-01
8.145914379067242805e-02
-2.090415592603642736e-01
5.165999237997098703e-02
2.860488147067563602e-02
6.695595913924634601e-02
2.864507503803306321e-01
-1.281166267787527957e-01
-1.319203173449885469e-01
-6.496722452458403296e-02
5.789606344058615406e-01
-4.781677999445559379e-01
-4.440062125578982943e-01
-9.910167569883068239e-01
3.497048152616972772e-01
-3.744548895201891270e-01
3.607758807578518301e-01
-8.169635002834034765e-01
-3.983203201734202281e-01
1.856752693060936821e-01
1.342362826384331242e+00
-3.510267513213634061e-01
1.504897294188509704e-01
-1.035705121999207279e+00
-5.637452412744812236e-01
6.917164908349038299e-01
-9.966784207832013465e-01
4.426149332437603334e-01
-1.425100865288956964e+00
-6.428586767500990007e-01
3.253533397874273092e-01
1.965687281165928724e-01
-2.777135731253990159e-01
-5.946332121146920002e-01
-1.185153609682377152e+00
-4.700702394212159518e-01
-4.063077792704126168e-01
3.189339269563333801e-01
-3.554464794540246331e-01
8.834575464652081322e-01
4.510800150589275859e-01
1.504215839189519066e+00
4.226107000309831108e-01
-3.958209969213806190e-01
-1.474068434779924885e-01
-7.066309547734732632e-01
-4.167397198948279424e-01
-6.693885198680806781e-01
1.099066496548841698e+00
-1.812397668913838800e-01
4.186572028932360467e-01
3.630683451593075262e-01
8.592497572960731134e-01
-8.915198086013198520e-01
8.222760135281408367e-01
-1.135040460358307080e+00
3.015700354435431052e-01
1.414081408622510416e+00
2.322164536324899942e-01
1.258028773534274336e-01
1.980798343105849568e-02
6.496527311645463598e-01
4.821058671944573604e-01
-3.000058011197097585e-01
9.639372674206754255e-01
2.523298204077395468e-01
3.614025460223064812e-01
-3.283967429123535453e-02
3.368464278004612567e-01
5.875061086342272532e-01
-2.026579045329750528e-01
2.955221770916498514e-01
3.492508441010189202e-01
1.575945171759495445e+00
-1.484380823999205123e+00
4.013953961539939996e-02
1.202626363611074112e+00
-6.851537357140138340e-01
5.585148830509485407e-01
1.299930208360944306e-02
-5.718320578658673270e-01
2.854739641202659328e-01
1.755011365196601503e-01
5.140606401748826215e-01
1.407208841488952089e+00
-2.460950206781742367e-02
-1.116435363445881901e+00
7.367547310673874250e-01
7.563560836715144120e-02
4.642331258223322266e-01
-9.843450491274730041e-02
-4.119392291809536033e-01
1.293483857305018248e+00
-2.073324231234261461e-01
1.176402289002438373e+00
9.924980680798931587e-01
4.872163115459127170e-01
4.537937844788171304e-01
-1.068694223729069304e+00
-3.739182727616690016e-01
5.342520947449447277e-01
1.101450814772242381e-01
2.767134409034248677e-01
-8.468697360689612097e-01
3.684172423565934551e-01
1.997741588867221196e-01
-5.263922111296412965e-01
9.168019393583426435e-01
-4.713953089610809499e-01
-1.195035419432710189e+00
-1.193359659797038397e+00
5.796020535305554944e-01
-2.504191739926984184e-01
-1.097701444298895268e-01
-5.314577376288163180e-01
6.191293375205439986e-01
-7.234218971193326908e-01
-1.105842202164352805e+00
