3.033000000000000000e+03
3.400000000000000000e+03
1.742000000000000000e+03
3.593000000000000000e+03
3.253000000000000000e+03
2.269000000000000000e+03
4.325000000000000000e+03
1.024000000000000000e+03
1.921000000000000000e+03
3.589000000000000000e+03
2.301000000000000000e+03
2.191000000000000000e+03
2.111000000000000000e+03
1.100000000000000000e+03
3.348000000000000000e+03
1.018000000000000000e+03
9.220000000000000000e+02
1.518000000000000000e+03
1.160000000000000000e+03
1.306000000000000000e+03
3.281000000000000000e+03
1.438000000000000000e+03
1.224000000000000000e+03
2.271000000000000000e+03
1.766000000000000000e+03
1.057000000000000000e+03
1.992000000000000000e+03
9.270000000000000000e+02
1.739000000000000000e+03
2.311000000000000000e+03
1.198000000000000000e+03
1.122000000000000000e+03
9.720000000000000000e+02
1.904000000000000000e+03
1.261000000000000000e+03
1.293000000000000000e+03
2.137000000000000000e+03
4.338000000000000000e+03
3.866000000000000000e+03
2.186000000000000000e+03
4.016000000000000000e+03
2.197000000000000000e+03
6.980000000000000000e+02
2.873000000000000000e+03
4.733000000000000000e+03
5.320000000000000000e+03
5.078000000000000000e+03
3.083000000000000000e+03
1.207000000000000000e+03
2.962000000000000000e+03
1.955000000000000000e+03
1.682000000000000000e+03
2.464000000000000000e+03
4.508000000000000000e+03
4.652000000000000000e+03
9.730000000000000000e+02
4.172000000000000000e+03
5.054000000000000000e+03
3.786000000000000000e+03
3.944000000000000000e+03
5.055000000000000000e+03
4.755000000000000000e+03
3.895000000000000000e+03
3.715000000000000000e+03
2.843000000000000000e+03
5.271000000000000000e+03
5.606000000000000000e+03
4.780000000000000000e+03
5.172000000000000000e+03
4.638000000000000000e+03
5.014000000000000000e+03
4.475000000000000000e+03
2.124000000000000000e+03
5.290000000000000000e+02
2.088000000000000000e+03
1.564000000000000000e+03
5.031000000000000000e+03
4.808000000000000000e+03
4.900000000000000000e+03
4.911000000000000000e+03
4.562000000000000000e+03
5.541000000000000000e+03
8.830000000000000000e+02
4.915000000000000000e+03
4.772000000000000000e+03
4.371000000000000000e+03
5.125000000000000000e+03
3.187000000000000000e+03
5.682000000000000000e+03
5.375000000000000000e+03
4.667000000000000000e+03
4.934000000000000000e+03
4.895000000000000000e+03
6.940000000000000000e+02
5.153000000000000000e+03
1.260000000000000000e+03
5.361000000000000000e+03
1.064000000000000000e+03
4.518000000000000000e+03
1.693000000000000000e+03
