4.448000000000000000e+03
5.145000000000000000e+03
7.283000000000000000e+03
5.145000000000000000e+03
7.113000000000000000e+03
3.392000000000000000e+03
5.933000000000000000e+03
7.618000000000000000e+03
8.795000000000000000e+03
9.133000000000000000e+03
4.728000000000000000e+03
8.561000000000000000e+03
1.993000000000000000e+03
6.184000000000000000e+03
8.763000000000000000e+03
8.754000000000000000e+03
8.146000000000000000e+03
8.866000000000000000e+03
5.833000000000000000e+03
9.402000000000000000e+03
6.257000000000000000e+03
8.686000000000000000e+03
8.041000000000000000e+03
6.614000000000000000e+03
5.143000000000000000e+03
3.798000000000000000e+03
3.955000000000000000e+03
4.152000000000000000e+03
5.245000000000000000e+03
3.289000000000000000e+03
4.782000000000000000e+03
8.948000000000000000e+03
4.690000000000000000e+03
5.101000000000000000e+03
4.492000000000000000e+03
5.009000000000000000e+03
3.773000000000000000e+03
4.034000000000000000e+03
3.640000000000000000e+03
2.837000000000000000e+03
1.112300000000000000e+04
4.040000000000000000e+03
4.891000000000000000e+03
6.436000000000000000e+03
9.629000000000000000e+03
5.913000000000000000e+03
5.095000000000000000e+03
6.260000000000000000e+03
8.881000000000000000e+03
3.620000000000000000e+03
5.169000000000000000e+03
1.033600000000000000e+04
7.874000000000000000e+03
8.913000000000000000e+03
5.730000000000000000e+03
4.596000000000000000e+03
3.190000000000000000e+03
9.925000000000000000e+03
3.633000000000000000e+03
4.527000000000000000e+03
4.808000000000000000e+03
4.020000000000000000e+03
1.009700000000000000e+04
4.076000000000000000e+03
7.982000000000000000e+03
9.599000000000000000e+03
1.034200000000000000e+04
9.843000000000000000e+03
5.494000000000000000e+03
1.009500000000000000e+04
6.519000000000000000e+03
5.904000000000000000e+03
6.234000000000000000e+03
5.298000000000000000e+03
3.977000000000000000e+03
5.044000000000000000e+03
1.017500000000000000e+04
9.634000000000000000e+03
6.226000000000000000e+03
5.101000000000000000e+03
7.899000000000000000e+03
8.595000000000000000e+03
1.013000000000000000e+04
1.013900000000000000e+04
9.157000000000000000e+03
4.554000000000000000e+03
5.835000000000000000e+03
8.968000000000000000e+03
9.763000000000000000e+03
9.417000000000000000e+03
9.384000000000000000e+03
4.971000000000000000e+03
9.506000000000000000e+03
8.779000000000000000e+03
5.575000000000000000e+03
9.421000000000000000e+03
5.741000000000000000e+03
9.373000000000000000e+03
4.781000000000000000e+03
6.192000000000000000e+03
