-2.814831762077449895e-01
-1.108803308283741185e+00
2.347004508508785392e-01
3.326125424581043433e-01
-9.039257848363284609e-01
5.363659518020433836e-01
-2.712357918055552375e-02
-2.426563815856930262e-03
-2.345857671805298139e-01
-3.458299648156817341e-01
5.043461467822005773e-01
6.543684075485316498e-01
1.250726648372220140e+00
1.675198681246117260e-01
5.925984592477506752e-01
-4.808529610556915301e-01
-1.574914129042674915e-01
1.758849225856316423e+00
5.722364428576298678e-02
-5.879314745645132234e-01
-4.246283747888259796e-01
7.914190882185572207e-01
2.142561456786875596e-01
-1.283693183974873975e+00
-8.609280271560866282e-01
9.968213587828769207e-01
-1.089773539684715242e+00
7.729779926040656335e-01
-5.142402240481978026e-01
-4.462199326974696234e-01
6.791512842217581891e-01
-2.307283704905493948e-02
-5.888329368110944984e-02
2.663282527634169838e-02
8.082589429052546848e-01
-2.211449545367614178e-01
1.309883604752249298e+00
1.772201328859228653e-01
4.772991970503417392e-01
1.509013525995408500e-01
5.668606403779907765e-01
2.189165145489591069e-01
6.002907276324744856e-01
8.151256332759446721e-01
4.445224585257641081e-01
-1.209541605917339169e-01
5.280774453032899274e-01
2.169241607013185913e-01
-3.088312244474593626e-01
7.986840754303621281e-01
3.061725655995122253e-01
-1.349044594521269680e+00
-2.849696859619257339e-01
-2.157297399224731294e-01
-5.014865857908361590e-01
-6.954753540437472736e-01
1.134884883523835875e+00
-1.547919070996863766e-01
1.013965201197724042e-01
-5.326861813733518858e-02
-6.371342722716262230e-01
-2.740669440661953615e-01
-6.183824480039259441e-01
-7.803457459089999659e-01
3.875993158804735828e-01
-1.592692262538049519e+00
1.770850923513656028e-02
-3.123524515855695682e-01
-5.257553803048722330e-01
-1.752001216877960843e-01
7.473007958772015513e-02
8.852672705170121503e-01
7.427413632951038736e-01
-7.530230304240896899e-01
-3.186258734178704088e-01
-7.384893991244325662e-01
1.822206032680639964e-01
1.318643585636154469e+00
4.212321301062607048e-01
-2.674218038322733193e-01
1.016485805506359696e-01
-6.002011201067336543e-02
4.647331281451698715e-01
-2.802648022454059529e-01
-1.191524110875990417e+00
2.988696437218463231e-01
6.199050865797968157e-01
2.390772114568857631e-01
2.762343417213433128e-01
-3.066792208380242357e-03
-1.491514423246078636e-01
2.089945176555332296e-01
-7.192730233320610012e-02
1.117403392851788801e+00
1.541151652697259067e-02
1.228810543183086246e+00
-1.026213160095039711e-01
-6.997826632450543372e-02
1.339302229992462401e+00
1.137069232542549102e+00
-4.455154374540297724e-01
-8.681695842639367555e-01
1.068208425228488245e+00
-6.236913994561454899e-01
3.563120257709693206e-01
-8.990870011344567203e-01
5.583649918327200368e-01
-4.112481479676866059e-02
1.601829462088977252e-01
-8.237994700493480593e-01
1.478999687344453307e-01
8.642624907948004420e-01
2.003598857591732951e-01
4.311352376094648164e-01
-3.684788022584521983e-01
-2.108885961080577687e-01
-7.187701167389981549e-03
1.499131061948657972e+00
9.554202052546925117e-01
1.962574558451510853e-01
-9.858112312502544938e-01
-3.550157765241230834e-01
-1.177704339662176913e+00
-2.363677159707648912e-01
4.940745185693495856e-01
-1.223472013282313586e+00
-3.025994469182693436e-01
5.163756484349164566e-01
7.137226664614413352e-01
9.425865337128644939e-01
-5.455059889502855697e-01
-2.880249454908572204e-01
-4.721340944464404998e-01
6.161256821048253229e-01
7.698999872704774816e-01
-7.823342867585889593e-01
1.149894125056358796e+00
-4.225545613940164813e-01
-5.862838083488606244e-01
-4.436599654106023749e-01
1.267982917347314498e+00
1.044573072998931984e+00
-3.674219917242282918e-01
4.598447559553608954e-01
-3.866643866639734028e-01
1.199470483080347094e-01
8.219384269596083925e-01
-2.010352259154837284e-01
1.121337114079389963e+00
6.195523391751001085e-01
1.171600068476497114e-02
7.790294011686951237e-01
8.220380555379938059e-01
-3.124677536672502143e-01
-8.511559073376613327e-01
4.513509699604378866e-01
-2.169516563067386272e-02
-8.098949837699151999e-01
6.321250646962406350e-01
1.138943885861642968e-02
-5.688139183640750218e-01
8.923280785271536786e-01
8.994445161987663084e-02
5.159947720081987654e-01
7.234850360439084582e-01
-5.934468610929632959e-01
-2.876241813228270772e-01
7.557208786951541413e-02
1.702085750041906209e-01
-3.236584604766452600e-01
-5.071149338731837375e-01
-2.695519463139923744e-01
3.876808857445723788e-01
7.686477887648521801e-01
6.003166419586563052e-01
-5.592843595723993033e-01
-5.446144929044125504e-01
-7.844733929788798577e-01
7.418401409249986145e-01
6.703819816140788035e-01
3.407541733299268571e-02
3.820770479263080333e-01
-1.299802713275009403e+00
-1.212463809122041880e-01
-8.890932799695674404e-01
-4.766069602708515873e-01
-1.486726387519006209e-01
-5.903647480571727613e-02
4.147558181753741025e-01
4.675268720426721814e-01
-7.028807985768033006e-01
3.539249630046912287e-01
5.888707822213934406e-02
2.200912799355334570e-01
-1.843242822861164143e-01
-5.105218258961237154e-01
2.752251586777578751e-01
-3.790652474160340901e-01
9.885380157320771133e-01
5.557521305128787503e-02
-1.065045223229430515e+00
5.358868464734909409e-01
2.513876869572158057e-01
-1.661714332478343437e-01
2.505858100705307123e-01
7.789813542443235761e-01
1.306079119527128185e-01
3.877223405620577878e-01
6.079403038052078045e-01
2.415282019000564162e-02
1.223514648347502565e+00
2.564252231348431721e-01
7.689889614726936884e-01
5.452438204465392957e-01
3.865845826367131366e-01
9.868590591497836684e-01
7.702313596653462824e-01
3.105212187874020202e-01
1.157639061134823066e-01
-9.731558955566468327e-01
1.560679478664441788e-01
1.381820065456854429e+00
-6.531902485038649786e-01
2.480478247257620339e-01
7.301277488169404251e-01
-7.701892277916044804e-01
-2.733216233546311713e-01
-3.885466451321359926e-01
2.471705055268502704e-01
-1.510521144811849403e+00
2.504575246565483582e-01
8.187618918798609258e-01
4.614148175010406305e-01
1.401173918352496273e-01
-4.401478336882025388e-01
-9.950838033240438918e-01
-1.286912984210344391e-01
6.881683636116866509e-01
-5.877113513490446195e-01
1.440312240562295898e-01
3.908493043268066458e-01
-1.038746517163490868e+00
-4.457073947553213955e-01
-6.781871023079872884e-01
3.900985316380376489e-01
-8.343406677848976827e-01
-6.202960912379653635e-01
-1.070288148127587213e+00
-2.752465006436626282e-01
-9.100889762782520265e-01
2.129478737982921643e-01
6.518389168298064362e-01
1.748125113192546820e-01
-1.466106370027367323e+00
9.137284135989993672e-01
4.164991844837997448e-01
-4.647895114991005272e-01
6.938800195287875283e-02
9.408545080218733148e-02
-9.389610920545621298e-02
4.218435107720743815e-01
4.040749032818071740e-01
2.457767305185054596e-01
-1.384440837906812050e+00
-1.005390490511368640e-01
-5.183614905921531957e-01
-8.417776694917140645e-01
3.056743567214006418e-01
-6.010213642738104767e-02
1.029325444704420889e-01
7.823331574437837332e-01
-5.384116491586601327e-01
-1.099869041806487147e-01
9.258187064626017815e-01
4.678488299720253707e-01
-2.091930840650402246e-01
-2.995260015147094279e-01
-1.182784828562775559e+00
2.630789237178987605e-01
3.358933666141261654e-02
6.126989992554765507e-01
-4.758985785630001075e-01
6.143530469448510445e-02
1.140733110177700738e+00
-7.166342893601989061e-01
-1.471206030999248071e-01
-1.633674487803036257e-01
7.887757208715857615e-01
7.978113822855092963e-02
-5.442641962079797224e-02
4.550735694511045537e-01
-4.631837190138385907e-01
1.368566086177391838e-01
4.924516473485329726e-01
1.030537639872413536e+00
2.756344346998336192e-01
-6.522247159255218918e-01
-9.228082784594757726e-01
9.519450432451037614e-01
1.968580113550801869e-01
-4.761019753133277632e-01
-1.497411922340221579e+00
3.948076067522885424e-01
-7.535083999896325935e-01
4.349097481478860772e-01
-7.759642818373535533e-02
-8.475294082377935467e-01
-5.440389095840743039e-01
-4.389761674460954666e-01
-7.762595153955054172e-03
5.259993366656745550e-01
-3.683146224758768739e-01
3.792703992684902659e-01
1.165388049127962233e-01
-1.851843860418878052e-02
2.213881226452807383e-01
-1.067698740893152642e+00
4.196254980658622458e-01
1.230980386334015186e+00
9.963028195997267744e-01
8.520390640164201557e-01
1.489611393289749230e-01
4.374701634096425096e-01
-3.748734276847578428e-01
-1.398383607750961488e-01
3.985024097065936743e-01
-2.395290187930516623e-01
5.704745912120090523e-01
-1.046703337192338434e+00
-4.987026701382042404e-01
-3.360213262326592343e-01
-6.291500318111253875e-02
3.929970301484519979e-01
4.569678252740363433e-01
-1.241530817709163514e+00
-3.718767371436655367e-01
-2.523845515374567583e-01
-2.340592504784488881e-02
-7.837288438971725668e-01
-7.803141409078850899e-01
-3.417373352831809541e-02
-8.652860805054380933e-01
-2.243457654829938974e-02
2.438448588773667325e-02
-7.063891943906108750e-01
1.095269270981682475e+00
-5.886706503772227705e-01
-4.818486079016812695e-01
-7.718271319189096147e-01
-9.562440653738057961e-01
-6.386223938000750167e-01
2.935553069987140162e-02
7.767722040258906446e-02
-1.616554066695314873e-01
8.511493805657899259e-02
-3.712185567707155798e-01
5.021922539078094161e-02
3.536870027497487357e-01
-2.200500282714532574e-01
3.435248527127328089e-01
-3.251109136563119506e-01
-4.982015276612594690e-01
-1.383430993091834260e+00
-2.864102312466210165e-01
9.916425426249730890e-01
8.669855616048538494e-01
1.145966609101378708e-03
3.375277196063848351e-01
-9.650258414305694643e-01
-1.046317078634724229e+00
3.223422563609021907e-01
-4.092962140613600752e-01
-4.512292996690394631e-01
-1.187110355406088225e+00
8.380619238480075950e-01
-3.461363353808071253e-01
-7.011660967320763049e-01
-5.107974378571791263e-01
1.846930934206980623e-02
7.956129750995009076e-01
1.013108581308834744e+00
-6.777363990104667835e-02
-1.149881249942509953e+00
-5.462173636016833811e-01
-2.730141418541558451e-01
-1.182041687647377159e-01
4.808190675666725866e-01
-3.977998746732254176e-01
-3.700537350787014290e-01
7.501249889277499250e-01
-3.167504405319636618e-01
-3.677397897320249243e-01
3.825115023069649567e-01
1.344219940558915027e-01
-7.634618631141600886e-01
1.856759908435954287e-01
1.098683856341549081e+00
9.866973932121609892e-01
-6.166119597374564165e-01
-1.528723014134287794e-01
-1.738295446178819148e-01
6.465477289834868913e-01
-1.037000194109180651e+00
-6.444518293643026752e-01
5.602203383124155778e-01
-6.407898996528347269e-01
-1.504039882474987877e-01
-1.004488059556516433e-01
5.786253831924534907e-01
-3.445884554016664936e-02
2.045772899339066697e-01
-1.040123049437129410e-01
7.207465764032763289e-01
-4.180153872729821529e-01
8.399480059926389686e-02
5.610184327885416877e-01
3.433420314705628584e-01
-5.569047327252549806e-01
-1.135061704582586817e+00
-5.260950298794417890e-01
2.860439480871175277e-01
1.249763257403300187e-01
-5.666116609702420703e-01
6.458132311116155932e-01
1.354255682714233799e-01
-4.591944528043621077e-01
5.674832668637828093e-01
1.358266153825833378e+00
-4.697394247560904290e-01
-5.275834679824065176e-02
-7.229657167253282779e-01
-2.692572509276240922e-01
-1.220334087578134330e-02
-3.776813713197499922e-01
-2.852880301286102593e-01
9.544951148755487225e-01
-1.782840197078527922e-01
7.774811240331427342e-01
9.931370390332716624e-02
3.759153360213129957e-01
-6.271951055951339171e-01
-4.431287265450762902e-01
4.669795901712934239e-01
-1.134073171948908332e+00
-7.408934587541207151e-01
2.013291001603148445e+00
1.032693979825793917e+00
7.391384310105939548e-01
-1.310079899735949738e-01
-1.069462318866251760e+00
-2.465914367297390442e-01
-1.136562503893721043e+00
8.081950577112362311e-02
-5.815964787229130906e-01
6.146252693970009062e-01
6.211458453508100774e-01
-1.282334207059246722e+00
3.330302689442987685e-02
-9.100789369427459974e-01
-3.188957655004216463e-01
3.484486087498517293e-03
-7.731534650543538945e-01
-4.198438163073809903e-01
5.603285968973548137e-02
-4.149675961266678925e-01
-6.218225925516778219e-01
8.342962912830351740e-01
3.186059040837800893e-01
1.487799858580141077e-01
-3.466013310813496062e-01
-1.454853865173118876e+00
1.482840709174059413e+00
-8.197002298390749786e-01
9.366267588736834071e-01
2.625323348896255737e-01
7.731791442123459035e-02
1.088775635932359265e+00
6.987604141056813489e-03
4.837863613170405586e-01
3.141260655673789870e-01
1.992512272183510902e-01
-3.886306980200657790e-01
-5.299410291602733025e-01
-4.797509842285938575e-01
3.406316289002999653e-01
-4.875640137661854112e-01
3.915873857551837034e-01
-3.312969277593325046e-01
-1.274566650650950095e-01
-3.500706810439204730e-01
-3.362132804575992395e-01
9.073456816708986850e-01
1.031727598949997216e+00
9.118387944126551403e-01
2.004034348924079723e-01
9.327878755252596576e-01
-5.199940482581864032e-01
-5.574909069146540830e-01
-1.612148230570982221e-01
3.540128560977535699e-01
