-3.938750802739994228e-01
-7.730640274074982443e-01
-9.320784540217550429e-01
9.843920778989101450e-02
-8.911134234608990567e-01
-5.241156327665654757e-01
5.432318636105062382e-01
7.135643272144065463e-01
2.070007455790534578e-01
-1.362193484927918252e+00
2.493025943672559919e-01
5.566369011701155500e-02
3.853164252943219736e-02
-7.828992747983951617e-01
1.954454497241266964e-01
-6.263834021158389831e-01
-6.221010870945633542e-01
8.410199065217227599e-02
-6.224482686749119864e-01
6.731502364431660723e-01
-6.330410494574145730e-02
-7.028442350219989976e-01
-6.851279205592497590e-02
-3.372506577370320002e-01
-1.352593955841827622e-01
-1.189559819755944048e+00
-5.646063655001203330e-01
-5.004896098418702977e-01
1.090354064919734078e+00
-2.236889471421221742e-02
2.449568738441243454e-01
8.383888497217384383e-02
-1.060403886210243840e-01
-3.354345809448391336e-01
7.216418743566563876e-01
-3.152938884616940385e-01
-2.404370006239551216e-01
-1.487455633541570066e+00
1.240291247428154442e+00
1.040853665806915629e-01
1.058024100009720136e+00
-6.324341592718001337e-01
-9.154412528963904450e-01
-9.440243826983074626e-02
-1.009115918625944630e-01
-7.441475255506544428e-01
2.917862491124276758e-01
3.180868834412207136e-01
7.814059280633856019e-01
3.526471465388247850e-02
1.136601972287364148e+00
4.505988851731146383e-03
-6.558874482332299749e-01
-1.677710479747220873e-01
-3.596363468136516417e-01
7.426695372317402288e-01
1.579753473853546808e-01
7.445482815155912704e-02
1.748145451359874869e-01
8.473291278961259110e-02
-7.386326670402354466e-02
-1.130096867718846099e-01
5.068335523419378319e-01
3.780479973619748080e-01
-1.757621273461903222e+00
-7.098213166571305521e-01
-4.890713375210831160e-01
-7.719346942869602657e-01
-1.217566348920529062e+00
5.265371230695663485e-01
3.329282304692533501e-01
1.019662001274079799e+00
4.663576279928580703e-01
-9.254144072872687588e-01
8.434006948748598020e-01
2.349324702317012736e-01
-5.579788202613498171e-01
-5.528323519068143455e-01
7.209814359183654986e-01
-8.516801254770722807e-01
-6.599269146411881337e-01
7.186740168316099187e-01
-8.303791559494682062e-01
-1.028472096178668416e+00
-6.465755425697503611e-01
1.929164202527076100e-01
-9.447938892745026962e-01
-5.453147991033961972e-01
-1.893458493472008897e-01
-5.835472469057485512e-01
-3.131894328938118477e-01
-4.053873657249411622e-01
1.177687104773421645e+00
-6.998408061783925049e-01
-1.517915972169843641e+00
1.033050311668399779e+00
-1.166409573041449210e+00
-6.764273441740344950e-01
3.450724668365090508e-02
-1.421959827461680703e-01
5.770583817183414510e-01
8.278145548776407736e-01
-3.256451718402431084e-02
-2.992752384848316183e-01
7.195474354496997904e-01
-7.582102079559325247e-01
8.982140879668243372e-01
-4.064746675310004775e-01
5.612441843019766452e-02
-1.488542366629088676e-01
-8.614611955665729681e-02
-4.840557711992659051e-01
3.879977226982331828e-01
5.922580220680737639e-01
8.704649609058972004e-01
5.467839781058305704e-01
-1.146846486217446781e+00
-6.374459559149272536e-01
-6.270737718810943662e-01
7.717113576432641509e-01
5.088512608734188092e-01
-2.620934726448531649e-03
-7.487918067590433324e-01
7.480596340545186962e-02
-9.879313779527230110e-01
-5.842984726852922250e-01
2.926655552583588005e-01
-1.965310342018968370e+00
-1.492639342482908749e+00
-6.461069126952700969e-02
-4.651325722437711363e-01
3.550214850058033278e-01
-8.522029242290676265e-01
-1.929487108634058146e-01
5.338526142121757800e-01
-8.305219048488741151e-01
9.867372696129308451e-01
-1.150535143527827486e+00
-2.686856210448818061e-01
1.205821123111761040e-01
8.869696851705155538e-01
5.537328250470707758e-01
-1.816256143659682465e-01
7.195508139698976180e-01
-5.294955320228389439e-03
2.339026526836835984e-01
8.673194860212252166e-02
-2.797055699035144727e-01
-6.429164509772968827e-01
-1.073560469917222981e+00
-8.242557066848998915e-01
-1.791470824770060588e-01
2.943040995970633844e-01
1.013756637882234912e+00
-1.118676490777668064e+00
-1.538520689913639217e+00
-4.090374041858275689e-01
-8.371120306998216520e-01
-6.958545095693899896e-01
8.270321716674295942e-01
-5.614128915529139618e-01
4.957576785780766215e-01
-1.165793234012149071e+00
1.722521538780839023e-01
1.744241046805221629e-01
6.021952415856937080e-01
-5.682981810879903506e-01
4.750229942340924438e-01
-1.116208028973208588e+00
-2.144379021557698550e-01
-1.141993324710411262e+00
-6.855104106802425434e-01
5.157897012687318039e-02
-9.618624438736720350e-01
-4.819344021407507839e-01
6.176791761252076185e-04
-7.079000299368276572e-01
-3.143092354893504137e-01
-1.352098359275950568e+00
1.449301784497860623e+00
-1.214071072881064861e+00
6.037941914816915556e-01
4.341142456113455950e-01
6.615466736212125554e-01
1.987321497683732119e+00
3.485703351064817213e-01
-6.584287960389811900e-02
-9.813991123983258902e-01
1.803645940512446089e-01
2.587807125199486080e-01
7.759499288095739189e-02
-2.586270524277125560e-01
-7.194250944100542000e-01
1.415578444841044004e+00
2.271138386519400143e-02
-5.823623471959304965e-02
4.737465440042765152e-01
2.846447195033441346e-02
-9.885218881681181458e-01
-5.477494013344514912e-01
1.188684545275437543e+00
-4.559943242710424727e-01
-2.480288518371285278e-01
-6.340068378733043630e-01
1.153283878721314437e+00
-4.879703983185921246e-01
-1.128171946789136904e+00
-6.006043913006369195e-01
-1.331967391968949421e+00
1.462278304669020201e-01
7.484046318672721299e-02
4.289744901197201088e-01
3.992276648740613609e-01
-1.287376521282148634e+00
1.403284749788777930e-01
1.082549052599901529e+00
5.281650424954236200e-01
4.198063574111721152e-01
3.951140358605886860e-02
-8.158385448889697855e-01
-4.446357888619214549e-01
-5.554767617466884744e-01
6.432603539000361081e-01
-4.292492965832037655e-01
2.414088515471224383e-02
-1.820700169746736208e-01
-1.754648409438477330e-01
3.098783356455800941e-01
-2.611867933280596077e-01
-1.298501867510513108e-01
-7.698862438242048967e-02
-1.317527478106168992e+00
-1.085773002177692348e-02
-2.264727387019505045e-01
-6.432710525364342402e-01
-8.013432972162632950e-01
1.365959500654117420e+00
6.868414860076645923e-01
-7.340514172428482809e-01
5.121167868291776060e-01
3.926119186609930978e-01
-3.833242842461563882e-01
-1.313030193883219177e+00
-7.000876478619941778e-01
1.638485520128547535e-01
1.839791964474146724e-01
1.185135243352990031e+00
-5.684432766264020387e-01
7.687130160210262630e-01
5.744097056182635441e-01
-1.471007460043542547e+00
-1.184708697830911817e-01
-3.273463261908062805e-01
-7.479335804988904712e-01
-6.297431914498394789e-01
1.432923536901922645e+00
-2.536737660388022064e-01
7.087476530389134055e-01
5.405645294564322967e-01
-1.212985003535393069e+00
3.982290939221320158e-01
-9.479195261071282630e-02
4.787140375361707001e-01
-5.775781798328738503e-01
1.401183480832211892e+00
-1.236282672747198053e+00
1.399861239788595668e+00
3.879968274537919370e-01
-6.887676812390743919e-01
-9.158266896199993568e-01
-1.835908105077331598e+00
-2.805797694361631400e-01
4.319204578172728404e-01
1.093140646014028050e-01
4.658349658204681276e-01
9.767051257600822822e-02
1.628804339987421912e-01
-6.197749509311751837e-01
1.118883000573900333e-01
7.063963493344092015e-01
9.120948819763361470e-01
1.446480600380479764e+00
-7.453265647161240182e-01
-4.516269695889638669e-01
4.012821375595345685e-01
4.746630171528387621e-02
-1.784547663185263033e-01
2.147602006507023376e-01
5.940040861202966482e-01
-5.970176688333097559e-01
-3.141008614129177090e-01
-2.572106204895909798e-01
3.670342927783902809e-01
-5.326631512405199942e-03
9.002035148505989071e-01
-1.351092662357986640e-01
-7.008193404827824935e-01
1.539601903277967310e-01
6.543145569094850345e-01
2.500765939621363287e-01
1.545723085612080716e+00
1.066637235229368486e-01
6.323634291640338745e-01
5.234974445352005290e-01
6.011538824881226262e-01
-8.385951407443137384e-02
8.843997648897410357e-01
3.920605901225755474e-01
-4.731031833533574371e-01
-1.576098338223179685e+00
-1.783984273180321267e-01
-7.027580660525512002e-02
-7.865409716831441855e-01
-7.117671573410051522e-01
8.158852934292326609e-02
6.972513438946279507e-01
1.255881651973029811e+00
6.872140994631115163e-01
-7.779283165414447865e-01
5.015644690474534428e-01
8.285228093153094164e-01
-3.599496925644061207e-01
-1.122317356296354873e+00
8.071081203346999189e-01
-2.065951538557309064e+00
5.501537115454819826e-01
-2.167730222692840769e-01
-1.178960172739910828e+00
-4.934091783838479017e-02
-1.556574919676651625e+00
-9.491726415871086786e-01
4.211271996444487797e-02
-4.361792890908304798e-01
-8.014339159958154823e-01
-4.286514269497159191e-01
5.068063275419811831e-01
-7.133600509719704164e-01
2.843779647572795000e-01
2.906842422690694150e-01
3.069555514896569193e-01
-5.596277372133346972e-01
4.973548790041615320e-01
7.844486452969698931e-01
-2.075159797785639526e-01
3.877568715462516025e-01
1.752561590245120371e+00
6.535270585624219919e-01
7.053541807207031056e-01
1.040609968731062374e+00
8.196955669605019423e-01
9.887495342886669647e-01
-1.153974892959257481e+00
1.126904896005340717e-01
4.742151390582680648e-01
-1.278980091819164056e+00
2.182256547651473255e-01
1.961231170720134642e-01
-1.349015538031066441e-01
1.040719744118820955e-01
-1.029732914066818772e+00
-2.849055682795782474e-01
-8.293179779597359413e-01
-4.235263063779459713e-01
4.125188893959119696e-01
-3.720978044779190697e-01
-3.998242451068847458e-01
6.445073692106895180e-01
-1.548327206515427434e-01
-7.863448812748980998e-01
2.451288697978606379e-01
-7.362173786591963420e-02
-4.460501090380333267e-01
6.967096330408466542e-01
-7.137224420686383297e-02
4.922249226796520105e-01
-1.931625569110497764e-01
-8.642999947413976258e-02
-1.034008382075073396e+00
8.005688701291591158e-01
-2.083651606073928519e-01
-1.373787403762909420e-01
-3.902551362061288387e-01
-3.569724311599395961e-01
1.931349117430158913e-02
-8.918722293496728071e-02
2.394301263769449406e-02
7.129580192868889554e-01
8.862707702984709002e-01
3.093337941843383732e-01
3.221740585627905773e-01
2.388825674145653721e-01
4.136825257310547954e-01
8.818906499079837147e-02
7.258457818355417146e-01
-1.044646893885357031e-01
4.780722314919314542e-01
-5.904061000142544202e-01
-2.194893314332624357e-02
1.447215170355811154e-01
-4.595841038275807477e-01
-5.454733109210891939e-01
1.884766858168518411e-01
-9.138849362918151087e-01
4.323991209333231112e-01
6.596446756688703061e-01
7.393410717718049696e-01
4.901040411865764668e-02
-1.301912458234995018e+00
1.965063434885490068e-01
-3.736958854108802797e-01
-6.166110986625454871e-01
2.030554843596359405e-01
-1.259064628748395087e+00
-8.462325840287050482e-01
-2.764606493342114391e-02
-4.902189417722091491e-02
-1.694439401705025716e-01
-2.517564738969735316e-02
6.284608847908668139e-01
4.278116928983877187e-02
-1.510480228698440897e+00
7.390990912481676389e-02
1.492530462112071632e-01
2.297628212610982601e-01
1.250927176463314083e+00
-9.303752570585395176e-01
-1.020645920925532302e+00
1.622560581254941070e+00
-3.535980027175247287e-01
-7.533703238273918856e-01
1.661757981003457729e-01
-5.614271966492987431e-01
1.247279840854675470e+00
7.223936814763600722e-01
-1.164016673216385911e-01
1.074899837503471289e+00
-5.246824040782165355e-01
-9.547089394462648926e-02
-1.010004345940950010e+00
-4.829583084492465872e-01
-7.112548087743038039e-01
4.048528705951834894e-01
-6.123835635304155645e-01
6.014235746343548072e-01
5.792202535570485367e-01
4.099490952806386090e-01
1.299145144804835894e+00
3.536867089744522019e-01
6.797011928919722834e-01
1.326321855950851614e-02
4.955706061503608595e-01
-5.598394244361877270e-01
-3.217065740649980299e-01
4.162889445058990390e-01
-3.357089669784514285e-01
5.289717799545634591e-01
4.083970682156543575e-01
-4.324413388373447020e-01
1.055360768775059910e-02
8.387352502417151356e-01
-5.642142233597731149e-01
-8.939378960912476302e-01
-3.452352413485666460e-01
-9.266557604520198055e-02
1.657473436186007731e-01
-1.187349131051322892e+00
3.852029810596153681e-01
1.824618153746921934e-01
-6.511958024017436841e-01
6.809149826498401836e-01
-3.585743421507450179e-01
4.245025128795543168e-02
-1.013706146495376270e+00
2.605178292897747383e-03
-1.949799764590993689e-01
8.764267245795860362e-01
1.655345228680591418e-01
-1.796353014349056920e-01
3.096458692379746580e-01
1.123921662853852865e-01
-1.063767181314565491e-01
-7.825982082675757567e-01
-3.871949526488318583e-01
6.852188083737322799e-01
1.949244292481679963e-01
-4.479441241602772905e-01
6.027539587960699663e-01
-4.901247325478781391e-01
1.444104613405885473e-01
-9.153524362956479976e-01
-1.172315138140040958e-01
-1.577023894608950982e-01
1.291050891793583233e+00
2.494563761792001344e-01
-1.213025415325273748e+00
-1.911483977056667172e-01
1.173795774047116325e+00
-6.415692939593569122e-01
-3.620661045253328325e-01
-5.534320925938169822e-01
-1.191518650280029679e+00
-1.468232483916557918e+00
-6.895259299616363080e-02
-3.371094392883433599e-01
-7.218620252401386495e-03
4.196743360733723449e-02
-3.670853881132156715e-01
4.276771495980291604e-01
1.268498155719655074e-01
-7.109841987382639061e-01
1.402491127654745817e+00
-4.600409249836356906e-02
5.212708468982976129e-01
9.778097379354644403e-02
-1.151194013030094609e-01
1.291651932619189758e+00
1.194984186761446132e+00
-5.333509520122898806e-01
1.839038789101987703e-01
-6.475431262836384150e-02
-9.181826539602244708e-02
-2.262771005579411465e-01
-9.398418716329528522e-01
6.240295047205135504e-01
-4.224233870353781839e-01
9.010415097530257711e-01
4.393691406628885687e-01
1.059571030683734705e-01
8.283144574871892374e-01
1.323047187186462637e+00
1.932209055283902188e-01
2.330277481776343862e-01
6.427674050152933916e-01
-1.279082385580934123e+00
6.116568600257776822e-01
-4.455975043467796937e-01
-9.151824855327994612e-02
1.123909671076487982e+00
-8.835574918702073788e-01
3.614540001111921086e-01
1.830760097356343152e-01
9.056287219148373424e-01
-6.863716498991498938e-01
-3.003563988462305545e-01
-3.970835936951448986e-01
-2.721644986553659606e-01
4.608914160801615978e-01
1.359225527184992899e-01
-1.579689955635086296e+00
-1.482853875390510723e-02
-3.846850806895592001e-01
9.962895739689781038e-02
-2.368685762369633352e-01
-3.436608229009232574e-01
-1.054651042629085822e+00
-8.017828327905505148e-01
1.484395601660182251e-01
-1.354993798999212018e+00
-2.448550938186428994e-01
1.973269664062637929e-01
1.017569998009615340e+00
5.588148905976355607e-01
1.689647646125850500e+00
-6.216416759597542807e-02
8.804341592093400948e-01
-2.692769503310774581e-01
-1.288631044532549286e+00
-2.214338799621522469e-01
4.269442963142244807e-01
2.872105117786460937e-02
-8.207170153814171698e-01
-5.995925603172205243e-01
6.735716822495305678e-01
-6.632702553257434630e-01
-8.020858983076450954e-02
5.332245827858450582e-02
-3.030270718984748868e-01
-3.668075508599253354e-01
1.769069733972514769e-01
-6.791538461074981825e-01
6.530670701893868113e-01
8.470220608133764983e-01
1.050090998222188432e+00
-5.291987968870230929e-01
-2.373613940766636787e-01
7.246349392465312178e-02
1.017406266109564861e+00
-1.190180046243592749e+00
8.877458596776062194e-01
1.371615185759944566e-01
-6.214015066471709758e-01
1.126295313989935210e+00
-2.898057753517413460e-01
-6.684115968015538201e-01
-3.654506601122555765e-01
7.600104246381986783e-01
-1.004518251195643419e+00
3.268475215695794134e-01
-4.368839141994840247e-01
-4.167021411233173822e-01
5.226822163180955272e-02
-2.058423943294362957e-01
2.718950911917437097e-01
4.627906909047290185e-01
-1.201748296770253521e+00
-1.134712919366100969e+00
-1.386426721669584694e-01
2.330717565110091982e-01
2.124108272834153155e-01
-2.391820221444778127e-01
6.947982420672138559e-01
9.212167985653296753e-01
1.425018371185382549e-01
1.274088875184606451e+00
-5.174846629023370781e-01
-1.111920659720257554e+00
3.170825152788196988e-01
1.295945311705901659e-01
1.845649178195767348e-01
-1.348590810872671852e-01
-1.145250562619094303e+00
7.277084488525709105e-01
-5.680874833002533819e-01
2.776743047749512527e-01
-1.538963621976588314e+00
1.125428494899276544e+00
-8.738182333323312179e-01
-9.168730911521905114e-01
-5.624454150793294360e-01
6.424958941663927448e-01
-4.926664607402022611e-01
2.875436324973525970e-01
-1.303102108897485234e+00
-2.141899589728524234e-02
-1.101090941399851530e-01
-1.607867329676793133e-01
2.788398058664922630e-01
2.750734753228467611e-01
-1.716610954199175865e-01
4.572635851625133085e-01
2.924508195589101689e-01
1.115761531559716246e+00
6.069840948263758307e-01
6.722339180036769335e-01
3.173096471267777829e-01
-4.113087189357802487e-01
8.120562809264262327e-01
9.464128381227858711e-01
-8.221794017702865887e-02
6.261351659918190649e-01
3.165680989466235218e-01
5.616754284571303657e-01
7.161824643084138131e-01
-2.302821862919222085e-01
-1.052512406968557634e+00
-4.094721970803130162e-01
4.548000952776440897e-01
-2.021079764998559014e-01
-7.574469438943811639e-01
8.371612107496684274e-02
8.737550194949186277e-01
1.399613499602896383e-01
-4.545452104626033218e-01
-6.935841561067865868e-01
8.492179041411507256e-02
-6.086333684512990061e-02
-3.492086335149675591e-01
-7.650610947032348008e-01
5.776300597469630205e-01
-5.397916388355206152e-02
5.511353996210672790e-01
5.459414747956223835e-01
-7.883754579108153138e-01
-2.173876427873713268e-01
3.791002170533950277e-01
6.194123022550641622e-01
7.088467102078848114e-01
1.076620728838211249e-01
2.820396221166623363e-01
-5.784412803485512455e-01
6.468370581089653015e-01
1.843733550234176732e-01
-7.818475570127958463e-02
-5.555676778639444535e-01
4.283243821441846677e-01
-7.570277858300302753e-01
8.270253797688500441e-01
-1.397762513821652064e-01
-2.675803762384356688e-01
2.565735518658041059e-02
7.380446648052991776e-01
1.743991372000044393e-01
-5.053437045851989495e-01
6.531716771244857611e-01
1.266839852026818036e+00
-6.370315504942114515e-01
6.010940668603392822e-01
9.916058093953523667e-01
-2.692947631410440579e-01
-8.636733786093566678e-01
3.558419851398229028e-01
-8.871306136217604887e-02
4.417607903645386358e-01
-1.087257212871128864e+00
7.666724784441640850e-01
1.940287857821800799e-01
1.422159120275455990e+00
-6.380172094912515135e-01
-5.184984389097646584e-01
5.552441600680406708e-01
2.926029866891441955e-01
-7.137616667948432081e-01
7.670405552648942304e-01
-1.525126394302045441e-02
1.304212182655541952e-01
-2.891854218940350663e-01
-2.403489944133507805e-02
-1.316239790163363121e+00
-8.250462064936039397e-01
1.658683359713881700e+00
-7.129249931794365835e-01
-3.313835369263866681e-01
9.950704836309585133e-01
-4.332426542822789273e-01
-1.752656775472960504e-02
-2.484088747171666611e-01
6.978364702210670956e-01
3.178091130080371585e-01
-4.111625371203011525e-01
4.673413177743555025e-01
-9.042978446049554364e-01
-3.294727976063667185e-01
-8.256330176182471448e-01
-1.233744057779064818e-01
-9.332498070001653545e-01
-7.163464260364875713e-01
-7.303376625330102456e-01
-5.140382815894106727e-02
-7.455080667028894936e-01
-8.540944018773544144e-02
3.264795567611074034e-01
2.480792469270660661e-01
-9.078668131651301820e-01
3.131829126125209584e-01
4.082516116522416638e-02
4.879271229066040050e-01
-4.688601460664543197e-01
-1.045292570153080192e-01
-1.481675109742788266e-01
1.107372873439373961e-01
-1.482721112584477474e+00
-8.425134122700193018e-01
1.415149642503958916e-01
4.568275711542701956e-01
3.593849641306938736e-01
1.294744572395502225e+00
9.695862631728688896e-01
1.488204556730341466e+00
-7.189853540389616882e-01
9.646570950365918051e-01
2.257917667701558884e-02
-3.364422150789465604e-01
-9.540134307536831670e-01
-1.599892017787354348e-01
-9.981217596588924934e-01
7.413651081104166707e-02
-1.493840798933074865e-01
1.067398705722686358e-01
-4.096376848267473392e-01
-4.449909407483172430e-01
1.067486460157295980e+00
-3.152261174683799183e-01
2.949097445581028154e-02
4.681638918679400518e-01
-3.038716067019526790e-01
1.122404315300896904e+00
-7.242809616103427217e-01
-1.005142060495147760e-01
1.383994537319360063e+00
-1.765185531998625379e-02
6.195995243866843083e-01
9.893014481500816970e-02
1.309606409162835661e-01
1.267870779462437980e+00
7.200343317976685142e-01
-8.806863864884366677e-01
1.850453264032179135e-01
4.538701745465640869e-01
-4.820081511949254605e-01
1.026170724557165848e+00
4.690979746807606432e-01
4.326377756531982754e-01
-2.402033830983416607e-01
-7.461912223189166582e-01
7.049553391117697743e-01
-6.213556520359428958e-01
-4.117170011325228529e-01
-1.064610277600245070e+00
-1.851898444396899990e-01
-5.380529174122514746e-01
-2.412365268101233085e-01
3.022641065402176253e-03
-1.097107373312579348e+00
4.783862463747858840e-01
-1.548127421980218799e-01
1.195149992852345910e+00
-2.851677749249690308e-01
9.324070012268315111e-02
-3.850801303138897680e-01
5.182310911051546398e-01
-1.308722798450292046e+00
7.372875655610044987e-01
1.471418850260517885e+00
1.517156007609873569e+00
1.109568112800189077e+00
-2.460490331089726368e-02
1.247510873841064516e+00
7.596528395711921178e-01
-7.164108035445604372e-02
2.082643772222025902e-01
8.812585594015889257e-01
-1.349705581333861648e+00
2.700439380443597770e-01
-1.273087870758016216e+00
1.764662914639378855e-01
8.144937584334535075e-01
-7.132701738703852712e-01
1.159631875138305013e+00
-8.071947095070548528e-01
6.305851352784710429e-01
-9.730619514697558259e-01
1.034639752119979050e+00
5.484974877247257297e-01
-4.503547787965294091e-01
7.806582430694657404e-01
-4.299240049838362054e-01
-4.927402515820009654e-01
6.677207872741552919e-01
-5.706012677136786948e-01
9.646649800727358226e-01
1.029379571303206120e+00
-5.262944311812001175e-01
-6.727229493356396972e-01
-1.156700246661772624e-01
-1.142310530167026883e+00
-4.527303199989205496e-01
-2.205119224610312401e-01
-3.016681316571467875e-02
3.219784632420648052e-01
5.502768491049554456e-01
-4.850475800483478039e-01
2.160309086433542802e-02
1.285279271684252045e+00
1.213968163452383564e+00
7.708341127230422529e-01
-2.344695341024083390e-01
-4.834856558891598155e-01
-6.937435833598932788e-01
-9.773987069550571505e-01
-3.818524445606765738e-01
-2.041752220359986936e-01
6.035868389653407107e-01
-6.172058633282588858e-01
4.884675745149760218e-01
-3.531024135294629218e-01
-5.398882214331024443e-02
-9.572488192693366926e-01
-1.257873232023012378e-01
-9.633241068961995168e-01
1.841125289050378200e-01
5.240842403764389701e-02
-5.302352006126298534e-02
-4.994318816552194562e-01
-1.353766107744608149e+00
-4.767772301170367655e-01
3.296479701742205393e-01
-3.604400812794956721e-01
8.635759374864697691e-01
-6.244757474326636526e-01
3.680587120760945297e-01
6.696056237750402929e-01
3.120354001424967549e-01
-5.083451779447170082e-01
-1.309974656700640949e-01
-6.154747062591603424e-01
2.892337055648477318e-01
7.809730656766165069e-01
-1.603517351515124645e-01
3.212174830867731146e-01
-6.933482999482887266e-02
7.941279015761502080e-01
1.060696156662181977e+00
-3.571345642081444893e-01
-1.038561598398822561e+00
5.163158338195223962e-01
6.964824744014785907e-01
-8.996596527388325271e-01
4.562672112674608371e-01
-1.935802072293446585e-01
4.904321102860542680e-01
-2.384275465325282894e-01
-7.796402424313786383e-02
1.453219309387971947e-01
4.955591400361303300e-02
6.874612825499966107e-01
3.042471275324523106e-01
1.022563511736432673e+00
-1.920525628014103425e+00
5.062796426332258903e-01
2.269226290055295081e-01
3.203437854153570186e-01
3.786832731291243093e-01
-1.378642487325776766e+00
-1.286378056779380330e-01
-1.464615849816608417e+00
-1.430475754125759558e+00
1.849604909707256439e-01
-1.251124789395991144e+00
1.554463080701841804e+00
1.476005399838866694e-01
-4.166822042280902139e-01
1.437476505771142499e-01
8.980397734843936774e-01
-1.042207325294471687e+00
1.393042339698711274e-01
6.290050405687370727e-01
-4.369257751478166085e-01
-3.774191872247651958e-01
-1.126095841239584061e+00
9.220909315365233283e-02
4.003497217591860391e-01
-1.934234075795053798e-01
5.303383145582856173e-01
1.315299487052783434e-01
-2.869542563182054806e-01
1.772807557342037654e-01
-2.139446339765606719e+00
-9.142637168913942958e-01
-2.291553505317907025e-01
-5.078924830653805955e-01
1.921322747436011724e-01
-1.064665176887458209e+00
-7.672385858910333312e-01
5.812754460770852560e-01
4.504603732440584096e-01
1.805680907508886435e-01
-6.499891487871121143e-01
2.858675478872516607e-01
-2.036346911036073237e-01
-2.390547482737961360e-01
4.892532590952463067e-01
-5.344533399766469017e-01
-1.066618884810128787e+00
5.137316958738615824e-01
2.488383508718028381e-01
1.218370066879018943e+00
-1.586423544237334227e-01
-1.305204550152136100e+00
1.909461141822443864e-01
3.301846201033589168e-01
-3.195491927071447691e-02
-2.228338157350862048e-02
-4.704813522127349046e-02
-7.690061613120944273e-01
-1.995900494979089501e+00
-4.836512263003038825e-01
-3.700224914421124112e-02
-5.758294313557232869e-02
2.210341990940287715e-01
-1.192589698421739897e-01
1.576962714817504718e-01
-4.050954321616453413e-01
7.508610976628133926e-01
-3.938166636435056489e-01
-5.780381441859301361e-01
1.281310257598500257e-01
-1.732521272365215026e-01
-3.226724407268841688e-01
-1.276255578734168949e-01
-1.007668609800846937e-01
-2.004059377134455033e-01
-9.339843147457163042e-01
3.174795747166117010e-01
6.506865938777695035e-01
-4.806572168052953842e-01
-6.469678264912523957e-01
-6.038812333323448911e-01
-6.223269316218118519e-01
6.133489515048093921e-01
-3.206019369093322524e-01
1.298527260561623820e+00
2.675079244796831901e-01
-1.994741952193113121e-02
-9.970573570333884916e-01
-1.164528246371912878e+00
2.406507163109070646e-01
1.196194152045579884e-01
1.601338232705245446e+00
6.565105512530085008e-01
-2.621297978062644418e-01
-2.116042730381320069e-01
5.841992061245369072e-01
-2.007467411605770469e+00
2.857509835089295791e-01
-6.753830675309924203e-01
-3.118641928458192325e-01
-8.199708201144222386e-01
-1.196743447832622653e+00
6.656488666730169257e-01
8.250959053604676186e-01
-2.989459545418071684e-03
5.306182132200216728e-01
5.152943610670233099e-01
1.995704559246282983e-01
-3.136575703142110427e-01
-4.477018625860686996e-01
-8.771028435591290418e-01
-7.180254014796636497e-01
3.673525861632098710e-01
7.602127113599799202e-01
2.019042745722909871e-01
-2.048027157568501622e-01
-8.829173682845414817e-01
5.119858295122572400e-01
-1.090471803370043347e+00
7.462910654453924764e-01
3.346723993099942618e-02
-5.986762856143279521e-01
3.190193290050657993e-03
6.683113264472044790e-01
5.989135793468491897e-03
-1.108180659673588142e+00
3.542761252262627281e-01
-5.626192434095607098e-01
1.731252551384421245e+00
9.541384975446618455e-01
1.779155162376505395e+00
7.421728586001563599e-01
-4.430086566577884355e-02
-1.529365080110389741e-01
-3.243200981609106748e-02
-2.937720120962419301e-01
5.821936014690365369e-02
-5.207411718037127102e-01
-7.687404045756540683e-02
-5.880702629819989369e-02
7.080638395551686060e-01
-4.447673165237633341e-01
-3.314310875477497476e-01
-4.278608103070089541e-01
-1.027843245812305017e+00
9.019207689255859250e-01
-2.896832999901466366e-02
3.153941919243283820e-01
-1.536302466645516063e-01
3.090809330276123035e-01
-1.827151506749986609e-01
5.303568196526455836e-01
2.405460860052608396e-01
5.035576195762923035e-01
1.737390104163774041e-01
5.590402660675728441e-01
2.029858374964881307e-01
8.422662049220264180e-02
-6.210511648937551143e-01
8.700213309514071014e-01
4.114625586936417889e-01
-1.499449743169651406e+00
-2.476894794306083725e-02
3.880892518489353904e-01
-1.632644553830076006e-01
-2.274594584617517512e-02
-3.867642216882565265e-01
2.350808278833662612e-01
-1.466524047562227651e-01
8.397915334315264602e-02
-2.278960456956804492e-01
3.750889969802573276e-01
1.358638496958919362e-01
-1.386946871989023222e-01
-4.406396041344828873e-01
1.013646956840918989e-01
-6.224942911125195266e-01
1.893583774809926012e-01
3.787082614564853955e-01
3.369978966890228023e-01
-8.353424388270074274e-01
4.065841414914483920e-02
-5.047530338436558850e-01
-7.647169502087054482e-01
6.020204290311603756e-02
-2.464407497309020201e-01
-1.654667810181198462e-02
-2.273413437270228599e-01
-9.584021231167412225e-01
1.287058940444900657e-01
-4.068715144851076104e-03
-3.745139426804957594e-01
2.466283295600462111e-01
-3.163180203319972961e-01
7.946683891543928624e-01
2.322971243478519909e-01
1.718260365183352789e-01
8.444894537888671948e-01
-2.003002102107211968e-01
-7.677595657911968630e-01
-8.632725173618638337e-02
1.177001908472501412e-01
2.575763287585086658e-01
-2.110638644979623280e-01
9.495943204596981602e-01
1.248849706560681838e-01
-1.109430620031779391e+00
-5.244634406396873061e-01
4.028621029040930779e-01
7.574733528009858219e-03
1.000665111519065675e-01
1.758838432992933853e+00
1.293699462474523720e+00
3.027236785219322712e-03
-2.982779142682634443e-01
2.535078644462709363e-01
-7.548376026090561908e-01
2.930934936407432190e-01
3.350475457679360503e-01
8.264999021623209430e-01
-1.360409405026539176e-01
-7.071311260352599604e-01
-5.220647300248266731e-01
-9.826370208557300145e-01
-1.696955780614306963e+00
-1.653451452176231129e-01
-1.879081715685959608e-01
3.540340200357192657e-01
4.803605910525305944e-01
9.619297699331301743e-01
5.291039960427550426e-01
-6.889432061523281803e-01
7.633155114129710483e-01
2.432952048874446049e-01
-1.392779630831006088e+00
-7.799901281692083188e-01
-1.685843350923832418e-02
8.206350019754617975e-01
6.517234928061466093e-02
1.448580410564365373e+00
8.735367659548742836e-03
1.069731474849841213e+00
2.660858562958985374e-01
-3.734057608400362938e-01
-4.546767100952520124e-01
3.497328215527524264e-01
1.543421080454043803e-01
1.017353818411880439e+00
-1.617589577376028487e-01
-2.950039124714090022e-01
7.315477789311515266e-01
-5.918724421168892746e-01
8.830646920113522924e-01
-8.260784589767427022e-01
-2.732549743366456951e-01
5.103483553631633640e-01
-1.918140301562365924e+00
-4.636732326440267116e-01
-1.252089168301520949e+00
-3.213231555657909411e-01
9.087609284582898184e-01
-1.146265010581858590e+00
-2.811988620547491990e-01
-3.857561394415656153e-01
-3.898847706401546986e-01
4.207677756527434809e-01
-2.078858176055300433e-01
1.423567418873830093e-01
-5.807354793078953747e-01
7.448146374198660880e-02
-4.686463665810762791e-01
-8.280076258662125710e-01
-3.673932407045468196e-01
3.188544975011549099e-01
1.234024447323553098e+00
-1.280233503490828095e+00
-2.312583172997149106e-01
-9.806848133257561884e-01
-6.832379837155597713e-01
-1.427025831279507884e+00
-5.483552993180467183e-01
6.700614832606728299e-01
3.550121636744005826e-01
3.463559085777010438e-01
6.336739746904642701e-01
8.178876964338570588e-01
-1.160074789189717848e-01
8.347439630387745169e-01
-2.438164005722276428e-01
1.043274446843938108e-01
1.409110173272736688e+00
1.340703649418550469e+00
-3.330142441819683441e-01
4.925551372834249264e-01
1.160760303329078980e+00
1.401773692418306183e+00
4.775807563620908525e-01
-2.543618580596893608e-01
7.877949790351257420e-01
-6.692183465602088432e-01
-2.397485352253498903e-01
7.118590833949420826e-01
4.247784948639710123e-01
4.756623927515857275e-02
-1.186756057895975935e+00
3.882880345411141576e-01
6.375099131934813812e-02
-5.999698883677542227e-01
-1.084028030777712814e-01
-1.036352408445968543e+00
-1.207006325440231009e+00
9.705039118684144483e-02
-9.032875483393283389e-01
-2.600114246011901997e-01
2.877023423467193197e-01
1.648620730455032657e-01
-7.395483245123788407e-01
-5.096871286692552516e-01
-7.918182508118665197e-01
-3.533095545782050095e-02
-2.999473889492652035e-01
6.100472871434519107e-01
-9.501816237312752378e-01
-3.672609998485860672e-01
-3.675043951102239248e-01
-9.953513452824180874e-01
4.549229952468936133e-01
-7.799587221267065829e-01
5.027382574687777606e-02
5.692423845018641515e-01
5.431661181503342206e-01
7.184507471976786519e-01
2.433627622496992160e-01
-4.844884026001885502e-01
1.631836792824294946e+00
1.319526067822991422e-01
2.149149860328609662e-01
1.303999286050981254e+00
2.233085180440337325e-01
1.102482329025874286e+00
-1.194431958016739515e-02
-7.393803315481095595e-01
3.725371061500881709e-01
5.956561191707603342e-01
2.822134076310103268e-01
5.371045811195731545e-01
3.429305196203449313e-01
-1.136492051734573572e+00
-1.193795384465792253e+00
-1.336982745324073907e+00
-4.492651743700193379e-02
-5.766082679179884707e-02
2.619738535960713932e-01
-1.537215851936069910e+00
-9.944857799371131790e-02
-7.014480965208091945e-01
-1.542707522795385700e-01
-4.708828042989816609e-01
5.764863711962782133e-01
9.494360096789495884e-01
5.100795704955283227e-01
3.267340226848194362e-01
-1.510993130383049277e-01
-1.308547949728708026e+00
3.373852423332577288e-01
1.408258711636936056e-01
8.167130100391242209e-01
-1.191471876714436107e-01
6.516184516381500202e-01
-6.421081329618774092e-01
1.562612711452615599e-02
1.366236843945314305e+00
2.469277860686700521e-01
7.079438469637588938e-01
4.631015991114306729e-01
8.033332048975418971e-01
-2.722210708145489377e-02
-1.410917656161290168e-01
6.609592356985594108e-02
-5.115878051731392873e-02
-2.751910070265362052e-01
2.756739758577335664e-01
7.736014309751224616e-01
-1.133792924485936382e+00
-1.054961984470059733e-01
2.691572532560861930e-01
4.465867603797777363e-01
-4.288483396545395010e-01
-3.961327443004787341e-01
3.654810158339714121e-01
1.774573742487817185e-01
8.996702152595759117e-02
3.481083441518766364e-01
8.008857910877855701e-01
3.615991668716400653e-01
-5.159391744937185109e-01
9.743798676299029182e-01
-3.217723254090802953e-01
6.241547975831895911e-02
-9.924895244092439839e-01
1.158827329386744154e+00
-9.835593437471024103e-01
-1.224536607541489186e+00
-1.427424590641628299e-01
-1.399214848500311970e+00
-1.064231422402943661e+00
-2.570700572075468315e-01
4.921466521888948620e-01
-5.485738972231430921e-01
-5.950039385652310386e-01
-8.959851656148245524e-01
-1.001723781769699340e+00
7.557363653366353518e-01
3.643485301856808078e-01
-6.104537798811824345e-01
6.741471142246222570e-01
3.112036677774749904e-01
-1.455969445853942279e+00
-8.636806365277491793e-01
-2.579959346223565930e-01
8.145297758826073320e-01
1.186029121539879938e+00
3.693516125626628011e-01
-6.801510795222931449e-02
8.053781292047581530e-01
-6.227117482037929364e-01
-1.281389548367193321e+00
-1.127730362957279908e-01
-3.597799129912946370e-01
3.372817802574576973e-01
4.547458474800523121e-01
5.002381166352343200e-02
-4.706573722221172318e-01
-1.076280047607911516e+00
-5.479416922833566517e-01
-1.068786384265267397e+00
-8.344742254813661830e-01
1.931855808213445158e-02
-1.258265450040640943e-01
6.599870325955929928e-01
1.877763822931575177e-01
7.024076211075218623e-01
-3.998505840679564827e-01
-6.723060406139058642e-01
-1.191792874899788135e+00
-3.770791759958846967e-01
-8.052821257892519569e-01
3.107094317891059276e-01
-3.800635822191029689e-01
1.176309856697779210e-01
-9.722566280892817048e-01
-8.199446413498598929e-01
-6.603407708490696137e-01
-1.400988688388684622e-01
6.479091363819300398e-02
-9.253848854275945612e-01
-1.214942510777496931e+00
8.505468129640716413e-01
-8.934613518424194822e-01
-8.289368857347261255e-01
4.290668112312969740e-01
8.553339844569336492e-01
4.845534264791728774e-01
4.705553823544130765e-01
1.397788278621380442e+00
7.694638310330779163e-01
2.703607189415535572e-01
9.398764406720161446e-03
-5.278347473384918942e-01
1.177710525698375754e+00
-1.038255145042867866e-01
4.916843953719141069e-01
-1.029310187618746042e-01
1.043752676856635198e+00
-4.956250264221555568e-01
-1.464045098250755572e+00
1.819897183002918695e-01
-5.498900740247956165e-01
5.082745269877637639e-01
-9.201008049054895110e-01
1.025210540974068607e-01
-4.840147409326620576e-01
1.009552094781470899e+00
-1.022527830146138239e+00
1.145821726572293642e-02
4.844158554201936084e-01
-1.426144790049876043e+00
6.894040124791365187e-01
3.494483133900869731e-01
-9.284707211398002258e-01
-1.089667793220625569e-01
1.235647749008796481e+00
3.157438789219693120e-01
-2.925734940005311202e-01
-3.324157218800376512e-01
-6.038332642000323602e-01
5.435174628379773054e-01
6.135138314898824774e-01
5.721826110142922417e-01
1.528185849847094602e+00
-1.037171919199529224e+00
-2.148142526071614711e-01
-7.036265536604835447e-01
2.672263372918912694e-01
-8.388911175120838948e-02
3.784838171905704485e-01
1.675683834279384499e-01
-4.588492768236660524e-01
-5.349848808270873946e-02
3.907899447105158686e-01
-4.576444991907173687e-01
-6.920814021309169561e-01
-7.263417679238699520e-01
7.526565190771474789e-01
2.445755974619956419e-01
-4.347390984179524409e-01
-7.974974063439912442e-01
4.731393457381063428e-01
-9.947915249287806461e-01
2.989771813224813002e-01
1.081630703370524138e+00
-3.184066443785047440e-01
-6.379324464350011326e-01
7.123278453510906161e-03
-2.075946455731205731e-01
-3.595090203067723422e-01
-6.254389036324816686e-01
1.836867204308720858e-01
5.806822688438240121e-01
-1.090373729921072510e+00
-6.526025476134211800e-02
-5.893834794120769160e-01
7.738430796694553138e-01
1.732316353411427201e-01
9.306626647048865664e-02
1.664766478357635471e+00
7.868869785725021160e-01
-7.912748410257117726e-01
-8.798914304308436130e-02
-9.052393976574704126e-01
-6.237026104680332139e-01
1.523435139324124776e+00
-5.357526094177975651e-01
-1.906828373501499030e-01
1.752115268560103800e-01
2.412485198675824449e-01
-1.264722049053887964e+00
-1.064155323043853851e+00
-1.549310004822315179e-01
2.964145809482134908e-01
-2.416765478416547097e-01
-5.522455650921633818e-01
6.571593402631155101e-01
4.623424526866850570e-01
-6.472517525674099659e-01
4.561877976485027020e-01
-1.053243231627527088e+00
7.838267034347143891e-01
8.610195497345003446e-01
4.028644874962132860e-01
2.450245011248783911e-01
1.206730825779940730e+00
5.751656694092055488e-03
-6.769624684438015905e-01
-2.071968579650800280e-01
-1.118127828092875475e+00
1.848826058456669585e-01
-1.643462621396957424e+00
-9.671702370152335249e-02
-3.624287974797990586e-01
-1.385696460240569472e+00
-1.186904165378667386e+00
1.007748520596063457e-01
6.350779395560692819e-01
1.607813429646922643e-01
1.633264774559886945e+00
2.036756178268985806e-01
-6.621491554421350401e-01
1.203850408345220835e+00
1.464138654130946904e+00
1.904253541383029713e-01
-2.409453227922107033e-01
-7.749718441092507959e-01
-7.181734637966172841e-01
-2.253142709185524950e-01
1.850556240171341571e-01
1.084483584130424560e-02
6.959187156102020211e-01
1.131514016768838005e+00
4.040691863462733124e-01
1.309677691226420748e+00
4.141108109020086303e-01
9.150858135699202478e-02
2.530799215906043287e-03
4.496130016508423921e-01
-8.356089210230637221e-01
-2.354178332853615885e-01
4.383414050322542721e-01
1.238619605635653542e+00
-8.466579963317801827e-01
-3.690319834888233785e-01
1.431978581455802590e+00
-1.119113690554645046e-01
-5.594073832403081425e-01
3.797058374196735642e-01
1.738385338855135132e-01
-4.137423499412156147e-01
-2.451819129343970616e-01
3.748980101735188697e-02
5.619344235662238063e-01
-1.628125977164124993e+00
3.369461582448973758e-02
3.337011557171640774e-01
2.141120549156596553e-01
3.433660270290239680e-01
5.313935757684262740e-01
2.885623020154586271e-01
3.946945989499353047e-01
1.263914655223397077e-01
9.671412458350623353e-01
1.311259445583123906e-01
-8.180516801043200559e-01
-4.406507604265508249e-01
1.547839822664611731e-01
3.333335142743791835e-01
-4.023207793252847608e-01
1.284899298626108965e+00
-4.033663827184881256e-01
-1.757651426174966502e-01
4.906302389124661545e-01
-1.990420281916902567e-01
1.220383707403698281e-01
-3.457574647478915963e-01
1.192147736010569226e+00
-4.408686272159458852e-01
9.021380764333040148e-01
1.263796265732856305e+00
1.118347638021235824e+00
1.027970473339032687e+00
6.467109851882639759e-01
2.542046068723982088e-01
-8.749051143707307077e-01
-4.656202046409347872e-01
1.298616127515845875e-01
1.818903937502724943e-04
-2.813043989824084434e-01
3.399457957589193668e-01
-1.136035234000054572e-01
-1.172877476332487845e-01
9.922463860378227807e-01
-2.133422372233360065e-01
-2.405392390958915882e-02
5.786858037575797198e-01
-4.353977163082500823e-02
4.894519083336268395e-01
2.010720834502857102e-01
-6.363230279027707326e-01
4.732782691013071030e-03
-2.264041222716954849e-01
7.188013667202302059e-01
7.986576222958294835e-01
1.299687029703213703e+00
1.361853073745252551e+00
1.529729593296904611e+00
-5.410309310139362893e-01
-1.965898341950467199e-01
-9.871213300149559444e-01
1.063945285641825222e+00
-9.926543676781607317e-01
-1.058421082562084337e-01
9.869421125013753127e-01
1.594330099048296034e+00
-1.091284607002251494e+00
-7.075226781839027979e-01
2.338018736110134554e-01
-2.893780834503454358e-01
-6.991781159800511958e-01
-1.091827938649660990e+00
1.004935942965765605e+00
-6.170225505182145298e-01
4.524238202569241807e-01
-1.093059745455870591e+00
7.153338431025693112e-01
1.371826168148967184e+00
-1.950099871525123874e-01
2.102064466679429700e-01
-7.545709113058149953e-01
-3.877441678385817880e-02
-3.197831559036501403e-02
1.383136699369824640e-02
-1.382597929893598643e+00
2.791242885185010181e-01
5.062645147325071093e-01
-8.423330350265612054e-02
-5.456474340391395117e-01
8.619272896329395195e-01
4.596495296235936223e-01
4.374578603976466695e-01
2.220622461633867673e-01
5.603629456225380778e-01
-3.989777577817372745e-01
1.322568375991606260e-01
6.193634760236932379e-01
3.571315634809373307e-01
-5.288660594982612650e-01
-8.377933683407015053e-01
-1.110129026432472799e+00
-1.414645946865673576e+00
-1.094463665732922752e+00
9.269844833516236449e-01
1.544514983763447091e+00
4.412571792168158424e-01
6.329820878195207001e-01
3.020169186065242428e-01
-2.113398479579498002e-02
1.042155641577404701e+00
-4.347306229399192645e-01
1.026054974840109324e-01
6.329048687257898820e-01
-8.182099558875366441e-01
-1.243075058945537492e-01
5.214824734055234501e-01
-1.834197071449672478e-02
4.540429911783832040e-01
-7.408065628171831563e-01
9.474701759265604650e-01
8.572062756967682162e-01
1.420801960597967373e+00
2.854314136986699779e-01
5.518888089110713935e-01
1.062877153324480517e+00
-1.225453283255211190e+00
2.739017952305458081e-01
-1.427871532917802888e+00
-4.208232692282827259e-01
-2.709184568867497589e-01
-7.668230755756715311e-01
4.933301313682374456e-01
-1.042409162820207680e+00
1.855526525774298108e-01
-8.675967182495423202e-01
-2.689715092831814758e-01
-2.695795955935071930e-01
1.436056517365926766e-01
-1.661622078342235298e-01
-2.526780452084000927e-01
-5.462792305207049282e-01
1.177037546444008598e-01
2.129076715517363994e-02
5.118122304388581512e-01
-1.443189625588354730e-01
6.438151520357315860e-02
7.313950469780952091e-01
8.621950817443391202e-01
-4.244404878272680648e-01
-2.279073216277964775e-01
9.370825385314862643e-02
-1.347152010458484206e+00
-1.544766439813519021e+00
-4.737104357141390665e-01
-7.531203220582778357e-01
1.816252890481013793e-01
8.591343759281837578e-01
-4.643864719844295053e-01
4.474110340470360825e-01
-3.240862332492797648e-01
1.573469196062324826e-01
-1.625891276542041908e-01
-4.924413373045686271e-01
1.767731218513688418e-01
-2.719802280561181007e-01
-8.792457312423964666e-01
-1.459273175083070750e+00
2.498016825823388132e-01
-3.746460030483493853e-01
6.049957191779284926e-01
-4.536303070557474726e-01
-4.675015056018319015e-01
2.742528202068292842e-01
-1.709469316424065966e-01
-2.302269949069390975e-01
3.817916608245974786e-01
-7.460413303384303418e-01
-1.253259271086477611e-01
6.576071302401107488e-01
6.822752933951186094e-01
-1.156185993456144701e-01
1.034959046252012627e+00
-8.815665319537551170e-01
9.136231655999882406e-02
2.135430666833029179e-01
-5.285170364308893198e-01
-5.943749140645078199e-01
-1.548382061449694369e+00
-1.159599735951812871e+00
-1.408469707207257837e+00
-4.140472085343995801e-01
-1.904465692743073646e-02
4.847644091561731372e-01
2.020514871248657585e-01
9.159444711892463786e-01
-5.575610594098829864e-01
2.615488437700177471e-01
1.395039488066309730e-01
-2.471752737374108833e-01
3.267761106325988152e-01
-8.808470937580272775e-01
-6.008788833979581412e-01
-7.414136791171852536e-01
8.111373605112257579e-01
-1.249567933349222670e-01
-1.239644195994946241e+00
-3.815212241730820963e-01
8.985576458836019853e-01
-1.523270914919518049e+00
-1.255776209588996384e+00
4.330940792939328432e-01
4.604211502568089642e-01
9.052230380433634593e-01
-1.336601920384703046e+00
-1.269826764273945585e+00
1.361544283556081147e+00
-4.157564622606129134e-01
9.345331418868498830e-01
-1.708345729750710973e-01
3.745412658992339772e-01
-2.134050354790035797e-01
-3.560740056010125443e-02
-1.371629290285216740e+00
-2.044941460096365571e+00
5.516899001115413981e-01
6.607317413262325800e-01
2.344779457084156249e-01
-3.248224656462657123e-01
3.255231269609577538e-01
-5.963812101895662465e-01
-6.893220222234477390e-01
9.026609900842341716e-02
3.572144937260990361e-02
4.646201746835565416e-02
3.038852105842702045e-01
-1.311380232633787557e+00
1.163074583943784823e+00
9.124432516067573218e-01
-1.101798648372805722e+00
-2.208220572586192532e-01
-7.563529387273639770e-01
-1.983295251126175884e-01
1.979000791151985794e-01
-1.043481436734792211e+00
1.004937962662642903e+00
3.156297835189239009e-01
1.301469710147529213e-01
2.978119826996561414e-02
-4.325248662365694940e-01
4.195373445749766006e-01
-2.645208704341310835e-01
-1.264093413895748252e+00
-7.765567138520932389e-01
-3.012579497071987689e-01
2.939122856245344195e-01
3.220927830197872765e-01
-3.219080407699772550e-01
-4.985494015118607791e-01
4.054732443404454045e-01
-1.147224072934387440e+00
-7.879975909279055557e-01
3.621073336431104295e-01
-1.286209895367110612e+00
-4.712263784814005874e-01
5.735131089292515583e-01
-4.308211784818718471e-01
-1.453306364262255013e+00
8.538895001966748666e-01
-1.347635531812361176e+00
-1.426630803254163027e+00
-3.407528834043818122e-01
1.528956972768855671e+00
-1.035612502979454064e+00
6.130341520279847245e-01
1.747023177122919435e-01
3.845878664266946245e-01
8.072742385885032235e-01
1.165382545894768640e-01
2.876539809553246840e-02
4.920320342256570001e-01
-3.124442892331744659e-01
-3.767696755336746861e-01
-6.275392056206641200e-01
-1.151153673830920265e+00
2.347934046561093169e-01
8.686207448341818349e-01
-2.899791321462616978e-01
-1.190961882260053173e-01
-4.823883781178750496e-02
1.026673288712807164e-01
1.891320557869233809e-01
-8.881341903384400993e-01
6.317683306332533277e-03
-3.270006110208125705e-01
1.012319882050817910e+00
-1.333617630912384833e+00
-4.208038572495702567e-01
-9.960114201390135591e-01
2.200810731314462032e-02
1.982580349529508013e-01
1.530902133722609193e-01
-7.462286662721577812e-01
1.438016030552764946e+00
-6.880673565224384447e-01
-1.241863149540863631e+00
1.481770086113360918e-01
1.775912680734723637e-01
6.227365569706417858e-01
1.204052220030290776e+00
-4.516297042541310702e-01
-1.117345772913819424e+00
1.063612382924148392e-01
-4.286001220151405278e-01
-9.813364430319868603e-01
-7.817881056776965210e-01
5.773087934117535625e-01
-6.576530161551907838e-01
-3.008138208375275013e-01
-7.032553278691304754e-01
4.297306996695304804e-02
-6.283489982687422426e-01
3.898364533130473930e-01
4.069354043775774699e-02
-1.378265625246106296e+00
-2.486716363023688814e-02
-9.637656563049832315e-01
4.102171631020450349e-01
6.436117949685762341e-01
-4.109996375764080057e-02
8.450003260299743246e-01
-6.384390627161087295e-01
9.461021748529852005e-02
1.350349202590175324e-01
-6.801573228973261109e-01
-1.979692758433317934e-01
5.380620008374492613e-01
2.675277813479848277e-02
-2.336137588812903232e-01
-8.092560877675207820e-01
-1.075625340331086477e+00
-4.942710051810825789e-01
1.038707436117474181e+00
4.450531217607078815e-01
-8.050513580065903341e-01
-2.708859942970205381e-01
1.571138088112631337e-01
-4.030186223964378200e-01
-1.484538938713999556e-01
-4.327896008390279547e-01
-1.034420799097315324e-01
-4.335006869434430143e-01
-8.896112582572630600e-01
1.207185556262711401e+00
-5.073594718425766814e-01
-9.517010357394841691e-01
3.241781503293408306e-01
-9.295496271011991496e-01
-1.036649246683114534e+00
1.463087097753397181e+00
-2.846008734138596452e-01
-5.128291469669754576e-03
1.698349812129507086e-02
-6.315151873600521881e-01
6.756803067910865934e-02
-1.972197627865499570e-01
-6.539608489504971089e-01
1.524274592992723498e+00
-4.694414076215851495e-01
-1.005627057050738848e+00
-1.304418338207251615e+00
1.141753772872139194e+00
-6.824175511806256367e-01
1.329802709611431766e-01
-7.476447218118931204e-02
1.101673739692738963e-01
-1.269188970896175661e-01
-1.310672933973063614e+00
-1.054273686424553880e+00
2.180807098442745229e-01
1.136256874562542762e+00
-2.747414998462334168e-01
5.797559757639705325e-01
-2.880404980653326064e-01
-5.156421956197387857e-02
-1.459251393146789866e-01
2.746803860554791754e-02
4.729691525885071357e-01
6.720276199747878820e-01
9.693161876586380288e-01
-9.227412891900135250e-01
1.845120827839599187e-01
6.876427902626662814e-01
-7.777691933454260464e-01
5.856515624788638519e-02
1.213198746835493225e+00
7.771598506908627968e-01
-1.736448611084249194e-01
-6.896672257924683080e-01
-5.583881558300678449e-01
-7.920758242877994348e-01
1.210683761018032101e-01
1.228058558367730591e+00
4.701810594034210311e-01
3.909452733643314915e-01
-1.167984509395205706e-01
3.211428280689689885e-01
-1.357842497402401705e-01
4.341246180106033137e-01
-7.930408724308888324e-01
8.144805720671319804e-01
-6.971170257378842550e-01
-3.840154567356677262e-01
-4.599530769861637225e-01
5.648329257805251302e-02
-1.147234922918847655e+00
-1.223579305361499614e+00
2.389412744184209458e-01
1.512629753954590761e+00
-4.785759620156433414e-01
1.240533309432446885e+00
3.745255569761427594e-01
5.660281381692913172e-01
1.823106877213258592e+00
5.211356649172156352e-01
-5.491621875450398704e-01
-8.348298899539150497e-01
-6.228891152439173240e-01
-1.670448921710487866e-02
3.772413653099153663e-01
3.064541648772269866e-01
-6.133574170885127685e-01
2.440450724493992141e-02
-2.724555780859621024e-01
5.867655870762700232e-01
1.564194016285735955e+00
-9.916377166296186374e-01
9.364285205540543444e-01
-1.611111907234718643e+00
-3.912855007245337191e-01
9.793680710975039005e-02
1.795336152739412938e-02
-1.442687610466433679e+00
1.171311677807480578e+00
7.581184235958833284e-01
8.735599826885342978e-01
8.626433330693341617e-01
5.064735047777180199e-02
6.171410743506324792e-01
1.131089443234657210e+00
-5.341420111354446831e-01
-5.112926874721193116e-01
-7.771901537014436201e-02
1.551971759178416121e+00
-7.416273434205056247e-02
-2.663364130646348471e-01
-3.957233026693076638e-01
2.444071440374226967e-01
-3.954042459437099311e-01
-2.629474969918508265e-01
6.618582636227543503e-02
-8.152194034877879858e-02
9.616971759750079229e-01
-2.781317662790252498e-01
-2.117740481748056069e-01
7.640746054889291372e-02
-4.439036370404192411e-02
1.501684522951125089e+00
1.141054775237302366e-01
5.771296945973505288e-01
-4.463675390995680559e-01
1.463530584319103767e-01
1.701933999725531166e+00
1.473004866581116623e+00
