3.610000000000000000e+03
3.412000000000000000e+03
2.682000000000000000e+03
2.887000000000000000e+03
3.684000000000000000e+03
1.887000000000000000e+03
4.579000000000000000e+03
4.238000000000000000e+03
2.170000000000000000e+03
1.388000000000000000e+03
2.316000000000000000e+03
2.235000000000000000e+03
1.919000000000000000e+03
2.157000000000000000e+03
1.370000000000000000e+03
2.400000000000000000e+03
9.690000000000000000e+02
2.633000000000000000e+03
2.423000000000000000e+03
1.973000000000000000e+03
2.071000000000000000e+03
2.337000000000000000e+03
1.870000000000000000e+03
2.197000000000000000e+03
1.656000000000000000e+03
2.044000000000000000e+03
1.559000000000000000e+03
1.809000000000000000e+03
1.802000000000000000e+03
1.494000000000000000e+03
2.843000000000000000e+03
2.121000000000000000e+03
2.187000000000000000e+03
2.582000000000000000e+03
9.610000000000000000e+02
1.541000000000000000e+03
3.238000000000000000e+03
2.170000000000000000e+03
9.410000000000000000e+02
1.062000000000000000e+03
9.080000000000000000e+02
4.263000000000000000e+03
2.083000000000000000e+03
5.486000000000000000e+03
3.573000000000000000e+03
4.638000000000000000e+03
2.000000000000000000e+03
5.161000000000000000e+03
5.128000000000000000e+03
3.204000000000000000e+03
9.410000000000000000e+02
5.617000000000000000e+03
3.985000000000000000e+03
2.399000000000000000e+03
4.806000000000000000e+03
4.897000000000000000e+03
5.112000000000000000e+03
4.588000000000000000e+03
4.870000000000000000e+03
4.373000000000000000e+03
1.201000000000000000e+03
4.395000000000000000e+03
5.429000000000000000e+03
5.270000000000000000e+03
1.350000000000000000e+03
4.175000000000000000e+03
4.929000000000000000e+03
3.267000000000000000e+03
5.336000000000000000e+03
5.226000000000000000e+03
3.877000000000000000e+03
2.251000000000000000e+03
1.565000000000000000e+03
4.802000000000000000e+03
4.627000000000000000e+03
6.860000000000000000e+02
1.694000000000000000e+03
4.424000000000000000e+03
5.423000000000000000e+03
1.716000000000000000e+03
5.194000000000000000e+03
1.139000000000000000e+03
4.739000000000000000e+03
5.503000000000000000e+03
4.743000000000000000e+03
4.747000000000000000e+03
4.486000000000000000e+03
5.100000000000000000e+03
4.611000000000000000e+03
5.668000000000000000e+03
4.932000000000000000e+03
5.327000000000000000e+03
5.278000000000000000e+03
5.870000000000000000e+03
4.856000000000000000e+03
4.485000000000000000e+03
5.470000000000000000e+02
1.199000000000000000e+03
5.164000000000000000e+03
5.062000000000000000e+03
