6.789000000000000000e+03
4.881000000000000000e+03
5.430000000000000000e+02
5.180000000000000000e+03
2.524000000000000000e+03
7.107000000000000000e+03
1.007900000000000000e+04
9.747000000000000000e+03
1.707000000000000000e+03
2.215000000000000000e+03
8.110000000000000000e+02
9.819000000000000000e+03
9.736000000000000000e+03
4.930000000000000000e+02
4.628000000000000000e+03
5.220000000000000000e+03
1.454000000000000000e+03
5.990000000000000000e+02
3.870000000000000000e+02
9.328000000000000000e+03
9.319000000000000000e+03
9.251000000000000000e+03
9.356000000000000000e+03
1.000700000000000000e+04
9.626000000000000000e+03
8.978000000000000000e+03
6.030000000000000000e+02
1.969000000000000000e+03
1.000800000000000000e+04
2.099000000000000000e+03
9.312000000000000000e+03
5.413000000000000000e+03
3.570000000000000000e+03
1.012700000000000000e+04
9.401000000000000000e+03
1.047100000000000000e+04
2.206000000000000000e+03
1.452000000000000000e+03
9.103000000000000000e+03
9.052000000000000000e+03
1.520000000000000000e+02
9.440000000000000000e+03
3.801000000000000000e+03
9.182000000000000000e+03
9.987000000000000000e+03
2.513000000000000000e+03
9.600000000000000000e+03
9.503000000000000000e+03
3.549000000000000000e+03
1.987000000000000000e+03
4.033000000000000000e+03
1.032700000000000000e+04
6.564000000000000000e+03
3.447000000000000000e+03
9.567000000000000000e+03
9.739000000000000000e+03
9.270000000000000000e+03
3.768000000000000000e+03
9.386000000000000000e+03
9.714000000000000000e+03
8.865000000000000000e+03
9.898000000000000000e+03
2.011000000000000000e+03
2.976000000000000000e+03
7.288000000000000000e+03
8.855000000000000000e+03
9.201000000000000000e+03
9.353000000000000000e+03
3.598000000000000000e+03
1.407000000000000000e+03
9.213000000000000000e+03
3.350000000000000000e+03
5.310000000000000000e+02
9.403000000000000000e+03
5.640000000000000000e+02
1.461000000000000000e+03
4.522000000000000000e+03
9.919000000000000000e+03
9.522000000000000000e+03
3.002000000000000000e+03
3.628000000000000000e+03
9.915000000000000000e+03
9.805000000000000000e+03
1.331000000000000000e+03
9.880000000000000000e+02
2.303000000000000000e+03
9.167000000000000000e+03
2.910000000000000000e+02
2.332000000000000000e+03
6.654000000000000000e+03
3.565000000000000000e+03
9.457000000000000000e+03
9.088000000000000000e+03
1.754000000000000000e+03
5.157000000000000000e+03
5.580000000000000000e+02
9.835000000000000000e+03
8.601000000000000000e+03
9.075000000000000000e+03
2.714000000000000000e+03
