6.789000000000000000e+03
4.881000000000000000e+03
5.430000000000000000e+02
5.180000000000000000e+03
2.524000000000000000e+03
1.543000000000000000e+03
4.039000000000000000e+03
1.026000000000000000e+03
8.210000000000000000e+02
4.400000000000000000e+02
1.869000000000000000e+03
3.850000000000000000e+03
7.039000000000000000e+03
4.780000000000000000e+02
2.004000000000000000e+03
5.680000000000000000e+02
7.122000000000000000e+03
1.163000000000000000e+03
2.891000000000000000e+03
9.832000000000000000e+03
1.592000000000000000e+03
2.108000000000000000e+03
1.002500000000000000e+04
1.043000000000000000e+03
3.372000000000000000e+03
2.001000000000000000e+03
9.825000000000000000e+03
6.120000000000000000e+02
3.138000000000000000e+03
5.700000000000000000e+02
3.343000000000000000e+03
3.881000000000000000e+03
3.768000000000000000e+03
9.316000000000000000e+03
8.560000000000000000e+02
8.990000000000000000e+03
9.202000000000000000e+03
5.320000000000000000e+03
1.006200000000000000e+04
8.821000000000000000e+03
9.580000000000000000e+03
1.762000000000000000e+03
1.135000000000000000e+03
9.219000000000000000e+03
9.910000000000000000e+03
9.234000000000000000e+03
2.102000000000000000e+03
1.548000000000000000e+03
9.109000000000000000e+03
9.500000000000000000e+02
4.930000000000000000e+03
9.480000000000000000e+02
4.146000000000000000e+03
9.653000000000000000e+03
2.087000000000000000e+03
4.099000000000000000e+03
5.380000000000000000e+02
1.026800000000000000e+04
3.071000000000000000e+03
9.722000000000000000e+03
9.233000000000000000e+03
9.447000000000000000e+03
3.951000000000000000e+03
4.470000000000000000e+02
5.006000000000000000e+03
1.063000000000000000e+03
9.866000000000000000e+03
2.567000000000000000e+03
1.119000000000000000e+03
9.760000000000000000e+03
4.355000000000000000e+03
2.677000000000000000e+03
3.672000000000000000e+03
9.953000000000000000e+03
5.660000000000000000e+02
2.013000000000000000e+03
2.413000000000000000e+03
9.343000000000000000e+03
1.708000000000000000e+03
2.612000000000000000e+03
2.813000000000000000e+03
6.964000000000000000e+03
9.220000000000000000e+02
9.888000000000000000e+03
7.040000000000000000e+02
8.996000000000000000e+03
1.026400000000000000e+04
8.560000000000000000e+02
1.403000000000000000e+03
3.467000000000000000e+03
9.729000000000000000e+03
2.640000000000000000e+03
9.507000000000000000e+03
1.314000000000000000e+03
6.120000000000000000e+02
4.158000000000000000e+03
1.228000000000000000e+03
1.643000000000000000e+03
1.746000000000000000e+03
1.092000000000000000e+03
