-2.775844988679665448e-02
3.981643228130726797e-01
3.737123125026453607e-01
2.302384545654412307e-02
2.094534995616932349e-01
-7.343372754565358207e-02
4.910199579767997591e-01
3.048196010121264621e-01
1.502765515839747934e-01
3.651101843721065165e-01
-1.898931482370631585e-01
-4.473858216149828593e-01
-2.981736045321774498e-01
1.154257164611660613e-01
-5.411265055183562822e-01
6.125737942845388417e-01
-4.683297812576840968e-01
-4.346489177901622369e-01
1.228462670290850767e-01
3.511895990441438187e-03
-3.128166827639127234e-01
-3.030848680016857699e-01
2.705676378538566240e-01
-5.344568468370738401e-01
1.240562317405995429e-01
3.665995580104430829e-01
4.721164592531064130e-01
1.147195941174050660e-02
2.083895889742004570e-01
2.380859365313634513e-01
-1.994268467898319130e-02
3.003385563697342775e-01
-3.009706483573610925e-01
7.855802550602852818e-02
3.914833680875107191e-01
-3.499520326555387584e-01
-8.701181787847289684e-03
-3.232562961046152594e-01
-5.059579705227967850e-02
-1.747047708781899189e-01
-3.196331589414027619e-01
-4.931679957634411693e-01
-5.041124397491367759e-01
-3.903806044659834384e-01
4.524452330694526125e-01
-1.173263533485071619e-01
3.768984696697330605e-02
5.309036554665880203e-02
3.861709718787285084e-01
5.816326883166880179e-01
-2.062734568061737050e-01
-3.786423784466714793e-01
7.343786754996006749e-02
2.235686707485617930e-01
-5.966865942080890051e-02
4.433927370911927568e-01
-1.115541299333955294e-02
1.000486372109126165e-01
1.284143741371668312e-02
-4.941094929270022362e-01
4.908417709759582692e-01
2.900995945199058568e-01
-2.222945078996421131e-01
4.797898935273225973e-01
6.058651745694287882e-01
-4.337271161490807714e-01
6.282830030736015203e-01
-4.919073203060007060e-01
1.979383390659075204e-01
3.455693120002827357e-01
7.082406245542571810e-02
-2.439251070068486626e-01
-1.599988991315219877e-01
4.268155636681969511e-01
-3.324915099934520057e-01
4.960596774420942268e-01
-6.499127064424392586e-02
2.979976353433686498e-01
-3.473954851351965800e-01
-1.988399527507063169e-01
-4.671252107532861686e-01
-6.132693196820504511e-02
-3.273105231884345656e-01
1.545400968205861147e-01
1.589681709470047721e-01
1.890018237283044300e-01
-3.187435974326469079e-03
1.173411238908048659e-01
-3.014787350931626975e-01
2.011614790901834482e-01
-1.297446372731325681e-02
1.171083708416809088e-01
-2.785102775976646683e-01
5.020191272277063632e-01
-2.070174300801452816e-01
-2.789105168755607878e-01
3.638176442157288193e-01
2.031014449673476108e-01
5.705054557498856482e-01
3.018839001518447418e-01
-5.784975516915924487e-02
-1.444138415090456817e-01
4.805430286856813282e-01
-5.397524392306376484e-01
4.687049209350400147e-01
3.314171525177371791e-01
-2.091492597879662796e-01
-2.929753586742656069e-02
1.326428840509503715e-01
6.480102874997228923e-03
-5.190173395430033310e-01
-3.918825753217252128e-01
-6.035758901290133593e-02
3.001821028162758864e-01
4.466539397821271962e-01
4.203932775972152314e-01
-1.272627185039292286e-01
2.907698348956690992e-01
2.821167535576121210e-01
-2.804639882701440712e-01
-2.000032958207853540e-02
1.370407210126947106e-01
3.403841542096506245e-01
-4.405668066043801900e-01
4.493710331074751707e-01
4.870731165803467988e-01
-2.196356026813113260e-01
6.274198506699306677e-01
-2.607302048998070276e-01
-4.865125976773612138e-01
2.954706997819398495e-01
2.663064142882625163e-01
2.105643272230253160e-01
-2.248844650482553220e-01
5.740300401449704992e-02
9.843881810297272494e-02
-1.582409120184715690e-01
-3.708779018728449728e-01
4.762425012004829483e-01
-2.501416837998808873e-01
-5.049821995178813694e-01
-1.765962388803723471e-01
3.802035881882019908e-01
-3.298146777314494571e-01
-3.110978847531695735e-01
2.461678205296724542e-01
2.565092863660716205e-01
-3.442006650618232300e-01
-2.657418653491623317e-01
-6.859587615934970017e-03
2.213745641673678932e-01
3.431129416213130057e-01
3.147178894478841471e-02
3.064847931941532266e-01
3.918541931407668599e-01
1.025949998530792939e-01
7.798704982575443978e-02
4.599639450343548930e-01
4.176495997129947568e-02
-5.590070813790681825e-02
4.835803044698288033e-01
-1.920003613446672475e-01
3.594940624277045416e-01
1.128083760830458360e-01
-5.322325265962879470e-01
-1.013071330654895519e-01
3.145418207802643806e-01
-1.586641271067188441e-01
9.319951961203276625e-02
-1.319584519380114784e-01
3.931853218024894403e-01
1.644719023117531265e-01
2.068315424006419434e-01
5.629358336029968157e-01
-3.514313592534374919e-01
-4.523157862437212628e-01
4.063067388478440733e-01
4.704602759459683980e-01
2.930372445112023883e-01
-4.284657632231390068e-01
5.451311223657189231e-01
1.416504666974729432e-01
-6.560902453117645194e-02
-9.099686873016121780e-02
1.215250834520364975e-02
4.984799732805669237e-01
-2.915219713245589261e-01
-1.226911151708334202e-01
5.013017536988293443e-01
-2.373282966805980720e-01
2.508439751928452921e-01
-2.722543252070090958e-01
2.874125535596760983e-02
2.457387205075320935e-01
-4.362064745020965972e-02
-1.924795353780037743e-01
-2.326585644782630524e-01
3.325170002536594893e-01
-1.141935404844307556e-02
-3.586849053732530379e-01
-4.269128088473435056e-01
-5.399119909632421610e-02
-2.933620147196158712e-02
-6.939415018825467740e-02
1.907413028621460782e-01
-6.943929797714343266e-02
5.571386732650465134e-01
-3.389093006303260935e-01
5.323755908594911546e-01
2.830729618297977979e-01
2.552325384892926152e-01
2.116850859413617059e-01
-4.983867087635864834e-01
-7.841152806688977961e-02
1.176645531728599536e-01
-1.664357684720556563e-01
2.066172653213609323e-01
3.364757833014788702e-01
-3.358894346238363582e-01
-2.035258347782278321e-01
2.740500953123881089e-01
-3.897192362248720343e-01
2.561692264577350997e-01
-5.616738279728474836e-01
-2.335220170713592225e-01
-1.657732261423170428e-01
5.286588942583492212e-02
-3.014795249755133355e-01
-3.934362155475952250e-01
4.278851893617883206e-01
-1.946951966156031943e-01
-3.224085540705079467e-02
-1.378340619064424288e-01
4.719791297560735899e-01
2.877288937082242981e-01
-3.291419649339255571e-01
-5.625553244660608243e-02
-2.477598050103368976e-01
1.844229015904179647e-01
-6.508601856535634056e-02
6.029451705331982936e-01
-5.150086269574938314e-02
-1.001498859736091873e-01
-1.421414984083124722e-02
1.702285032835799683e-01
2.498873828993612989e-01
-5.410066901755303803e-01
7.529277840007697620e-02
3.066155082125856524e-01
5.308960085076481761e-01
-5.754369668730170417e-01
3.590428774863818617e-01
-4.302815771542540801e-01
-6.622232383423209967e-02
-6.178402603177808317e-01
-5.556256321312433855e-01
9.912110588710110193e-02
-4.125170754115972116e-01
2.694579164800625648e-02
2.243689270294160210e-01
-4.669803966007481932e-01
4.254636237444859859e-01
3.373320743069054828e-01
-4.984597479419061727e-02
-2.913353077146396686e-02
1.259096346865007376e-02
-2.627734850965142144e-01
-3.723728773912524659e-01
-4.031304166900415709e-01
5.130734548064097567e-02
-2.263101873310411349e-01
-2.694094454163113994e-01
-1.303605865790613549e-01
1.363808829990045268e-01
-7.603466401776159955e-02
2.832325051815756112e-01
2.456040285121652289e-01
1.384824460292533033e-01
1.874935182986545712e-01
2.500094758231528047e-01
4.827612353551211655e-01
-4.172662128093191924e-01
-2.393208600997764890e-01
-3.419207411188773804e-01
2.729216420235758278e-02
3.310924505007140084e-01
-4.326254824222885986e-02
-4.517314887063053064e-01
-1.190050854037307815e-01
9.786191840095792571e-02
-1.061195121921532092e-02
-1.626858350388715735e-02
3.015025913899904708e-01
1.229447922144366601e-01
-4.455487263345823123e-01
-2.283251184939194545e-01
-2.248009324930055897e-02
1.069234048410239168e-01
1.158281207834725990e-01
2.564568822933379622e-01
5.751573815880348661e-01
1.202548061914097133e-01
-2.122010203240787263e-01
1.978952509359359624e-01
-6.000672141286695904e-01
3.276289390324471640e-01
-5.424905621920146359e-01
4.518868749250382066e-01
4.677410894267968189e-01
-5.035117546356691065e-01
-2.074841626301369146e-01
1.620096144656546500e-02
-2.608454237347430649e-01
9.497147013425433215e-02
-2.204378483335114325e-01
-5.730858078642482312e-01
-2.641842961586071681e-02
3.166831756750241311e-01
4.246329590953665800e-01
5.351243500036595435e-01
2.765492183426498940e-01
5.452206723031425284e-01
3.744251131532836396e-01
-5.297128445787020468e-01
3.814556876465200475e-01
2.800015352652263090e-02
2.860963512634775441e-01
2.637560458238761285e-01
-3.238063212252697554e-01
-4.148124131384118840e-01
4.299516385082968739e-01
-3.853810618767825602e-01
-3.921999759469221303e-01
-3.313178458934622483e-01
-1.200316168526791571e-01
-6.064211446648180015e-01
-2.369788344650745060e-01
-8.104249400526342129e-03
1.403661968474123611e-01
1.678938479456189015e-01
-3.936649176465829569e-01
-1.075106972953721041e-01
9.369335519807986401e-02
8.734566570664092922e-02
5.217094021451185171e-02
-2.058012219528073672e-01
1.559270532482290861e-01
3.520073705727071456e-01
-1.341373449632268233e-01
4.996947825840898361e-01
2.652453507483443218e-02
-3.534915782276186746e-01
3.770974820082617640e-02
3.420332681579010270e-01
4.184998527354268916e-01
5.896225266893662109e-01
-6.362227128492294881e-01
5.805000635852275437e-01
3.610638075771790412e-01
-2.172284794013901177e-02
1.979580249611423426e-02
-5.341206171023253901e-01
-1.792221459141689621e-01
-3.755784908285662027e-01
-9.842537304469534121e-02
4.333875677667347048e-01
3.174783130825256094e-01
-5.436159419277499794e-01
6.512302973203922818e-01
-4.074958182094050585e-01
-3.518758428297790175e-01
-4.294135811642396661e-01
2.258372314633039224e-01
-3.886125811454057555e-01
-2.705470999990327030e-01
2.199793533550398195e-01
-4.354732265352199150e-01
-7.319223223827897584e-02
-2.405641547023860127e-01
-4.633447927796394694e-01
-5.783848091272858483e-03
-3.305365213118784951e-01
2.803802297373554353e-01
4.407814525845914488e-01
-1.046846845009916649e-01
-5.559600677541656211e-01
-5.775354446745231130e-01
2.273314321079187295e-01
-5.614442248858972917e-01
1.561153301403317428e-01
2.823438028872304884e-01
5.363215138236832047e-01
5.460200961528531849e-01
1.474405805138019332e-01
4.824542423553666026e-01
-4.379945323241614119e-01
1.165930757093436299e-01
3.081836927435688267e-03
2.442242043830198384e-01
-3.710645595830470711e-01
-7.263427907358366298e-02
-3.755395311654154966e-01
5.955481331468082118e-02
-4.205916583388580321e-01
3.442262548159158442e-01
-7.235185139917277297e-03
-1.791744091102440706e-01
5.460265678682842960e-01
-5.397961722022630582e-01
3.191116788988832553e-01
3.980614542305023207e-01
2.769196634421753345e-01
4.066566816831107545e-01
1.724671725897941599e-02
1.734221109804590100e-02
-5.729101319044112017e-01
3.084458019745159874e-01
3.294698009689787099e-01
-4.790044631646495077e-02
-5.254174873862291761e-01
-3.749858311718821113e-01
1.732935407411027029e-01
-6.102476928432274406e-01
4.847661933190821060e-01
-3.013306016888988026e-01
-2.575768341861195410e-02
3.032901487676991081e-01
-7.268912099777491420e-02
-2.615892995407449462e-01
3.480836273090650579e-01
2.397740259343432712e-01
3.751756105454360224e-01
-5.278701697706891238e-01
4.699414242920170182e-01
5.560662803697944412e-01
-5.043848193078126485e-03
2.402973052049892644e-01
-6.341555794143207692e-01
-3.757543615961376204e-01
-2.966863963729498010e-01
-3.274492891993148191e-01
1.395741646224397670e-01
3.300245414260167820e-01
-6.050338925055678274e-01
1.189752653993778608e-01
1.642273608992770306e-01
-2.508429173365964715e-01
-2.255684021046526766e-01
-2.311229968847356986e-01
2.622969019168408522e-02
3.098784659259923302e-02
-2.614542517298676927e-01
5.542586414203745093e-01
3.389600957859464359e-01
3.124928448739971998e-02
1.900634804531389221e-01
-2.466172302301572472e-02
-4.057688809816575315e-01
-4.176182128463299392e-01
-1.066607681876377001e-01
1.612543641378625381e-01
4.976320082733707295e-01
2.359602190770262453e-01
2.770577081127534314e-01
1.616493297077870039e-01
-4.078954476108185290e-01
-2.532230585118702137e-01
4.548820153411439193e-01
8.682617677774562281e-02
2.479184992338678839e-01
1.135789761025440825e-01
5.482034767245513862e-01
-2.371400413927178263e-01
-1.480038784636104054e-01
-8.573324288175321328e-02
2.406326397256277616e-01
-1.917474108310424086e-01
-5.167161360602525733e-01
-1.046416082227787925e-01
-5.360408053285947716e-01
5.107042728559010314e-01
5.133674263500500601e-01
6.829938190629381012e-02
-4.619924006261921789e-01
-1.607724812235789003e-01
1.614757207253205706e-01
-2.774306146815437302e-01
-2.808847240240943677e-01
-9.118031068475751511e-03
-3.599860238316328065e-01
-5.948637364330497945e-01
2.609746650210498231e-01
-3.584085535289736058e-01
-4.755830420865994057e-01
5.034651106892420458e-01
-1.257769172830958126e-02
-1.623372235380671214e-03
2.415031827056335345e-01
-6.501622491717462538e-02
6.041138807982822101e-01
2.908102218927588467e-02
-2.861682740647353285e-03
1.114963445579686407e-02
5.565411591888107523e-01
2.617857862714112471e-01
1.008710707458089217e-01
4.717127016415867402e-01
8.149392878311711996e-02
-3.910385714797302015e-01
-1.994512150614475843e-01
-7.585098274037083144e-02
-1.672040242313341807e-01
-7.143688284537486055e-02
1.662423946562441301e-02
5.011337115681593346e-01
2.412440734111331864e-01
-2.485042946422950649e-01
3.497632299008124335e-02
4.452186257642987144e-01
-3.820887150721841152e-02
-5.599881597760880680e-02
-4.495375163174193389e-01
-1.520029358358430116e-01
2.300892301184287447e-01
5.783136243395876619e-01
2.458682135336349717e-01
9.429442921282582546e-02
-1.143471682071144357e-01
-4.926455642287619341e-01
3.435261656711210421e-01
3.073795066407205567e-01
4.420478385437700553e-01
2.857894686968576181e-01
2.923231015261098520e-01
1.854150642265111060e-01
4.487190659403843540e-01
-1.391106550380962759e-01
4.803859080810433113e-01
4.285426242600447466e-01
-1.458668626082539888e-01
4.151571424054001369e-02
-1.729237713161397849e-01
9.234210539232634574e-02
5.539359030712462939e-01
5.035525838138283916e-01
4.423276250024521516e-02
4.963408431320015524e-01
-2.502267030518767754e-01
5.567020355704501711e-01
-3.040810301520640024e-01
5.074066238487082714e-01
3.951747438640360599e-01
-5.170569553144312991e-01
1.225771042473748906e-01
-2.459129781181328411e-01
2.483735073870994015e-01
-3.939426428556753734e-01
-2.711815999636009167e-01
3.101390346613852600e-01
-3.159271096220459540e-01
3.499470977576626396e-01
-5.119263456064633289e-01
6.047713528413201090e-01
-2.143839016746440507e-02
-2.790412391979089080e-01
-5.132658881379841276e-01
-5.573437840611177307e-01
5.090819675886475437e-01
1.020156853738143354e-01
-2.122064603862163779e-01
5.511857518182523563e-01
6.451663115135719551e-01
-4.829369607733671188e-01
2.327243456131045107e-01
9.732701308732671919e-02
6.476971305651169075e-01
-4.150640983344615620e-01
-8.052901929870515119e-03
4.092885833796326978e-01
-4.833599577431373362e-01
-1.274052139656767224e-01
-5.063698988257590017e-01
3.379990272442112698e-01
2.015595658377655752e-02
1.319296300234817920e-01
2.115167873116305941e-01
-3.559137040418729470e-01
-8.469270066411116460e-02
-4.395211851793749958e-01
-4.057627822215685853e-01
-4.651198777086449354e-01
-2.547093848482973044e-01
-1.759253936528608619e-01
1.296001282697716306e-01
2.613635697338168029e-01
3.742531716108619122e-01
-4.217199862859484227e-01
5.741472690098099463e-01
2.732989063848636491e-01
-4.652462238113308501e-01
-3.869285941537974338e-01
2.875863919214269870e-01
-1.224486212082087633e-02
3.193340464303053849e-01
-3.796217055989119515e-01
5.193087810716239261e-01
1.803646877522009362e-01
3.260954471506920527e-01
-5.042812021865357153e-01
-1.572771525192919739e-01
-5.487345771900082880e-01
-2.694157324405708209e-01
-4.665638898567454618e-01
5.104000629850293791e-01
1.235127464179530676e-01
2.056230176789952679e-01
-3.863404999720465582e-02
6.551956607939146693e-02
2.299888588670455647e-01
-1.413098824006109311e-01
1.324250863598823713e-01
3.827274946118119914e-01
1.609341202073348853e-01
-3.650067254797768612e-01
-4.608429723539595457e-01
-2.521917255880534725e-02
3.310760677355562009e-01
-1.036694132558722004e-01
-2.339656673751457916e-01
2.585712193352343036e-01
2.455075141997555832e-01
3.288993732067444498e-01
6.145806044529109613e-01
6.282256049326626623e-01
-9.866781207328667591e-02
-3.183003771504981927e-01
3.594269627791035759e-01
5.316632349136218849e-01
-6.117241142020644062e-01
2.992367106015647593e-01
4.382890638811698381e-01
3.491491838375262446e-01
1.135505932983162936e-01
-5.851071152253961571e-01
1.707832660145216508e-01
5.773445234685237182e-01
-1.952900752588719868e-01
-2.898499776235832215e-01
-4.073954048341867917e-01
-2.240681787248197665e-01
-1.453220665359786778e-01
3.578213762805528830e-01
-4.365910658430349756e-01
1.181668996842226704e-01
4.409887214922649790e-01
-5.757651038486164552e-01
4.534801801523133946e-01
-1.744026689468469726e-01
4.363804089986089707e-01
-1.084609379737777601e-01
-8.274609040563341011e-02
-1.939649397553298016e-01
-3.527479404521303152e-01
3.791563813632201629e-01
1.430759707832764960e-01
-1.218806265743292983e-01
1.809618974658828705e-01
-3.437165903465553285e-01
4.368870948196104109e-01
-4.662307462283621362e-02
3.707346625422092146e-01
-1.105884179819938140e-03
1.431865714812277091e-01
-4.596643048658082265e-01
-5.272854903148251893e-01
4.131566863010682766e-01
-1.733368582163663518e-02
5.058793212589947075e-01
6.502327575652540048e-01
2.307169484783813118e-01
1.070002469109256893e-01
-4.627924414700608224e-01
2.027824179502681901e-01
-5.726468433530573776e-01
1.606328203178675196e-01
1.914262560164932125e-01
6.378233608900067964e-01
-2.878256131380432237e-01
-3.555064435916408527e-01
3.936898632808238929e-01
-6.436768552828446843e-01
-2.921841458554963467e-01
5.387351236796202869e-01
-2.601534310135651396e-01
3.190694688554405190e-01
2.524761215917408208e-01
1.143013381785094040e-01
1.369661913829576250e-01
6.735989192607849674e-02
-3.970075289857364353e-01
1.505520164821740892e-01
-2.110343909754863745e-02
1.091783311956442404e-01
1.387259982820996385e-01
-4.123401809007116725e-01
1.015101146007824084e-01
-2.353885846021306349e-01
1.457715343715886291e-01
-3.480048221177467482e-01
-2.199327150679142306e-02
1.663105466128014243e-01
-2.214938091210614246e-01
1.716153244098510555e-01
3.069283736406545060e-01
4.752997014833297840e-01
6.009364585557150917e-01
-4.588520107739411102e-01
-6.378337670154365924e-02
4.231213993445415156e-01
1.098432409982530444e-01
-3.464407578408801314e-01
1.594243840304248039e-01
-2.120807345966371216e-01
3.206148752211479547e-02
5.822439002968673449e-01
3.798592616753921902e-01
-2.599856616480993310e-01
2.746558617227634613e-01
4.664935483633305680e-01
-2.897113240603976791e-01
1.082016970378543164e-01
-3.867218054161778440e-01
-5.362035891317438185e-01
1.791266238239312969e-01
-2.336218016361382155e-01
2.063371707178696113e-02
1.858903158381339793e-01
1.720430121121196976e-01
3.762394634730377163e-01
-3.432820553931756891e-01
-3.068609526902630336e-01
7.891789727974529711e-02
2.986276005031029968e-01
-1.270668946322608406e-01
1.264651380914019185e-01
-3.319128516589309186e-02
-6.138274331937045858e-01
-4.515933308201205421e-01
-3.246692014276941762e-02
2.141920962318870636e-01
-4.860541397679805087e-01
1.143174035122278553e-01
1.251090350257388906e-02
8.481723015893471995e-02
-1.062442220000914261e-01
1.904109848409243355e-01
-1.342079060000447299e-01
9.706595051484967485e-02
4.239279388258001546e-01
5.322581101835943684e-02
1.724015031409109611e-02
-2.124462613058977212e-01
5.588327104650625543e-01
5.013509034368892614e-01
7.973401696706083897e-02
-5.524250662119278843e-01
5.503052790062508137e-01
-2.453273093489372059e-02
2.509307182876243658e-01
-2.409213762395809866e-01
6.319133980159392650e-01
-1.107439077790832727e-01
-8.393183296285933181e-02
3.282358463687238270e-01
3.838815355139191254e-01
-5.871340804421265602e-02
4.662026764248494715e-01
-2.290402670053195422e-01
1.132763244260450719e-01
5.376675653659379606e-02
-5.236948302769954822e-01
3.194254517880139588e-01
-8.970755946764352728e-02
-5.195981779484490914e-01
-3.222063740802250109e-01
-1.335962185539010250e-01
-6.361553683936982395e-01
-1.439614373274631376e-01
-3.352599840503733830e-01
4.631081201806974690e-01
5.153794802028901501e-01
1.369575786386150185e-01
1.691364728837516651e-01
-4.954895448100504751e-01
9.250190619219633703e-02
-1.904995085240965835e-01
2.796644459936281635e-01
-1.764095309827977687e-01
-3.737168382105684472e-01
-7.613436959284047845e-02
6.564692890180889862e-02
-5.506397166787326825e-01
3.690517151005145990e-02
-2.055114662285131288e-01
4.164412913201367417e-01
3.208439191817724634e-02
5.729988421732592485e-01
-1.409229664256725911e-01
-3.532341082103442886e-01
-8.219555889270857563e-02
-1.998626496191961976e-01
-2.784769218293678961e-01
-1.305620385185237708e-01
1.713420174241147009e-01
-2.972398745259070552e-01
3.648582306759164950e-01
3.382552810593058013e-01
-4.243455644724134501e-01
2.304170763331381266e-01
3.493207294778439831e-01
-1.845251560325467111e-01
7.382125557998442389e-02
1.786216802259108505e-01
-5.570250144254274005e-03
4.236313181526050187e-01
4.287294381887996053e-01
1.540737937779645961e-03
1.308443233837621733e-01
-1.789151407961062645e-01
-3.772693261892881011e-01
2.469505640163820459e-01
3.885504204711569542e-01
-1.717309043647343714e-01
-7.809116721111930559e-02
-1.346022098864638750e-01
2.785690097931414755e-01
1.432295837393198212e-01
2.503413829820555492e-02
9.134893667714294452e-02
2.848413827432407786e-01
4.844789476414481655e-01
3.255854820690675666e-01
2.801400383452410381e-01
-2.964987903068854180e-01
-5.070782309372292573e-01
9.035660484288943195e-02
4.752561343979735398e-01
3.991900676831869887e-01
2.765832475013851877e-01
5.755906796399301584e-02
-4.708918649838480519e-01
2.480362674548874935e-02
3.911452623411237894e-01
6.209901680259122259e-02
-2.048937582236032284e-01
-2.878967052973546714e-02
3.301736656525120495e-01
4.718799687054939795e-01
5.105647972355935593e-01
2.809131073545367840e-01
-5.038174466002809382e-01
2.561737355273541183e-01
5.871490284022842232e-01
5.303028311032242925e-02
-2.837828414170679991e-01
-5.963860493673340812e-01
-3.095155581784219123e-01
1.106072820843406745e-01
5.795913350875725456e-02
-1.787563953158812780e-01
-2.963707576231300322e-02
-1.869447641675092697e-01
-1.165738951343717744e-01
2.774914627452940152e-01
-1.628395756538996153e-01
3.462497661583743280e-01
-5.277274908943656584e-01
-2.233894374877625211e-01
5.053878513968390607e-01
-2.256722520768077445e-01
5.456780963837992715e-01
-7.628455973251480060e-02
-4.894269906103732026e-01
5.938423305729063628e-01
4.568093833712332241e-01
5.294961306168630699e-01
2.665010344682583465e-01
6.472148639000607773e-02
-2.402543144954645271e-01
5.264729535274508265e-01
1.359786887671710076e-02
4.102215439700156452e-01
-5.947263269588223267e-01
3.842112766708378757e-01
-1.270319339652177248e-01
5.032961746517372603e-01
-6.396462218007323841e-01
-1.602666641791214985e-01
1.028957913667678525e-01
-5.110912275599286403e-01
-1.505687214344968439e-01
-9.428997727163856979e-02
-4.975938535518453776e-01
-4.874887215718040068e-01
-6.052000206878815902e-01
2.823925306291474868e-02
9.915539254577243611e-02
-8.051402598124823839e-02
-5.457096284632987349e-01
-1.780558056760161989e-01
5.502012991238203199e-01
-2.035183549093799726e-01
2.978513434673928373e-01
1.469767013163760794e-01
-5.593788443850353787e-01
1.531841783395684331e-01
-3.028835187095015868e-01
-3.495700115469055902e-01
-3.960863572759256712e-01
1.477209523266029834e-01
-3.943218653232900550e-01
-2.039110773964303291e-02
-7.856920128772060252e-02
3.393985217382819997e-01
-4.327073204113318639e-02
-2.597694638214642637e-01
-3.451552135654170073e-01
-5.587371006883179447e-01
4.582516256457322967e-01
1.756278745241175443e-01
2.349329966539013270e-01
-2.652123567530200177e-01
3.803146398283674401e-01
-2.265394561073028612e-01
-3.033702459330864798e-01
2.142062577967802639e-01
-6.465271948799866664e-03
4.086645784362321621e-01
-5.495558044973645195e-01
2.769764755645987009e-01
-1.571120046694121086e-01
2.940854578822769128e-01
-4.312362422329503175e-01
-4.514116950564552866e-01
2.443638264936076610e-01
3.222289795496351417e-01
3.259028395084229146e-02
5.872145047560293207e-01
2.401599732747659033e-01
3.548515971238082045e-01
4.180732378605478416e-01
1.346003666203330340e-01
-5.084195854955542160e-02
2.941512183346475240e-01
3.000463851895665002e-01
-2.656914534846253062e-01
6.031482687018190347e-01
-1.008450410156562782e-01
-2.109909300429269052e-01
-3.424061017503836624e-01
-3.119632205240829848e-02
-4.069314255650970935e-01
3.887529322462057735e-01
5.344220277617370840e-01
-2.713812767087651068e-01
-3.455580261898258954e-01
-5.634061793097693283e-01
1.970987176591911805e-01
4.668440286191746225e-01
-3.690853752274962929e-01
-3.868968848136553618e-01
4.424903708060456964e-01
9.040183447515470760e-02
-3.873818635039123492e-01
5.635199113902809032e-01
-4.819673838516234099e-01
4.274968550724622673e-02
-1.209109655706104292e-01
2.765416551717692073e-03
1.276157289427395369e-01
1.050419874079278060e-02
6.390116045382931986e-02
-5.502382637367180251e-01
8.761032318217587544e-02
-6.379067784720735546e-01
-2.442567514661195816e-01
6.284593724289591066e-01
5.851482789983339927e-01
-5.751634217062928656e-03
1.144089135120225365e-01
-4.307446841392525982e-01
4.757065987316089206e-02
1.718133800102208397e-01
-2.274923747555597231e-01
-1.848066680421460717e-01
-6.954393547383830310e-02
1.218069002791342115e-01
-3.294484483722746049e-01
4.080823172335712457e-01
-2.680767526865892592e-01
3.411217545893894254e-01
3.484792829916916190e-01
5.151834876881968839e-01
6.197679535938274142e-01
5.096076779030873638e-01
-9.296992449888197285e-02
-2.073015038307453040e-01
-3.220056835523008587e-01
3.928342059131164632e-01
-2.840361744275519129e-01
-2.124029153686119997e-01
4.580194831582309334e-01
4.951016224918971531e-01
-2.807287925382215832e-01
3.688124644466199697e-01
2.884646242820707585e-01
4.053748429890733362e-01
-4.866391261407088109e-01
3.349013924154311539e-01
1.590774674428470092e-01
-4.921554960750462726e-01
-3.223604796717349785e-01
1.632513375519444310e-01
4.185887288821623642e-01
-1.021479461121099774e-02
3.475930401791238467e-01
-1.244115023140786036e-01
-4.272964311300366802e-01
-3.071174203098587796e-01
2.797353003637113034e-01
-2.555049489322751555e-01
-2.334809389205760866e-01
-3.464205700255860165e-01
2.002517421786018659e-01
2.529896253492216474e-01
-1.859952739396231181e-02
-6.906552253931419472e-02
1.259250194838887893e-01
2.265049424351310847e-01
-6.894166492093756204e-02
-2.782825407907267845e-01
-2.802300664581292011e-01
1.625849058128148172e-01
5.425587481638611820e-01
-5.977608904171667348e-01
3.794217954558014583e-01
-3.764598680397082120e-01
3.965316157390290641e-01
3.572766293489149092e-02
-3.139391660778878546e-01
-5.081614167138646110e-01
-4.502513921083659554e-01
-1.803329811665772553e-01
2.744835016646671733e-01
2.649180796527730308e-01
1.142423451319096728e-03
-5.682676322858135620e-01
5.980215771918189205e-01
-4.851948775851671058e-01
3.572843891386243698e-01
-4.516037287036311909e-02
-1.360952457681339212e-01
-2.559949485874568609e-02
5.108315969206769225e-01
-1.471576784437820251e-01
3.711974698023823294e-01
3.168513936401868847e-01
-6.136777500708099353e-01
3.115020563667485476e-01
-5.263250521981497343e-01
2.159626403051841947e-01
-5.924274111153735589e-01
1.584372159134597169e-01
-4.417421499671760898e-01
8.859741536188980859e-02
5.716338535335276916e-01
-3.621730932172848583e-01
3.700549763337868114e-02
-3.301213844272954390e-01
3.020718987336348249e-01
1.098477578024503742e-02
1.646371550042680099e-02
-3.113943377704586624e-02
2.066769574339302196e-01
5.770302553933470691e-01
-9.210697381386800942e-02
-2.579142133145859717e-01
-5.239731640359002185e-01
-1.480859659291944297e-02
-2.752425262389559535e-01
-1.705420733630269581e-02
-3.721803334174493827e-01
3.365121526068968194e-01
5.123966316161627788e-01
-1.835727333209948853e-01
-1.623912313574660260e-01
3.647338957085386468e-01
5.116668409528859485e-01
-2.355126385042556336e-01
-4.100400161608330762e-02
-2.851650848307105690e-01
3.938562192443448851e-01
4.723653557790017388e-01
-3.399692617855896160e-01
1.484251147226416379e-01
-4.775909193286498322e-01
1.740138326398597002e-01
-2.887997340035557414e-01
4.272352349132653160e-01
2.274934417668106335e-01
1.105918907706406884e-01
-5.062622831785974498e-01
-2.764467800386096741e-01
8.064107787083418799e-02
-2.281218358533010360e-01
-5.571507616745510205e-01
3.850759225545798969e-01
2.745243614341497107e-01
2.089469786965274523e-01
-4.584447088798082603e-02
3.616243493763011685e-01
1.548070725430719108e-01
2.804823265245168784e-01
5.124273191922679160e-01
-1.704198703389439018e-01
9.602927733199884130e-02
-1.148854414676314661e-01
-4.821882086460149708e-02
6.387061149779427183e-02
-9.626557621559062028e-02
3.745856472794812930e-01
4.569110423014031142e-01
-2.795667963275381140e-01
2.527781335989587319e-01
-2.657325096827598543e-01
2.775321509911137241e-01
-1.231271224493397654e-01
2.888063365478608091e-01
2.140424817275476954e-02
-2.784238018711135965e-01
4.638314104313323583e-02
3.454048144513262031e-01
1.753861572212933595e-01
-5.411709314182822084e-02
6.377911709349621816e-01
-2.231580796792425048e-01
1.124526924080671009e-01
-4.033781437335086650e-01
-8.404271841858790282e-02
-3.049382367283799411e-01
4.932630950108478629e-01
1.298246173896711042e-01
5.409674111056173018e-02
-5.655799349741110760e-01
4.814972335081577626e-01
7.655852986203548483e-02
2.403450187746809519e-01
-2.832294701876056919e-01
-1.375452178588361107e-01
1.094082779460867627e-01
-4.457533367050423578e-01
2.380697482142890564e-01
-3.414283992078104291e-01
-6.068674811231034028e-02
-2.721324625109300399e-01
-4.290708518434449559e-02
-1.383057074276656806e-01
-1.962869961990501011e-01
4.574723818213852766e-01
-4.033816847264297678e-01
8.627891516394115001e-02
-1.134074263406930072e-01
-3.260422388182266928e-01
4.142378743131889252e-01
3.851487406114575407e-01
-2.993902057991641996e-01
-4.636087554292132040e-01
-4.012376190062418857e-01
-1.859599199919443890e-01
2.072446534860992173e-01
-4.387347714876517202e-01
-4.107253497789127294e-01
4.123284677473559867e-02
1.506903088202617980e-01
7.907171754380915019e-02
-3.861466153638932752e-01
-3.514979467527750145e-01
-2.334583685923830032e-01
-4.370818204954129982e-02
-1.195299923556181199e-01
1.718186479962007240e-01
6.160423517069943955e-01
-5.206649810895846997e-02
1.939866349418153391e-01
5.531761715802581136e-01
5.909034853007106847e-01
1.564618156039276897e-02
-2.398877007264106354e-01
-3.695722718885603442e-01
-1.270104203580819657e-01
5.198398587758870093e-01
1.183658557306266346e-02
5.910773413922498776e-02
6.381271377602981687e-01
-3.078312262230022966e-01
-3.142930723717141106e-01
5.781347628914801362e-04
-5.326064536852506137e-01
-5.091345566730893779e-01
-4.155752953416884665e-01
-1.241679074299257834e-01
1.101151698472087048e-01
-9.818388909715469737e-02
-4.637768909159944997e-02
2.170370068251337159e-02
-2.623688253933167402e-01
5.501673639754089962e-01
-1.469177176572298293e-01
-9.329424797842378325e-03
5.220846131724377059e-01
-1.984180731217186633e-01
2.081533110842919143e-01
-2.039427932093804685e-01
-9.819033819304756605e-02
4.673548082537903881e-01
1.152122941746256402e-01
-9.591514454043892357e-02
6.251381033501290929e-01
-1.189762847658784040e-01
-3.397437936822278459e-02
-1.666357023129281245e-01
-2.270513194789813838e-01
3.403814110823688566e-01
2.311800958124674565e-01
1.240695512565519465e-01
-3.680677628464543716e-01
1.996128127277678743e-01
5.094253853369483664e-01
2.970605857604047273e-01
3.603305943643899667e-01
4.823012199106742059e-01
-3.355573888892342538e-01
3.867364616073221129e-01
-3.698634955745054853e-01
-1.328583626601647083e-01
4.121655596017514966e-01
1.100664127599202402e-01
5.131782809162945824e-01
3.854621404419038555e-01
7.156286255007238140e-02
8.685432819352989497e-02
-4.537035373718110165e-01
1.697545532243003308e-01
-7.554275457749604072e-02
3.749579630825614629e-01
3.297901334017883102e-02
-1.077307767510058412e-01
1.872350785830523279e-01
3.881846435632922976e-01
-2.766914820286006105e-01
-4.177888270546432636e-01
-5.982658343983633387e-01
5.036470567885986682e-01
-5.803901985866719571e-01
1.636692219482336341e-01
-5.439706537981825463e-01
7.582790905772984758e-02
-1.950336196373587683e-01
-2.418730226050529453e-01
-9.490182098755983731e-02
3.641027163700467639e-01
-4.101835090944820905e-01
-1.654506487848337315e-01
-6.031264634068929098e-01
-6.506499838780310796e-01
5.665002560921728048e-03
5.083585737808418159e-01
4.793675871242362163e-01
-3.878771449893747558e-02
1.754470950720108391e-01
-1.383356402568027832e-01
-5.337111371476241928e-01
-9.345519877529007147e-02
-4.867738710855276096e-01
-2.861281232048042966e-01
-2.731681177799538673e-01
5.395809752522726654e-01
-2.509289019655156494e-01
4.219770188262135235e-01
3.689752277624709365e-01
1.631045564719189045e-01
3.564825307303287616e-02
-4.465045821411965932e-01
-3.210859549224212017e-01
5.267197074853138261e-01
2.460038722862272209e-01
-4.230989300291492228e-01
-5.112642230103414676e-02
4.514615744899419525e-02
-1.229618436248482993e-01
-5.887596996375963343e-01
1.629876392548235131e-01
-3.254725416070600730e-01
-1.535745183272387848e-01
3.753279420746258310e-01
-1.268016879368296657e-01
-2.019364775213139396e-01
6.218010534028657332e-01
-1.177376730275270234e-02
-4.577103299823992444e-02
-4.089245729252946049e-01
-1.386481662368979073e-01
-5.642408500670583749e-01
-5.239225328853338581e-01
1.670429493273672961e-03
-3.887257721900985175e-01
-2.646884169830725497e-01
3.041422047844104526e-01
1.749747637832799185e-01
-4.017502742317189401e-01
-5.706067295591301658e-01
2.992739785351483661e-01
8.765953555799921304e-02
-2.757411643312925875e-01
-1.726772971411296709e-01
-2.141136623728323585e-01
5.001817458719051146e-01
-7.628477422175272693e-02
4.634001958081057637e-02
2.800131081376555642e-02
-2.239720687395063692e-01
-1.150630817875928358e-01
-2.527600579760962418e-01
1.384690220815105732e-01
2.096628459864362526e-01
5.257232107748954775e-02
-4.067138004244030824e-01
1.955064965331620996e-01
1.146522407301624469e-01
2.513086775545154694e-01
5.288087007464330469e-01
3.450834251278447340e-01
-3.200085886613415198e-01
-5.643976068582619021e-01
1.213941682667849520e-01
2.117766206583500121e-01
-2.501113941856836220e-02
1.391067173018001313e-02
-2.506613831293602601e-02
-3.857196017004760336e-02
-6.203055010537719127e-01
-5.155613762801873889e-01
-4.728983884717807840e-01
2.757164637889539804e-01
4.774585034952014695e-01
9.914119490024830839e-02
5.171099754885855049e-01
6.530129593252187448e-02
-2.250150192006517003e-01
-3.456635619864698583e-01
-5.525194408374032307e-01
5.437794837663698644e-01
-2.125408368716872332e-01
-2.021002629149926122e-02
-4.418319300804460781e-01
3.976501479491556523e-02
-3.073468299013351057e-01
5.110939236719138634e-01
2.692771805503593185e-01
4.027374144556370439e-01
-5.690268468549941616e-02
-1.771998595887644967e-01
3.397112702200058010e-01
1.061428636921579738e-02
-2.411640972920627846e-01
-1.159846283649876852e-01
-3.687155131027290977e-01
-1.588751109273953688e-01
-3.607340709831516889e-01
-1.446557495641984659e-01
-1.597812702018694964e-01
2.543164735268765853e-01
2.483207386211034873e-01
4.448481410855631424e-02
-3.491769994379367859e-01
-2.694359691494936371e-01
1.679091751920331888e-01
-1.970189479985826608e-01
-3.245411217348568300e-01
-6.400569617125562161e-02
-2.110644286937839453e-01
-3.151095342972638491e-01
-4.699346285526093681e-01
1.645198734008150865e-01
-3.903681383053232423e-01
1.221606333825464574e-01
3.833224485610209342e-01
8.201478824533303680e-02
-5.235115921864403887e-01
3.054370577261344977e-02
-1.390767287770540150e-01
-3.079783429235485315e-01
3.299669448313569120e-01
2.679663224601895877e-01
-4.228301602140485116e-01
2.987001260887662824e-01
-1.532219716948137744e-01
2.893558744604298738e-01
5.712464306613904697e-01
-5.363894057758251677e-01
-3.632006860002432447e-01
1.935263740266748300e-01
4.041703462797201496e-01
-2.867011813492581496e-03
-5.405343678450700295e-01
-1.708358101846485511e-02
1.763051441680598685e-01
4.696481376143424313e-02
-6.277593306249196203e-01
-2.114783256287378066e-01
-4.739746744209965001e-01
1.701241061863356663e-02
-6.300256884008099689e-01
3.322313898556714662e-01
-1.468943394798367663e-01
-2.687792298241280520e-01
3.562173320596446757e-01
-2.727976216691327949e-01
4.408096940418468890e-01
-1.939800539237319654e-01
1.319107000626029702e-01
-1.527983566977342278e-01
2.753710806132172451e-01
6.162977448954043425e-01
-3.065964879061233717e-02
-6.283264129677537113e-01
5.062634902516229829e-01
-6.100282628414630537e-01
3.774480055834441572e-01
-3.875829374234651681e-02
3.304608144684193505e-01
-2.378996385047837947e-02
-3.615419340212042698e-01
5.027475134446710570e-01
1.865956390529275311e-01
4.638507417440527192e-01
1.877509810221154041e-01
1.610165800205907161e-01
-2.656864881530847100e-01
2.072141542904937239e-02
1.100028265921277892e-01
-2.818960694625403107e-01
4.719285573051177352e-01
3.116847234781090492e-01
-4.224951078472516386e-01
4.179413900292550110e-01
-3.508881533622982829e-01
-5.138013583935663320e-02
2.330203021436716426e-04
5.238163592209765795e-01
-1.476933655131098533e-01
-4.203359511732873699e-02
-2.746055417591142245e-01
2.200623602079812002e-01
1.631408685720394658e-01
2.326754910055850445e-01
-6.174023565518860224e-01
-3.363079368834513971e-01
7.117327337092671513e-02
-3.333361691718250697e-01
-2.831741143300794405e-01
-2.247570854011557984e-01
-1.244283108276862393e-01
4.059394787856538400e-01
5.257128755522089136e-03
-2.168549727432749208e-01
3.705631468389425365e-01
1.079539904588280308e-01
2.762717760087305408e-01
-1.391484417776398530e-01
5.703564976087900362e-01
-1.270661758884017445e-01
-3.469229705483636295e-01
4.312769591845366790e-01
5.301487666183124503e-02
-1.603853787123492580e-01
-9.679562284121612237e-02
2.228149382202762041e-01
-3.409705168617502835e-01
-1.094672244218681811e-01
1.670236544130796474e-01
-2.354712260465277041e-01
-5.298435615253564990e-01
4.095460877553058765e-01
6.150244814723668796e-01
-2.071245406799890887e-01
4.280588106682561289e-01
-6.518172249161313658e-02
1.748938288211849823e-01
-5.716314895134573248e-01
1.481845283285032622e-01
-4.731210743936307139e-01
-2.908606543545273482e-01
-1.427918117822892796e-01
1.892398307408544866e-01
3.743273204969703727e-01
-5.102301894302190277e-01
2.343360236530571683e-01
-3.889950854096451138e-01
-1.750007200037408950e-01
1.402580521063256924e-02
1.906799437753896598e-01
4.201637743673414249e-01
-1.551872951343771234e-01
6.977802384025721949e-02
-3.749934496827389552e-02
-4.757344796460900582e-01
1.070041802306711531e-01
5.295289051714213713e-01
3.350733895667943329e-01
2.199226876457789359e-01
-1.252260284083339670e-01
4.472061838473084805e-01
-4.129072463378236080e-01
-2.842366928635779999e-01
1.050925362528412066e-01
-6.254679924191410834e-01
-2.025280405962712749e-01
-1.369643910825182331e-01
7.577753368852491178e-02
3.029333767548116896e-01
5.924951493175232287e-01
1.464353806949922898e-01
-1.580651527044869553e-01
-1.274334297730010945e-01
-1.366738647109899674e-01
-3.847071518074027807e-01
2.676880536155579193e-01
2.884452038034366339e-01
3.487417850443268463e-01
-7.229875964868259786e-02
5.086070701149125739e-02
-3.874600113841175641e-02
-3.816162910243674489e-01
-1.837963866112843903e-01
-2.995804012074536615e-01
5.593528977220341147e-01
1.432201628527209891e-01
3.435978204071687969e-01
2.570558911925662215e-01
-4.537588743800666791e-01
-5.461114845262571293e-02
-2.011900957587133831e-01
-3.779659693654169317e-01
4.296037522766074090e-01
-1.733021501318887658e-01
2.267794371212881188e-01
-5.163886345896875341e-01
3.463677691560285155e-02
-2.682471623554230078e-01
5.288523044233173209e-01
-3.336783202307449514e-01
8.704081775964400691e-02
-3.592579654354084440e-01
3.787727808229037763e-01
4.567198279572828312e-01
-5.381907023989978001e-01
4.564787088025177297e-01
-1.790883508716039074e-01
4.906868093329581626e-01
-2.105439341075889814e-01
-2.293774963356165486e-01
1.802191394462369090e-01
4.279150811205560956e-01
-9.158368753365486725e-02
-3.723666753351908554e-01
-3.205058829019415967e-01
1.520241822207051285e-01
1.037582071656730776e-01
4.304492930380909854e-01
-2.217190534605748553e-01
8.174043288590393530e-02
-1.159350107993120105e-01
-2.284439985534536532e-01
-4.095457968601010634e-01
1.863063300479961271e-01
1.307907706541904247e-01
1.170192311106097449e-01
1.801083202585385123e-01
3.030331116663358415e-01
1.185431522439746033e-01
3.220754950981197240e-01
4.932147753648958854e-01
-6.082450240913415129e-01
8.669487332468683860e-02
-5.197286411289292474e-01
-3.785150674422341766e-01
-1.220559372954985733e-01
-5.324562953037581536e-02
-4.742352426581826208e-01
2.507923239392573223e-01
-2.957052422303316774e-01
-3.239860084966981191e-01
-4.183352839232048481e-01
1.363298199345850392e-01
-7.641602866979013697e-04
-2.067655509389796364e-01
1.704709724546944472e-01
3.327980123015006342e-01
-4.026768922770553871e-01
-3.582558102473694106e-01
-8.170469072368113927e-02
-2.281246217842696211e-01
2.246303144942318752e-01
-5.236607579171703719e-02
-2.436868157079636887e-01
-2.639540438305543191e-01
-3.063906223022332398e-01
6.321074081724056271e-01
7.342399928970699818e-02
-2.332446821514224666e-01
3.849574928544106101e-01
2.058514425725030961e-01
1.586710664081190103e-01
-6.140662954628446357e-01
-3.823546973173232999e-01
4.046877896518843443e-01
-1.255640776737063646e-01
5.238307031399891400e-02
3.938175543263042755e-01
1.249278156235913428e-01
-2.208792778322790085e-01
-5.982849402066658939e-02
3.641545164593473771e-02
-2.116071890953898915e-01
8.080509187518636338e-02
1.587079650367648753e-01
-1.982772613043533028e-01
-2.857338544371419431e-01
6.841155847910140864e-02
3.260862845102288077e-01
3.896295028631735491e-01
3.738146065858591882e-01
-2.477148369413759710e-01
4.925462183968134511e-01
1.633721996624917239e-01
2.851015479377769779e-01
-4.497139973927488654e-02
1.205310709515572398e-02
-2.488708691033139075e-01
-3.004867958315280418e-01
-1.510330492115796730e-01
-1.054627277975308530e-01
-3.793098438620470247e-01
-1.987052586871431714e-01
-4.462053928607812026e-02
-5.839881387660055267e-01
5.689766899029047309e-01
-2.409337458454769987e-01
4.338185974337971373e-02
-1.966881800209074882e-01
2.086020695616896958e-01
6.852942184684884808e-02
4.767711137363308538e-01
-3.999318765061161685e-01
2.149069981349507330e-01
1.179007489082053439e-01
-5.369740545880796745e-01
-1.547705956658598225e-01
5.101558666519556695e-01
-2.136013434151706747e-03
-2.368662824973508663e-01
2.768131295130702441e-01
6.135309210344654929e-01
1.342111787466961914e-01
6.048299839611317452e-01
1.622014847012689387e-01
7.788727162011888083e-02
-5.840538053447463795e-01
-1.052835021327336307e-01
4.408304053324769711e-01
3.487509228084455515e-01
1.698343166393980752e-01
5.309157137757667400e-01
4.886446247963860401e-02
-6.301611599509726602e-02
5.331784106632468934e-01
5.218259594710605853e-01
5.093440000891362729e-01
-4.021097019605814893e-01
-4.339560740745955769e-01
-4.774352602827125480e-02
-2.311563400347909081e-01
-1.319454586809962748e-01
3.162771030602007372e-01
-3.924308633252504563e-02
-5.888836925020264346e-01
3.572899675918828066e-01
1.466359576271596410e-01
4.065961696600890463e-01
-4.777757731811940189e-01
1.654266018009575845e-02
-2.052506381203000885e-01
5.250801615857429994e-01
-2.637046970429324233e-01
-2.379382492397441595e-01
-4.544104752223772081e-01
-4.209307647793689711e-01
-2.784462706087751371e-01
3.212815139073423865e-01
-5.455380869400041632e-01
5.005601908754950813e-01
1.791282637571729452e-01
5.007120817002919111e-01
-3.574720673385476388e-01
-3.632674363904762060e-01
3.747697165484398241e-01
1.541856181872791609e-01
4.680757219028155447e-01
1.228507282896194042e-01
-3.029200560998681624e-01
4.606062978842251354e-01
2.808336217900766485e-01
-2.576134535308707285e-01
-1.703149139695874226e-01
2.308624318914134221e-01
-3.823114958959772380e-01
-5.851101975175518888e-01
-1.764009376661048734e-01
5.658546905598829113e-01
1.896081741122301878e-02
1.160041676893701634e-01
-3.225622522895319477e-01
1.023728918285442546e-01
3.949984498413927625e-01
2.687109947351862260e-01
-3.065001161509233185e-01
3.018094962636297396e-02
-4.781978086166640551e-01
-3.080096705283903447e-01
-1.394235702550004063e-01
9.110051902227489506e-02
-3.239847447290813420e-01
2.571730893095169890e-01
-2.767473419577655136e-01
8.697852408024786541e-03
6.002504742371055357e-01
4.914188974567768042e-01
-4.751968849899013136e-01
8.464355015173197216e-02
-4.129253650154733890e-01
-6.061951054044119047e-01
6.015111925616167809e-01
-3.055716975846127781e-01
1.351729726507944207e-01
4.590145650828425516e-02
-3.267588179459623987e-01
-2.303119928195762611e-01
8.573841175558261085e-02
-4.438714403420007670e-02
3.503196157940084987e-01
-1.551930147653566294e-01
-1.229062133524125855e-01
-2.031545407731414343e-01
-2.678818394695188232e-01
2.190459918837817099e-01
-4.154630017420029020e-01
-5.886884560420835300e-01
-1.007611351604964511e-02
5.380069724272287246e-01
-1.609321936883567616e-01
-2.023695287139721799e-01
-4.259279953266030816e-01
2.814570528647140080e-01
-1.661602632058363227e-01
-1.370558004499731197e-01
3.152275008071026008e-02
-1.678415730245328419e-01
2.307550815428349722e-02
-1.515130612526149889e-01
5.643474234449552540e-02
5.278653587682331505e-01
5.979008427469363340e-01
1.496936110141033893e-01
-5.874464883446099961e-01
-4.249929514723147506e-01
3.572480588305850802e-01
-4.761430796739585247e-01
-5.199377851787412297e-01
2.329677596261516825e-01
3.897426640124184161e-01
-1.678126038329175174e-01
-2.313292047665784779e-01
3.982486344014066759e-01
-2.791951477859671016e-01
3.762095489352699218e-01
2.710590656450229119e-02
3.936789510752971566e-01
5.126757381963855664e-01
5.041438091597818527e-01
5.853377284386409585e-01
4.510538829551391515e-01
2.952291680084613290e-01
-2.583688120342859662e-01
7.199989463768474707e-02
1.930103943576959580e-01
-5.435873087377958157e-01
-2.939224352448066568e-01
-5.190619748936526889e-01
4.460288432696479788e-02
5.207015209693288682e-02
-8.296357444433688499e-03
2.095576391293754170e-01
4.051335615209712415e-01
-1.837737058532606937e-02
1.944105665369297853e-01
-1.866902015288207650e-01
5.698560539962738147e-02
7.918354523465875872e-02
1.654089486947505350e-01
-3.068777942032658856e-01
4.897921244630021320e-01
1.970395169469547625e-01
-4.926883912783264208e-01
-3.784434272478378603e-01
4.316756578526304011e-01
5.308396302421556356e-01
-2.378625474746174362e-01
1.067182161392201678e-01
-2.204215420302757522e-01
-5.921508253254348375e-02
-9.372074940596153425e-02
4.356059417558855174e-01
-1.276996303112900577e-01
-1.477054615388357917e-01
1.585068557493194419e-01
-4.898837206985362513e-01
1.660505249132349093e-01
1.926427166806297109e-01
4.177011759518931555e-01
-3.192502496892482000e-01
-1.577212132680383405e-02
4.624851608040616568e-01
-3.623186473319544021e-01
2.366121011108655026e-01
3.299562732230967299e-01
-5.384792486943101864e-02
2.739850648076291861e-02
2.738085601728954543e-01
1.734163842968170499e-01
-3.303729320557682314e-01
-5.358296943975213722e-01
2.203737882886223076e-01
2.980503578647821783e-01
-8.085570174095302320e-02
3.064234137506316458e-01
-1.254012442550296313e-01
-2.364569585836946430e-01
-3.399992004032590387e-01
3.046493899290103613e-01
-4.042313926094651677e-01
2.872593735291948391e-01
1.120913263139922122e-02
1.654124018051845724e-01
-5.121374131029998722e-02
4.389501823196617636e-02
-5.524310275892201361e-01
3.328386183312570523e-01
5.446397440047530125e-01
5.343142271077363503e-01
-8.590200056103824977e-02
-5.480397339133684653e-01
-5.147862413107624491e-01
-3.271579830705562131e-02
-4.202133994697687669e-01
5.088336325372750935e-01
-4.846605093920928198e-01
4.854081259293110406e-01
1.332888917129615436e-02
-2.190021794591423543e-02
4.089041047035424370e-01
-1.945434932727714283e-01
-5.129314058797778131e-01
5.700924612836280048e-01
3.542542543553883760e-01
-4.301598963874742054e-02
-1.107407773679893737e-01
-3.085802712730227881e-01
6.079735563530164200e-02
1.292179072379928684e-01
2.514850326360473787e-01
-5.687725461479926636e-01
-5.004898738553471560e-01
5.735451600132588368e-01
4.161024535048252204e-01
1.691816982338796294e-01
2.752932891780126567e-01
-1.364696317446298934e-01
5.197954937740174586e-01
-4.356186822535175196e-01
-1.430351145470014629e-01
2.235091317828441504e-02
6.460662316903142965e-02
-6.196352461944387713e-01
-4.539690008847596658e-02
4.920226085274652661e-01
-2.834245651894224949e-01
-4.696208487800221931e-01
-4.479375010450450389e-01
3.683548551835276186e-01
-1.863067634052946175e-01
-3.061578959300508274e-01
-2.888874480720460269e-01
-3.643698349351156551e-01
2.063640240588950903e-01
8.313176547921496962e-02
4.001148112289110159e-01
1.489980715682257539e-01
2.443627606076139713e-01
-4.769412054086448194e-01
-6.517227540929049212e-02
1.091850073728961590e-01
3.016550919554630283e-01
-2.358751588931795595e-01
-1.781277189388434934e-01
-5.422499902852830900e-01
-2.749483572773954165e-01
-3.523889305916139136e-01
-1.710391317615886919e-01
2.275186959334298820e-01
4.106788127066636207e-01
-1.249654435420346488e-01
-2.234168959214297701e-01
9.161729040676647173e-02
-1.733991339265488207e-01
-8.691396775652293627e-02
-2.148121868544174973e-01
-1.514510584144277416e-01
2.349038996528332035e-01
-5.055184716040592718e-01
-6.295565215447851415e-02
-4.816527590767636369e-01
3.453969231700684261e-01
3.348333758627273227e-01
-2.027799115731081514e-01
-4.312558085158428867e-01
1.866994325860620307e-01
9.902313604982637685e-02
2.700296182207670981e-01
3.136693312594109884e-01
3.644825311730297557e-01
2.276367009763280436e-01
2.641753205885466471e-01
4.666381461275195264e-01
-5.302442639065212404e-01
-1.788830625196169422e-02
5.715386658188670310e-02
3.443028470105691241e-01
2.496160208558517724e-01
5.136697732706867470e-01
-3.873249461977144037e-01
-1.139582663063869461e-01
5.659050381200501079e-01
-4.796192460964707749e-01
-3.425562270972601908e-01
5.220814859034428324e-01
5.332980599656247378e-01
1.669508079841381942e-01
4.086934006217992632e-01
1.283219897253573549e-02
4.915369796900348476e-01
1.045958491343021990e-01
-1.582326573067858178e-01
-2.453740928241101571e-01
4.169339300235384016e-01
-2.596327579474175806e-01
1.028624600568956993e-01
1.043201892079856918e-01
-3.708541837893237769e-01
2.887285336028391214e-01
4.457394886566055092e-01
6.702727404948483070e-02
-5.363991568998036641e-01
-3.071886804122136994e-02
8.249236324944764220e-02
1.761774729885186019e-01
3.286241611325566581e-01
3.591779842007820633e-01
-5.328178424653717826e-01
2.676696728308520790e-01
-1.217193078227420955e-01
8.881622293681967761e-02
5.062345179238540993e-01
-4.954468255816149025e-01
1.011358314257693181e-01
-5.902410815433691837e-01
-4.628676671162637035e-01
-9.694792481111313975e-02
1.581530099149333068e-01
1.248558305504987587e-01
