2.764000000000000000e+03
3.186000000000000000e+03
3.056000000000000000e+03
2.931000000000000000e+03
3.253000000000000000e+03
2.500000000000000000e+03
4.224000000000000000e+03
4.724000000000000000e+03
5.579000000000000000e+03
5.805000000000000000e+03
4.079000000000000000e+03
3.869000000000000000e+03
5.497000000000000000e+03
3.769000000000000000e+03
3.544000000000000000e+03
5.252000000000000000e+03
5.053000000000000000e+03
6.091000000000000000e+03
2.825000000000000000e+03
3.894000000000000000e+03
3.621000000000000000e+03
1.015000000000000000e+03
2.245000000000000000e+03
3.840000000000000000e+03
1.379000000000000000e+03
5.108000000000000000e+03
2.122000000000000000e+03
5.382000000000000000e+03
1.137000000000000000e+03
9.660000000000000000e+02
5.331000000000000000e+03
5.600000000000000000e+03
2.046000000000000000e+03
7.390000000000000000e+02
1.093000000000000000e+03
1.399000000000000000e+03
5.793000000000000000e+03
1.759000000000000000e+03
1.886000000000000000e+03
1.732000000000000000e+03
1.151000000000000000e+03
1.026000000000000000e+03
2.810000000000000000e+03
4.394000000000000000e+03
4.309000000000000000e+03
1.677000000000000000e+03
2.301000000000000000e+03
1.946000000000000000e+03
5.640000000000000000e+03
