7.919666659794630803e-01
-9.811131234484324892e-01
-1.720771458839811530e-01
-1.146526994422565338e-01
-9.244120022021142802e-01
-1.035047753231053136e-01
2.447300821810314275e-01
8.546537789164663224e-01
-8.296583881302597163e-01
-8.573496302514040934e-01
-5.128938304742005627e-01
3.897597989797123574e-01
8.743963830688379346e-01
5.744221172398837894e-01
-1.106065587408240347e-01
-1.248726738363652444e-01
-2.612489653656773214e-01
-1.573246956950313802e-02
-3.158361537146578968e-01
-7.304917123563292591e-01
-2.005791774682865736e-01
-4.598472491244329774e-01
-8.270889178804461395e-01
1.308805099639425151e-01
-7.355857855939742507e-01
-1.057824148360666960e+00
-8.054811423451893049e-01
-1.100678940907840797e+00
-6.291984420808915957e-02
-6.916934200353903606e-01
-1.008329658939060458e+00
-4.226352116987168728e-01
2.572676509007525425e-01
-9.933274151413575837e-01
7.306677608457876616e-01
9.240721061262613389e-01
-9.175801637693243862e-01
-4.006555210847508874e-01
-3.043205849606698266e-01
-7.309428864472939935e-01
3.717705130880446518e-01
3.311211858453546597e-01
-2.378001235046927064e-01
-7.128537828330472337e-02
-4.807375454351143773e-01
9.548884652330356104e-01
-4.498876273120568925e-01
-1.027370169423482693e+00
-3.964237987685592657e-02
2.531611762616758909e-02
5.646605945015608086e-01
1.004513140099136947e+00
-1.073310718650234641e+00
-8.199928193977950031e-01
-7.775443800381935944e-01
1.076076453136520783e-01
-7.921086326229334063e-01
1.508869935419641095e-01
7.526543963692047257e-01
8.145206827498974178e-03
-7.034977664752082305e-01
-2.435046394674564851e-01
-6.007084506009858771e-01
3.671589784918722899e-01
-5.205137612699992644e-01
-1.626297008530492860e-01
-3.425704564562490617e-01
1.805857949250642136e-01
8.460626714785890456e-01
5.830703247098236730e-01
-5.210600848010162878e-01
1.025788026109233364e+00
-8.508875872124352924e-01
-7.185501431325915789e-01
5.684256780131899944e-01
-7.279582232551886634e-01
4.444636041343912325e-01
6.929196011155216439e-01
7.276233783308576619e-01
-1.843892223672334296e-01
-6.200747988366641650e-01
2.971975328445974895e-01
-4.459820047701699153e-01
-1.011342264723191775e-01
-4.603492683207583980e-01
5.485435842269446027e-01
-2.769520767974302800e-01
2.263292608860805188e-01
-4.611314920705629206e-01
9.304359392477223878e-02
6.431398310299210053e-01
9.305990585291343820e-01
1.987175244140981789e-01
-7.122592380912520227e-01
2.832371362163357276e-01
-4.948695133680889313e-01
-9.144491934118299525e-01
3.136088868821351738e-01
-3.428073810950484912e-01
6.384012284899966971e-01
4.889968006588674143e-01
2.994387588147340296e-01
4.511575044912436994e-01
-6.791688072068957638e-02
-4.844340776693929485e-01
-8.736205859375996141e-01
1.158738186526653280e-01
-9.381330681620561052e-01
1.213218446377428705e-01
1.126700030364088612e+00
4.328033054459003992e-01
-7.260178357884372602e-01
2.213628884935125996e-01
-1.091452651843066946e+00
-8.567424458308021684e-01
-3.513387115993227283e-01
-9.121764072841589410e-01
4.593643913499700915e-01
4.327314403649573649e-01
4.705435675277875873e-01
-6.037704807584134414e-01
-7.157898639195021673e-01
-1.087503852887408584e+00
-5.478859453423465808e-01
5.754136404111189762e-01
-2.104374090623526428e-01
-9.371288835912903181e-01
-2.058997481934898843e-02
4.617377449779436205e-02
8.967953999157920464e-01
1.633056699408017565e-01
-9.728309747513712580e-01
-9.245135451452792807e-01
-4.043759828416426672e-03
-3.081950272961089254e-01
-2.171559233987094828e-01
-1.533987779858705380e-01
9.885827411471357351e-01
-4.748259293778289702e-02
-5.877862373864637391e-01
7.491724128695409490e-02
2.571266427047369518e-01
-6.645394242060049805e-01
-6.896466607560078899e-01
2.431380879774325265e-01
-4.870842537960182739e-01
8.953210020313040474e-01
7.509674660366361110e-02
3.324726157191184583e-01
-5.027540381385291468e-01
-4.515579188654683662e-01
-6.144580915115582798e-01
1.018856921277032868e+00
-6.697326981244797750e-01
5.031313545529236819e-01
1.081993077173186713e+00
-5.969868975961807323e-01
2.967889552580782464e-02
9.456948513251379751e-01
-9.713282981392632465e-01
4.427247214312988177e-01
-1.208357878347783299e-01
-6.694252243696023896e-01
-8.655624975406768229e-01
3.489123741023982817e-01
-8.150358403418680453e-01
2.750654013816431487e-01
-4.636671610856044623e-01
-9.579255993249278234e-01
-8.477494950888440073e-01
-3.208759791190161081e-01
-3.414872289864492316e-01
6.926057178946471993e-01
1.833456310690682045e-01
1.987555897797808058e-01
2.042617285988708176e-01
-9.762731525097976260e-01
-4.884075392743172372e-01
1.153050514350981715e-01
5.833050592271664669e-01
-8.096152610166651442e-02
9.796413157129428839e-01
1.125031141976327476e+00
7.701788986516397983e-01
-9.929794747620519502e-01
-4.958267529654527550e-01
8.972698390509297184e-01
-4.746658111352273224e-01
-1.437891582491745979e-01
-7.695407656004356056e-01
8.678342681650708101e-01
-4.074409895111408275e-01
-1.026661789627445920e+00
1.943529952936620120e-01
-9.753423436526187373e-01
1.021044967951375781e+00
-8.560122577999855764e-01
-7.509048470199264358e-02
-7.174133372266586761e-01
2.215801926998111071e-01
1.866991550406051914e-01
-8.861214464017717063e-01
6.879224036747100257e-01
2.203200658221025066e-01
6.623972450757040775e-01
6.753888325088048816e-01
2.752030193460122121e-01
1.252163319854284751e-01
-4.802185291151408464e-01
-6.796809305728981343e-01
2.324439986964685900e-01
-8.056671348205837191e-01
8.923009759209810099e-01
-9.585418187315744021e-01
-4.511102856056181665e-01
-5.397524209065194256e-01
-5.847195651640841874e-01
6.551377762878374256e-02
1.492776310633789905e-01
-4.182400759322382200e-01
7.122493534675333748e-01
8.646382786747643934e-01
-7.972886280665480996e-02
-4.889420040184688787e-02
8.260226176998148873e-01
1.619743278269165643e-01
-9.214252305571761781e-01
1.085050556059251825e+00
-6.947592447642412239e-01
-5.450122574626821148e-01
-4.904588817335691076e-01
-7.027348612757178259e-01
5.637641820728696018e-01
3.256765991366634694e-01
-7.009220192291909513e-01
-1.484472066606867813e-01
2.140096713626240543e-01
2.168574899800459477e-01
-1.061934070238121919e-01
3.073743415405658652e-01
-1.908527792541665491e-01
-4.031172257766391098e-01
-2.990785614281143978e-01
9.647995329174685608e-01
-1.023338715926762177e+00
-1.001791416334791407e+00
-5.932796141402985057e-02
1.056229848556627715e+00
-3.678291598082479297e-01
-8.206182185000798768e-03
6.754290455236926505e-01
-5.221873527668554615e-01
-4.917762081821539510e-01
8.301529934080864592e-01
1.324069301748966865e-01
-3.051154082213169971e-01
-3.149922434064968968e-01
4.269358609849183139e-01
2.703407302197522455e-01
3.468744996790711355e-01
1.520940810970561330e-02
-3.937498673449972841e-01
-4.417155134118813109e-01
-6.516450883550852780e-01
1.123136998745021486e+00
-3.667034637813451070e-01
-4.638455150183160569e-01
1.161065085938979280e-01
6.622490683896558039e-01
1.954278858378080130e-01
6.211149567587881393e-01
-3.479914679271676192e-01
9.919702393308229560e-01
6.061978184933352054e-01
-9.078866170064783248e-01
-1.201567609355898014e-01
3.116545138100228485e-01
7.157490176598724219e-01
4.950035585062018129e-03
-2.264960872220900256e-01
3.362461295327943134e-01
2.887625488535192630e-01
-8.616668251431649495e-01
5.136168182321654285e-03
-1.065046446396470614e+00
-6.792689043115851533e-01
-5.391622265070905584e-01
-6.294504381336878396e-01
-6.798368934092096083e-01
2.958127221314610367e-01
3.219783894271497360e-01
6.635580132921701235e-01
-6.512030391778953486e-01
-8.369942486729318176e-01
4.168392780345966386e-01
7.814928039966506645e-01
-1.944769415640221766e-01
7.532650585702347357e-01
9.991440364200512292e-01
3.262875186602096633e-01
-6.660912897029378499e-01
-7.049671788946545448e-01
-2.017902430275055892e-01
1.017538408995131149e-01
1.901714624803290121e-01
4.402636296448960707e-01
-2.392467771728723491e-01
-1.174343049339041656e-01
1.379106827825449244e-01
-1.864327989027110277e-01
4.029943737088004241e-01
3.134033685981343353e-01
-3.682526365973384230e-01
3.746656813485538251e-01
4.869528075772038278e-01
7.065766161566831016e-01
-2.952487423511467313e-01
4.395228348726467615e-01
-4.197332821579244921e-01
-6.088377003767666551e-01
-4.101422169481603319e-01
-4.461509296659649237e-02
-1.008623956362819651e+00
6.097517060865413896e-01
-7.167476005441208997e-02
7.521769705936742767e-01
-1.105323115251013011e+00
7.794495050612759712e-01
3.448319628125435798e-01
-6.286162597787043893e-01
-8.211163283445186423e-01
-4.492741073547987796e-01
-3.955965790494051504e-01
8.345017411043054167e-01
-5.237807776314884478e-02
4.221035490135438550e-02
-5.629486597822506155e-01
2.253622704309172775e-01
6.777252865465026588e-01
-2.127237806423254440e-01
1.111478999922974609e-01
5.878394849412682532e-02
3.055217421776408315e-01
-1.011599937854932296e+00
-7.227632628818145832e-01
6.199560528949881189e-01
-6.938727439993739310e-01
5.069254891720014200e-01
-8.014695376387850345e-01
-2.374378566637345145e-01
-1.042589002427698475e+00
1.924022855091891415e-01
4.705377170805977727e-01
1.075003573064865492e-01
1.706669020829343353e-01
-3.313189722161329342e-01
3.008687617295535688e-01
-4.472457746093851938e-01
7.468969018855968756e-01
6.635301632874490707e-02
-9.086081097763454295e-02
3.823428501937895518e-01
1.021583870476642453e+00
7.580542458264964978e-01
1.977978764547208002e-01
1.821819826550363786e-01
-4.985500774978328664e-01
-1.216629555179222777e-01
-3.710740239091423476e-01
3.832544709937293348e-01
-5.069433900958326689e-01
6.847469475594794019e-01
-4.356532054361297313e-01
-5.225988512114296825e-01
-4.085802775064353298e-01
-1.061654045904931287e+00
1.154193145414392774e-01
-5.167745618730350543e-01
6.710246259187258033e-01
1.789831907122376720e-01
4.524529853380769850e-01
8.563214140844364053e-01
3.835521078382164717e-02
-9.260686447961958834e-01
-4.104704570351396242e-01
3.080272280749056790e-01
-7.884944791553216703e-03
-1.016753741200099981e+00
-1.403385064892033185e-01
1.015049265744243812e+00
-3.193925887783137796e-01
-7.710205167275372418e-01
-1.207906405681224982e-01
-1.974633938132592803e-01
-1.555884898829296148e-01
7.570025621191671661e-01
-5.126282817832361616e-02
1.097218434073543136e+00
8.817465174843075459e-02
9.139386693164439635e-01
-8.690993860040290286e-01
1.525010452760922064e-01
-1.064127514226733684e+00
6.022302252950915147e-01
-1.020928636031400494e+00
-5.472018009958032891e-01
2.161616202488545468e-01
-1.516379830021516995e-01
-8.023296454127226696e-02
-9.736480640276896636e-01
-4.416851471997285117e-01
-1.559711785391737493e-01
2.826791879475880620e-01
4.042607550317178777e-01
6.137908551009232383e-01
3.356783745179567902e-01
-8.884804840319500130e-01
-6.916016933052766547e-01
6.622111569750011029e-01
-3.375750660394540859e-01
1.049172571899407380e+00
-7.674543592546010373e-01
3.014831403313875668e-01
5.605876751855118911e-01
8.655497762452366572e-01
5.775898542173063532e-01
-5.815064886869993899e-01
-9.254036171466024641e-01
2.972134303612596895e-01
6.434770976960724198e-01
-3.520623798449431519e-01
4.900330269132124883e-01
4.271865069945857130e-01
-9.062447928807895181e-01
-2.185071273348153653e-01
-6.684137037771602508e-01
3.988996741600123741e-01
7.564434476767889493e-02
8.060100461470209865e-01
-8.416406792246364788e-01
2.706959764327105944e-01
9.512469077685352659e-01
2.911975929590511214e-01
6.651487040835437625e-01
2.675165377892252394e-02
3.365791609953650010e-02
4.782727894724079221e-01
-1.080603823044326006e-01
-2.261382981230646294e-01
-5.590774284792656701e-01
7.205148266325256401e-02
6.084858002921036402e-01
-3.689966149798946660e-01
1.959978153184671612e-01
-4.909814513952941439e-01
1.422724077213111116e-01
-3.079052593660280834e-01
9.540946263976302077e-02
2.751065683218820723e-01
-7.137906959442341659e-01
5.560642423031714188e-01
-2.769837289836720728e-01
-6.153400418460579502e-01
5.683357783118179185e-01
-8.349552540364424402e-02
1.204751425644614571e-01
-4.164889408962055839e-01
9.362861045677384197e-02
-9.761743827842579435e-01
9.477862103290126683e-01
-7.228526367158600863e-01
-7.641215169425130682e-01
-3.696182400622225472e-01
-6.932247918842442402e-01
8.725518296070173818e-01
-4.834173571984825557e-01
-8.470440452709881995e-01
-2.537378763451672015e-01
-6.869658293024700768e-01
-2.236410424767427685e-01
-3.411123480599691504e-01
-6.379738779956882766e-01
-5.595299364638020023e-01
1.755928333462666302e-01
2.449453082874608612e-02
-3.696046008229183499e-01
3.423240683276738139e-01
1.314388606291396755e-01
-8.522395094798742576e-01
-6.955043171540884472e-01
1.097082104267865788e-01
3.796115426087256495e-01
6.191552655796552784e-01
-4.701256350983200605e-01
3.491174471457192396e-02
1.124382838212420133e+00
-2.851666913504624645e-01
-1.686562474824775393e-01
9.035602805632025891e-01
-3.018662845707380527e-01
-1.145408474733688564e+00
7.003172712669014643e-01
9.111196321044001678e-01
-4.807088959455647625e-01
-3.989348687787881431e-01
-1.050288941780397334e+00
-4.616446623509027347e-01
8.165435502598956674e-01
-7.650298639620594088e-01
-2.419676027233785831e-01
-7.103364234496565288e-01
1.013756687584698390e+00
-4.119516541365753071e-01
-6.837168159878181939e-01
4.237485864173073935e-01
2.117802225795610838e-01
-6.165251789968460017e-01
6.561453594962731728e-01
-7.868722807712646983e-02
1.632638805348101130e-01
5.187679142488024198e-01
4.938569459817276908e-01
1.216237718767789744e-01
2.797243870435384139e-01
3.059928023222715510e-01
-9.562250083609633577e-01
2.208597205553743947e-01
-1.731330274008247017e-01
-4.692250854747577193e-01
-9.012749897972582858e-02
1.761224410482240543e-01
2.123012070702259280e-01
-3.995584467812163254e-01
6.438119088703917470e-01
-5.636102713835029476e-01
-5.964719164310317012e-02
-1.529246518213849271e-01
-1.130376872296876556e-01
4.646145368270113707e-01
-6.054950097134339515e-01
-6.276674252289975442e-01
-1.286150008112540988e-01
-3.323131940994192846e-01
-1.153167841856372888e-01
7.062075003931767014e-02
4.884424747829108071e-01
4.072698970746193581e-01
1.130054005776807813e+00
2.128827715258729825e-01
-6.852394620187283181e-01
-4.572238347686452542e-01
6.578397299766436390e-02
8.334818847559510857e-02
-3.064005981006685531e-01
-2.725472748210648888e-01
-3.013843318081121936e-02
6.062571983751734450e-01
1.726077956766234323e-01
4.441298379624081250e-01
3.121865258571716595e-01
-1.328269919130224963e-01
5.663254510805497688e-01
-6.695464057210056552e-01
-5.195936606254845103e-01
-5.257101028285156019e-01
-9.577846251373411945e-02
7.316333927881570887e-01
1.889771106883042506e-01
3.808191978801787059e-01
3.870268249688813000e-02
-7.113196924300941859e-01
-3.373767993052725345e-01
4.049670640394786858e-01
-8.664064626890883858e-01
-1.159576068314611241e+00
-2.193375521003906314e-01
9.532723485022129850e-01
-1.038124295426715804e+00
4.459015570861861733e-01
3.469631290220700492e-01
-7.375764559581563518e-01
8.050881401571965412e-01
-3.461754996686980945e-01
-2.550441783967452025e-01
-1.153541995062890013e+00
-1.805956589258981282e-01
-4.755729839681359650e-01
4.123217983565528044e-01
-3.788345362594558452e-02
9.995014222136768822e-01
-3.613222542361045342e-01
1.384253883318908862e-01
-6.394025700834671255e-01
3.999270408945250210e-01
4.263728778882232007e-01
-7.291221636865721223e-01
-4.893991768293979305e-01
2.869570604295184069e-01
7.599282121595845041e-01
-5.390405135130471592e-01
1.023510723125787614e+00
6.595600881316432407e-01
6.816561140117416429e-01
8.338123460785027419e-01
8.933832617130033071e-01
3.294733361163704188e-02
1.525850021332786355e-02
-7.351193784464644665e-01
-3.611165246019361064e-01
-3.547625924437856071e-01
5.863717114322497537e-01
1.499232429402441724e-01
-4.021311646930332273e-01
-8.733544681455560621e-01
-7.459210311676045535e-01
-3.645199529298324137e-01
-1.083238348723037703e+00
-9.747340202156138389e-01
-1.148116526645698521e+00
-5.664791265261710507e-01
-1.916693102002131610e-01
1.362231941796299139e-02
6.816277584751428975e-01
-4.872851521756418336e-01
8.517698552946493251e-01
5.566755448950244656e-01
-2.806495613922352916e-01
3.836850361767938367e-01
-6.748943783088279247e-01
-1.709129915574063574e-01
5.802790623456619556e-01
7.157133320844017987e-01
-5.328548524639051820e-01
-6.340095962925929030e-02
9.320666571160751701e-01
-5.665101654768633921e-01
2.058242174691109483e-01
-3.471841477826149713e-01
5.191248491338127380e-01
-4.848898917204627068e-01
-4.624013036227925255e-02
-1.017512904279477048e+00
-1.049979730070145223e-01
3.755130112725968416e-02
-1.032943860475477482e+00
2.715428976150855434e-01
2.493233297983703523e-01
8.415756521150976610e-01
7.613126417078897035e-01
7.477203327926753573e-01
-1.423278473544931089e-01
3.275883663807190871e-01
6.517653252535975383e-01
5.319839397762606836e-01
-2.544203777864320060e-01
-3.052972390157133731e-01
-5.420917722148574924e-01
-3.012800946448983552e-01
-1.150502575880452127e-03
-6.535073693476176615e-01
-9.482692627556090770e-01
-5.836653140596492761e-01
-7.484954784608675027e-01
4.097613869648730756e-01
-9.998777612753126931e-01
-8.640391274927781140e-01
1.594437287457095564e-01
-4.694184711522098041e-01
-5.499531564588364674e-01
7.241255255121581413e-01
-8.472019280657141493e-01
4.811515529399699176e-01
8.980893819340902695e-01
9.522742374501422802e-01
6.466180519177111563e-02
-1.111471994544679376e-01
4.285383429676814515e-01
-8.334012790345211030e-01
-1.135594090434572934e-01
9.266442901557612188e-01
-1.445865146928078104e-01
7.476677221290337627e-01
1.116235088000303577e-01
2.258328225359367281e-01
-3.790896275129940207e-01
-8.387006668141259169e-01
-3.274702620339784431e-01
2.997343207521634412e-01
-7.661887654948449367e-01
-5.343253836163111004e-01
1.195886496327789317e-01
1.116243443963500503e+00
-5.199070557440164109e-01
2.996031667262073483e-01
3.099458594902460007e-01
-6.480251321577883417e-01
-6.985551482641518817e-01
-9.449227916645721592e-01
-5.748074888033727348e-02
-6.435600153508982402e-01
8.533740357326990988e-02
-6.344331567043850484e-01
1.122224134185625388e-01
-1.163747512276928298e+00
3.920252292825132656e-01
2.159825024475212629e-01
3.190957453486173989e-01
8.758955212198449303e-01
6.495056483646921563e-01
7.095316232064288187e-01
5.030622236546191672e-01
-8.479828950306309565e-01
2.053231901694534400e-01
2.088517975209036592e-02
-5.253367179495231909e-01
1.277216406895886891e-01
-4.085545248119890616e-01
3.291711548002034249e-01
-4.131805798956600384e-01
9.775433278734082521e-01
4.938042000223674677e-02
-1.086302246315717923e+00
3.736391092883204479e-01
-7.117117072143219758e-01
-2.797726245733302974e-01
-1.012859386068205581e+00
-5.574623065761521445e-01
7.889758354068483470e-01
1.126288950832119440e-01
6.682465528667824728e-01
-5.447898668665223099e-01
4.932978364649027725e-01
-6.790628450196400934e-03
-2.522392847684269412e-01
-1.689733382250722116e-01
2.761610847714575101e-01
1.545776617941854170e-01
2.504618059924208495e-01
-7.268032805670063823e-01
7.357305840058891988e-01
6.826434492838036050e-01
-3.599520909753533005e-01
2.826297720906936206e-01
-8.587091765970553681e-01
-2.875276094026588680e-01
2.647726309778164477e-02
5.843563677247578525e-01
-2.937042014587198935e-01
7.223102669662750941e-01
6.194747954918078392e-02
3.472836226889075562e-02
-3.068740186420448879e-03
1.031142817749133300e-01
1.089680090797369161e+00
-1.578845840760045860e-01
5.778193605734553984e-01
1.087056917670126133e+00
-3.359533296707022387e-01
2.784226619897278709e-01
-7.036688977885861007e-01
-1.804643733958783969e-01
2.134505281714682567e-01
3.271573565775227621e-01
-9.110837865194412188e-01
3.897729895622195073e-01
-4.033694538998053858e-01
-6.853946324458846107e-01
6.322437302459444908e-01
3.899452153864313431e-01
-8.544290040290540844e-01
-2.289428943837918951e-01
-8.477892695960234093e-01
-5.385225173182828229e-01
4.911340332339673154e-01
-4.247133062805890091e-01
-7.199717533915874768e-01
-3.000971966888332787e-01
-1.643955452796461714e-01
5.337685636288274083e-01
1.738893010191810973e-01
5.495611146781982370e-01
-9.293633771144973466e-01
4.032090759845772254e-01
5.460745276065024356e-01
-7.688291457333864543e-01
-5.514453419844231874e-01
1.845678692950514233e-01
-7.205954674866283938e-01
-1.973874423753283480e-01
-8.002591153019782411e-01
-8.685527568073787563e-01
-4.173239343918027089e-01
3.868839868416795724e-02
-5.168176683360545809e-01
-5.050626568414786632e-01
-5.291125183445144486e-01
-5.912166592022476408e-01
-2.322875682236764661e-01
5.136780200194905888e-01
1.062625808156871798e-01
6.532327228096157512e-02
1.741515381024738574e-01
-1.111890850657555330e+00
2.457400131520071085e-01
4.187160866146486526e-01
4.116894673132698301e-02
-1.922004209701375643e-01
2.429132564530389615e-01
-5.383011684116532081e-01
8.133447645558513628e-01
-2.763298990172371461e-01
6.476689818324388170e-05
5.417905847980373224e-01
5.384701322333818041e-01
9.740142762803145615e-01
8.009771809731258685e-01
5.311729952141384103e-01
1.690676795594425741e-01
-3.588354629487122693e-01
3.784545777600456518e-02
1.106180478077336105e+00
-1.873281087706022419e-01
4.073771415028835108e-01
-2.265430034616935373e-01
-5.108031268999644325e-01
-8.018096765891966626e-01
-1.095011241434598936e+00
3.696759486229588276e-01
-2.701746203803185864e-01
-6.329128543500015525e-01
-4.392851086649987025e-01
-6.199760743941515884e-01
-4.022148109708112429e-02
-6.161558867818932583e-01
9.252759889261765736e-01
-4.996712252209700722e-01
5.742665199094219020e-01
-6.370964218849550775e-01
5.610175692727388252e-01
8.409620824202770351e-01
-6.350397509393159723e-01
-8.940369204297606842e-01
-2.084106700835297588e-01
-4.218076600469489179e-01
-6.161857895232536464e-02
5.516830844747229179e-01
-6.834268583342169023e-01
3.545491821383217612e-01
-4.019075416175681426e-01
-5.161265773361911613e-02
9.172874596217983623e-02
6.385472354414183371e-01
5.225773323012976590e-01
-7.150721146732070821e-01
-5.189413153773498877e-01
4.660424356568624304e-01
7.240918943623553261e-01
-2.801580027259422678e-01
-5.878912432910041730e-01
-2.431523136421107623e-01
-4.608584231670675990e-02
-3.535058876810106554e-01
-3.834908964166547918e-01
5.360174000444608566e-01
-2.712706512050644392e-02
8.490177840350732197e-02
-3.528771355319895164e-01
-1.085356424911434470e+00
6.055735760771980836e-01
4.016756869255182494e-01
2.319120689212521569e-01
2.556736165235919955e-01
2.716639216282956681e-01
-8.211461675843612085e-02
9.549563666544713669e-01
-1.301601817839754816e-01
-4.023292731497720709e-01
5.921043658613101002e-02
-5.717052275738376821e-01
9.219320638186996320e-01
-1.130776429948445738e-01
5.369309198834582020e-02
-3.262914117437736294e-01
-6.851676950532858967e-01
-5.988147743516591959e-02
1.808376966862805801e-01
-5.962252723910408392e-01
8.967466605419271986e-02
9.553050759394032809e-02
-4.692792349752998859e-01
-1.282691536368245622e-01
-2.141378548757870703e-01
3.475278407452169205e-01
-9.173518123427237825e-01
-4.038958758117665582e-01
-2.026907668116999517e-01
5.398443945597986016e-02
5.351017889980544950e-01
2.340310823725220146e-01
8.612508314018176847e-01
1.058548238227202454e+00
-4.832459067517582696e-01
-2.080911324031031739e-01
4.513223027194666059e-01
1.551801419221341405e-01
-7.930239535352159308e-01
-1.141460027712496661e+00
5.918887899861964286e-01
-2.548685084317829919e-01
2.663884406469527732e-01
-1.179566985506141918e-03
1.981145883215376102e-01
5.563151983885683549e-01
-9.066087223563199515e-01
-1.387178774255426461e-01
4.357454232761579505e-01
-1.512036306050665857e-01
4.519582417761647264e-02
9.387769471029407953e-01
5.542614188408201414e-01
8.068614471341994943e-01
-3.311832802507010953e-01
-5.855615020776099300e-01
-6.393648762168515631e-01
-2.537850925975693173e-01
9.968744410269732015e-01
-6.147623793632561728e-02
-3.396943501062654747e-01
1.005486883248689622e-01
-1.668286617299932217e-01
1.761989413095408352e-01
7.102633876308930283e-01
-7.585774771220066270e-01
-1.072918552468111741e-01
-7.824435678171166586e-01
9.227738960329743279e-01
-3.822209777316460944e-01
-3.463771521634742001e-01
5.247632327767988158e-01
-2.853994697473893893e-02
6.554567469485892417e-01
1.795985689218753123e-01
3.549519917430004057e-01
2.903367340489051429e-01
5.013756958560122712e-02
-9.112185054189545497e-01
4.551750082245975548e-01
-4.404528124500881603e-01
4.153633020602445214e-01
-3.074675542755649360e-01
7.187810175569353532e-02
8.402735068882583036e-01
-6.778453226257719066e-01
-4.632963411094248585e-01
6.514140231339435871e-01
2.126923441652150970e-01
1.774628632682890839e-01
-1.066827499636288756e+00
1.153981639026119055e+00
-3.663892851380277094e-01
-1.010227684298101725e+00
-7.163586551385856538e-01
-2.911309575607994304e-01
4.500679685711599376e-01
9.639341441344289052e-01
6.022942907045214511e-01
3.069284657479354195e-02
-5.276495912394976173e-01
-8.162052512099560175e-01
3.218035399326204526e-01
2.617150626939768188e-01
1.400345242637026644e-01
-7.388783114212316150e-03
8.385911561960828209e-01
3.649143121308906501e-01
-5.200673034703653386e-01
8.816651561845549878e-01
-5.408890288493859444e-01
-1.104429697473641170e-02
3.300016312454410183e-01
-1.575366940746816269e-01
3.072644014685366187e-01
8.161510621561394174e-01
-3.786921513531629202e-01
4.891760193434180337e-03
3.730698671261549748e-01
-1.404163476026152324e-01
-4.262694607175783190e-01
5.183943917010065405e-01
-1.912457816338548611e-01
2.600255077222008993e-01
7.291714531735919991e-01
-6.642487611025016392e-01
-2.915617784761010967e-01
8.550162478555307644e-01
4.003034506119282909e-01
-4.056750048165103095e-02
-4.940476633337054224e-01
-1.697539500577791571e-01
5.037863537247888601e-01
-1.065550825988283101e+00
2.462406092411857372e-01
-1.949781754153114832e-01
-2.290820867674829842e-01
2.344245047214421618e-01
-3.861273842194554717e-01
1.650188780655277299e-01
-8.421413592066357978e-01
-8.932277338843288561e-01
-6.759808849907136263e-01
3.942183350216232895e-02
5.067792980224457011e-01
1.333709352012535376e-01
-8.214337705524137334e-01
1.042711192935552589e-01
2.657002397307124397e-01
-1.148748216941513078e-01
-5.131156121945856796e-02
5.802901427007789437e-03
2.344101114407228792e-01
3.128422174417444523e-01
1.081881919647493362e+00
-6.866532867313157595e-01
1.494359245476619691e-01
2.642805327296020579e-01
-9.350303778240718344e-01
8.730132135250112668e-01
1.101046365335953681e-01
-2.788753067956193377e-01
7.663612512133353150e-01
-4.387762065750928642e-01
-3.046318164435133369e-01
-5.088732292623792119e-01
-6.462416048801644664e-01
7.130711704931833594e-01
-3.531490007488971017e-01
-7.185744585699778142e-01
-8.799400873813532087e-01
8.352817868903077425e-01
1.084723952381293266e+00
-6.359466447084303198e-01
3.978241466604579557e-01
2.529096722840566969e-01
-1.977081438354497678e-01
4.322633883761177742e-01
-4.598230654510864213e-01
1.045685982935641078e+00
-1.015010399565358767e+00
6.006217596825935701e-01
1.115381090977685119e+00
-3.665087280274912374e-01
2.663384322716382258e-01
-6.261778886832711777e-01
-8.170766041874113483e-01
9.109633049144614247e-01
-6.280438968614934225e-01
3.074132522110790688e-01
-6.579362795231933347e-01
4.179274177760348152e-01
-7.277384124151158318e-01
4.610331057862468995e-01
-5.903179359336032661e-01
3.699830505922498958e-01
1.932143791414597800e-01
2.984242649252806245e-01
-3.920082682641687910e-01
-6.775515475400091248e-01
5.111066561037542755e-01
-9.304702543292000527e-01
-2.237329511932593107e-01
7.876233090512361201e-01
4.566876989361459138e-01
-7.182371756866325896e-01
-3.689592696203769506e-01
-3.681434608394784647e-02
-6.962489737678865254e-01
1.024847355195127818e+00
6.915584953898363807e-01
7.418320611436026724e-01
-1.010495184313688455e+00
5.219299719323693409e-01
3.435495694517953780e-02
-4.495116547861535139e-01
4.982837095172492070e-01
-4.418447501522724252e-01
-9.356624271420628247e-01
-5.672002909116562464e-01
-2.575338648080620629e-01
9.885666403943416114e-01
-2.913137314631066843e-01
7.476486217029627568e-01
6.827993474859184175e-03
2.653671544965181539e-01
-3.609820795472549193e-01
-3.475260934077706310e-02
-7.600695361131926120e-02
-4.882614460942642509e-01
-3.635807006013012099e-01
4.302744344193740744e-01
-2.521912166736184346e-01
-3.270283237192508352e-01
-2.445391978150501799e-01
-1.434304306121667594e-01
-2.759188643301522248e-01
-4.180449530507059919e-01
8.872813505778767151e-01
5.937214224941129714e-01
1.045769652296169028e-01
4.678987896920085987e-01
-2.355351934351954668e-01
-8.511042680897480395e-01
8.589263892017440227e-01
4.743540147087879078e-01
9.579389995364175903e-01
2.378866187797807896e-01
3.513030240861594322e-01
-3.909982432073828562e-01
3.477129068701767522e-02
-8.855067031655554644e-01
6.896385459813636487e-03
-5.098016535067966259e-01
-1.129029619767241144e-01
3.325917745717354990e-01
-4.985492256634236341e-01
-2.578715929738093493e-01
-1.136396001977043824e+00
7.293044352501487637e-01
-4.081731967847712639e-02
-9.904241012123904397e-01
2.133949612241305971e-01
-1.092235794348450639e-02
4.339080425269230545e-01
8.697526540188071920e-01
-8.725190078913929170e-01
-3.508227093187787915e-02
8.782315067896711014e-01
-8.124829208716741746e-01
-2.906473553114246045e-01
-1.125036322915942133e+00
6.782631919832704526e-01
-3.933809662184160061e-01
-1.047541769044416426e+00
-9.319985356904236795e-02
-7.247313741183951663e-01
-4.524299557421658236e-01
-7.306567582015723872e-01
-1.054425096892941394e+00
-1.574228595224091976e-02
-9.140356814954753162e-02
-2.936711294089198176e-01
-6.769623249944460852e-01
-8.610945470533213353e-01
7.199785503080455840e-01
1.763738339417351142e-01
-2.466512815823591609e-01
-7.643739356505871996e-01
3.739129012655393325e-01
1.502610389387060152e-01
-6.256513999160020489e-01
6.008261354226016593e-01
4.740396666102260070e-01
-3.820349774281801558e-01
-4.377965675422395009e-01
1.020489900388067639e+00
-2.807466143188088736e-01
-6.275090342968114854e-01
-2.434299107760287129e-01
-9.724314179878632558e-01
-4.665893908336107287e-01
-4.669509828557387721e-01
-2.503720905293924659e-01
9.756433506863508853e-01
3.367573473757214941e-01
-2.514730858198248598e-01
-4.048044036379359056e-01
2.585632568419162780e-01
9.251132193182609598e-01
-4.623748780133478675e-01
1.041602622282111312e+00
6.210673087204279241e-01
6.635079236148655468e-02
8.240564811003885382e-01
5.437447609298970974e-01
2.464722185925793951e-01
-1.272839236447698141e-01
7.145843392811954686e-01
8.459022964246489806e-01
-9.046505754801090760e-01
-4.335211225847155347e-01
-3.935957646762764384e-01
7.603420738633248632e-01
-2.089223322023538998e-01
1.100102571186738487e-01
7.040652231494712865e-01
-4.660183525809449279e-01
1.196431553671386538e-01
9.064142138133686188e-01
-9.246846679530769109e-01
-2.090591838248876400e-01
6.524916066820116711e-01
-6.941867926926725829e-02
-6.567258335409853487e-01
-1.800880456254549955e-01
-3.422980140910301117e-01
9.480698143165966485e-02
1.248398621828474830e-01
2.862969914094346535e-01
9.760907997852008577e-03
-1.433682817832524492e-01
3.975060688804719078e-01
5.063658072195718063e-01
-7.777471983060477712e-01
-1.079613748583518884e-02
4.697023287651305168e-01
1.121691234245327351e+00
-5.317570930903672277e-01
-3.898279690948589504e-01
-1.318677222071542587e-01
-7.151941006002138224e-01
-7.186576969895259737e-01
-1.683970924338771269e-01
-6.729243547432997019e-01
-5.929728177757072061e-01
-6.863708374086296971e-01
3.197912899334980352e-01
4.327558445581969337e-01
-1.006693113787485494e+00
-3.616731194627531565e-01
-8.899463594618772788e-01
1.553788261583219921e-01
-1.113428249744163878e-02
-1.885435310188015023e-01
-7.909682857994440042e-01
7.423881632882434189e-02
-1.171169702164629456e-01
-4.451477253557918345e-01
7.942457394967750162e-01
-6.225681864139485100e-01
-2.315652725732491035e-01
4.473093794811155988e-02
-4.159540077222434462e-02
1.203303595318070407e-01
-6.648925354591987968e-01
4.668120176798806753e-01
1.953830894952224284e-01
-9.940112154227147556e-01
5.961114609320459223e-01
-1.803681667182424064e-01
-3.865964632051790417e-01
-6.049613522769323737e-01
-4.152891432205398914e-01
-3.710086398692027387e-01
-1.012399126654962345e+00
4.302838155312693758e-01
-4.925920288048093454e-01
9.569604435731795533e-01
8.659536847736726273e-01
5.783294922120614245e-01
-2.810499047232344338e-01
4.797012249026613162e-01
4.198772017648728649e-01
-2.298416555970481667e-01
-8.567052378163984017e-01
4.867737031951060445e-01
-8.630197435321900201e-01
3.749868637324045295e-01
-6.867685943489441058e-01
-3.358609768611771074e-01
2.856751976985147934e-01
-4.726857383450164818e-01
-3.914540724671553562e-01
7.929427918975431311e-01
-9.117907445876376471e-01
-1.291597679898730533e-01
2.235801816636993067e-01
8.870993646132490085e-01
1.733864130540005988e-01
5.131926562053203966e-01
7.640620892340566073e-01
8.764275537336541078e-01
-3.200136008592391335e-01
-2.815548848662601245e-01
6.245593567573664018e-01
8.183967569488102001e-01
2.526292443497046847e-01
-7.564368961972283145e-01
-1.751142169588693065e-02
-3.546162170100073396e-01
-1.015147914618089064e+00
-7.181612478103964747e-01
7.508696989027230373e-01
-2.483678863131562053e-01
-2.732626586823414527e-01
-7.365942241777645449e-02
-5.680443804001278352e-02
6.463671814731499765e-01
2.069658607461555277e-01
9.278037496352151692e-01
8.980841126869023583e-01
-4.012930634527291929e-01
6.543995760468384049e-01
-1.140626606498882367e-01
4.385557953266117082e-01
1.109230888387658709e+00
-9.744348878820483506e-01
-3.858634523650392723e-01
-8.354002646649796304e-01
-3.912911426782654800e-01
-1.000200679813879390e+00
-9.840730796137986403e-02
7.804207977283912356e-01
1.576384590800454788e-01
2.021197843218178747e-01
6.222605528407267883e-01
3.609235067285752052e-01
-3.764514641451723875e-01
-2.069472095464233163e-01
-1.068281933019075147e+00
-7.111313062385162809e-01
9.283476017343996745e-01
7.308433643053220408e-01
5.666775858132151455e-01
-5.145336922237300215e-01
8.091884891984069128e-01
1.713240017366679524e-01
-4.227166618381579255e-01
-5.046773004098978888e-01
-8.378748526374435457e-01
6.788313043449187845e-01
1.735015358754949943e-01
5.778671291237378327e-01
-5.619156321248706121e-01
1.033291807813661478e+00
3.745321892246522566e-03
2.915318813773986051e-01
-9.544636468036076238e-01
6.777305519958121138e-01
-8.404301604573269913e-01
1.447136417585284107e-01
2.696481107442485481e-01
-7.460445383557079424e-02
5.371505772763818243e-02
3.869029421918535050e-01
-1.025737961150632316e-01
7.160728068668831270e-02
-4.017257179645072895e-01
6.636165531133340068e-01
-7.140700683103133883e-01
1.800842301091805098e-01
8.117094821383847858e-01
-1.434119017733870294e-02
-1.883137870547759718e-01
6.269454862125289907e-01
-2.133740963289829651e-01
-6.119291289417310153e-01
1.877700050313926283e-01
-5.951544042479159913e-01
7.508822288718874916e-02
5.932322904260995955e-01
-2.908821734157509553e-01
5.446842519490413537e-01
-6.362725079054580846e-01
1.037469936692032135e+00
3.057273862529852337e-01
8.651761304279803610e-01
-4.746786082945568808e-01
1.091853767170485767e+00
-8.908853407752195253e-01
-3.902155838959409095e-02
-1.045232159145892847e+00
-9.614853668356895255e-01
1.044362710433302865e+00
2.938460600612833318e-01
-9.495345632049536633e-01
-4.340517874513949437e-03
3.191552571124844917e-01
-2.121207057088643211e-01
-4.799184068847122120e-01
-2.908932471880598669e-01
-6.602518957400036470e-01
1.170620829705288912e-01
2.750670651285069823e-02
-6.375896764843158593e-01
1.029109877341638501e+00
1.010155810187516323e-01
-2.912897235031088883e-01
-3.524736430708701462e-01
5.324326625792981105e-01
-6.532286685162693729e-01
-8.389444752517327686e-01
-7.150967556703484718e-01
-1.866366155208734057e-01
-3.966310802074399788e-01
-1.646386019672014811e-01
-3.412972360666604033e-01
7.547048076455986632e-02
2.331176500864984291e-01
1.380813282975124068e-01
1.055484609387846717e-02
-2.342761411905813773e-01
-9.235235185130461488e-01
-1.024240446665025672e-01
-5.180630707111362199e-01
-3.764841200280999445e-01
6.286453843095092253e-01
4.579820724720029546e-02
8.490121249316660013e-01
1.593981751919013590e-01
-3.124110281100112019e-01
6.065864113768606458e-01
-1.387352173752640638e-01
-2.617954424226329735e-01
-6.722071753230558500e-01
-8.162487330896111004e-01
1.002816496217739939e-02
2.832555660646196571e-02
-1.805936625513835381e-01
2.044831754695586312e-01
2.042655788176652720e-01
9.100849809521562861e-01
9.013252204078128216e-01
3.373126262757324412e-01
-3.390379534215970381e-02
-7.564922510315472692e-01
-1.941903127755217895e-01
1.038662103954296256e+00
-2.404752827091245493e-01
6.813175391806751691e-01
3.234194397274201549e-01
-3.398163361970123475e-01
9.631147157510930867e-01
5.391387590577565447e-01
-6.771749276303662413e-01
-4.718545668379467983e-01
-8.515083817730948468e-01
2.828428301377137188e-01
-1.173745754541108965e-01
-1.107109140458115704e-01
-6.673452830031783023e-01
-9.463642405684078440e-01
4.856937779562802149e-01
-4.966909879543734974e-02
-1.659458731914211782e-01
5.088854415216603755e-01
1.768152169912262650e-01
2.067231121634414137e-01
-5.383074536203178440e-01
4.287370277481663550e-01
-1.705434440500939175e-01
3.530809722134957696e-01
9.540131104180638033e-02
-4.596807573923413770e-01
-2.235613474634634557e-01
8.280467162324720576e-01
-7.088183189475119050e-01
-5.823905760234096007e-01
-3.155396261565401872e-01
7.184357111894179582e-01
7.196885247787188078e-01
-6.543560531935668223e-01
9.445690475267118913e-01
-5.201122011306811288e-01
1.726928332974244640e-01
-4.624776793150440213e-01
6.946054844583766652e-01
9.395081803874880677e-01
3.709655231031820932e-01
-4.382164289125043410e-01
-4.493423000290901470e-01
-7.859974058616128190e-01
4.137810168732123373e-01
-8.937575849451349086e-01
-1.166134449381228677e-01
-5.880374403320267618e-01
-6.797330865655721865e-01
4.011839433522172982e-01
-8.335337278574499464e-01
9.719845595498020074e-01
4.041825166241652667e-01
-1.495389507373579008e-01
-7.305845240993598111e-01
-1.061393016422788715e+00
3.977865256179713427e-01
-2.580916326600259936e-01
8.970840602059437785e-01
1.027825792468675559e+00
-8.102983943435297931e-01
-1.691014105682127067e-01
1.522372132110696441e-01
-3.102696645806624076e-01
-2.169899503190357848e-01
-1.662975636741066410e-01
-9.094395636207597278e-02
5.846640913032352671e-01
-8.970587373624905325e-02
-9.338570837966475580e-01
4.524988935425771075e-01
-1.105737150043663686e+00
-8.468798380460995645e-03
7.353683448929215771e-01
-3.797381061730806806e-01
-5.293487486554964150e-01
7.330368091468253411e-01
4.053326809506732076e-01
-1.093194504827305735e+00
6.104760126127981579e-01
5.034679732103644056e-01
7.571909531964839957e-01
-5.416689606529727641e-01
-6.074810739150446892e-01
-1.454282215335709338e-01
2.826928544201345872e-01
1.317131603907757409e-01
-1.619237299207521019e-01
-2.694835352049729238e-03
-6.796102642259196358e-01
4.338248033704239504e-01
-1.027101034445862204e+00
4.149318751513089154e-01
-4.750018919730116806e-01
8.874974219159064148e-01
-7.160742456905015985e-01
1.314114115498004054e-01
4.131471354575015908e-01
8.017972425792407876e-02
7.663329532375584563e-01
3.394792487061497610e-01
1.296286608170893473e-01
1.431238784669597308e-01
-7.297463528977337077e-01
2.318004447203758644e-02
-5.673373488344770621e-01
5.721020365773030747e-01
4.609153007876987118e-02
6.895966190567657250e-01
7.544115390990224768e-02
-2.602894733249367931e-01
4.086911020284222928e-02
-2.505473494625034547e-01
-3.366451555110403504e-01
-3.380948722956471642e-01
1.062710258001084540e+00
7.390562479868627577e-01
4.371825473583061950e-01
-4.152356265467513907e-01
2.190459015351660099e-01
3.513247015458205169e-01
6.523035702718793516e-01
1.207230246392985151e-01
-2.324385667692645541e-01
9.491606383886797005e-01
-1.097230875388304217e+00
-5.667277615992327711e-01
-3.865622166714546282e-01
7.462762319242344233e-02
-6.718781694060602661e-01
5.707095940917916721e-01
-1.364206154638223367e-01
4.171737857405357630e-01
-1.694959108649323198e-01
-9.748737090406667249e-02
1.640125127142937345e-01
-4.065656756345701339e-01
9.568298466589766349e-01
-3.049153914782065655e-01
1.488660809518718153e-01
6.926671529343755296e-01
6.147001029120460203e-01
2.235548353437399882e-01
-4.022398456228692964e-01
1.117966593948768406e+00
4.114135798196034699e-01
-1.154249653921548990e+00
-2.071841207899867143e-01
7.573794225399952396e-01
7.636436769825962756e-01
-7.768076415354432385e-01
9.439974067786849332e-01
-6.882807947400824133e-01
-7.444608125553688893e-01
-3.280167044003503563e-01
-7.318792346039337815e-01
8.937420365862962512e-01
-6.006843537255850407e-01
-4.033922449734905769e-01
-3.892049732824096608e-01
4.484618929237180751e-01
-6.512307406267865417e-01
3.245671334366004857e-01
3.389076577000267321e-01
9.881385868945997686e-01
3.799429275026238173e-01
-8.329304538321746776e-02
-1.169014593955530756e-02
-6.126322509885619993e-01
5.138583462074208796e-01
-1.132608558501528861e-01
-2.868010419502464714e-02
7.417406470097267501e-01
5.211305694082737361e-01
4.111597579197736607e-01
-2.709487565163390954e-01
9.438940213066171481e-01
9.256197030945854110e-01
8.204689855519866626e-01
1.131609598365699298e-01
-4.899643411031009421e-01
-5.288774744858670829e-02
5.451883005647584213e-02
5.126606323223654726e-01
-4.714103664442861330e-01
-6.088812525217681682e-01
6.193144450481042895e-01
-1.074771686760943368e+00
4.617259388887440252e-02
2.249705236203025649e-01
-5.096367244027124599e-01
5.757368764229902069e-01
6.088324121310861869e-02
1.010178486199859726e+00
-2.694854618592232853e-01
1.056059391893846566e-01
-6.877754908346869200e-01
-4.461319024304497560e-01
6.194175339716814221e-01
6.226175268621076953e-01
2.563440127012590608e-01
5.146544204381680032e-01
8.195595437751803658e-01
-7.677470892495676935e-01
-8.611455274017831840e-02
4.310417131939558999e-01
-3.774540352954875999e-01
-4.631095344949605064e-01
-4.676182925870229212e-01
2.007541257908389554e-01
6.415470159147673712e-02
-2.179403970511737398e-01
9.073976292706387170e-01
-3.021896071500709269e-01
-2.889212522064967814e-01
-5.662990117253663414e-02
1.542057640069574020e-01
-6.584073749755399163e-01
-5.626553119932466984e-01
2.978644537396295533e-01
-5.841297912546226101e-01
2.894210726150445723e-01
1.332038580528198679e-01
-4.510111980834174972e-02
9.717206667103717166e-02
4.061535355105361234e-01
-6.813642192784108431e-02
-6.990518376771062137e-01
7.814740282812415728e-02
-1.005675777619819300e+00
2.924464006445752773e-01
5.517577148254737551e-02
-4.595792386456301060e-01
-1.425264568227975204e-01
9.607151078864699656e-01
-5.505346958904686616e-01
-2.519968136383496926e-01
2.544811625408964773e-01
8.243759820110616587e-01
-1.409212128445407330e-01
3.639808235103263456e-01
-1.979491022690380575e-01
1.385412971628241507e-02
-1.340859574271231480e-01
-5.517701153035670103e-02
8.475203697044930706e-01
3.412452014562763480e-01
-2.152123880201246564e-01
-9.107076126245550185e-01
-2.521122608848980207e-01
7.178511711016088981e-01
-1.077036862091054203e+00
3.436072121531497103e-01
-2.769965492504971039e-01
-3.896674143200105078e-01
3.732531254419395594e-01
-9.204206547921387482e-01
-3.943684115739545248e-01
2.208034536831906536e-01
8.510365724817088307e-01
-1.891451924981559785e-01
-9.756687728263546688e-02
2.928435261598494321e-01
1.019831937102528840e+00
3.504694524060978367e-01
-9.120775418455817629e-01
-3.794496899733132977e-01
9.745386996392459977e-01
-4.679097644715994875e-01
-5.160521332420042739e-02
-1.712683142328854657e-01
7.594690302375406432e-01
-1.092729561892511470e-01
2.728351625137390712e-01
1.183961048084736234e-01
8.120802807038165483e-01
8.728409335475753039e-01
-7.924023561067894406e-01
-4.688895265211581176e-01
5.729825241398049940e-01
-5.658645616969018022e-01
7.854048028941580384e-01
-4.227408044017897382e-01
1.849299797052594840e-01
-8.551743713307136119e-02
3.614459891065031627e-01
4.519272760830013169e-01
5.139029467148255037e-01
6.946355953423921648e-01
-7.417648461648216340e-01
5.980348904320749170e-01
6.258522858501258668e-01
-9.225027089528659019e-01
4.392614956659723902e-01
-1.304802155373918637e-01
4.797491416090853278e-01
-1.080897367800134568e+00
1.069779700792724775e+00
-3.015203257571243967e-01
-5.991633389112926977e-01
-7.307906243625632570e-01
1.968950675116376559e-01
-6.512767370576888482e-01
-5.027680330600379222e-01
3.599782662253474541e-01
-1.105490787097425986e+00
7.676432472049317113e-01
7.762865465585546687e-01
6.921255452989161228e-02
8.564736727470823041e-01
-4.149403072753008459e-01
8.347878347609078986e-01
-5.618624415058981469e-01
-6.123609778459639941e-01
1.116645940647041257e+00
-6.412634926948079794e-02
2.394688902606674219e-01
-2.994370480898709275e-01
9.332158820848057701e-02
-4.816357654608767191e-01
-2.582754018967250431e-01
-1.221437956148037074e-01
3.627135843301534379e-01
-9.338925635823844829e-01
-7.711107640780046069e-02
6.382897770229032375e-01
-1.207855388178451506e-01
3.344347645761249765e-01
6.900731897499294831e-01
3.172621002350650699e-01
2.712382628540765950e-01
-7.272579572947259763e-01
2.396610543256443293e-01
-1.094146790408798697e+00
-5.622415956893007660e-01
-5.515645570031502132e-02
-6.498815798495511942e-01
6.764784968134476273e-01
-8.115505997571554886e-01
6.035817671916614557e-01
8.321492360095250618e-01
-9.241847679393799808e-02
-2.276561085142478902e-01
-3.000643493164840692e-01
-1.739251556976082469e-01
7.372291156330454953e-01
4.516578238898123487e-01
7.408383802506612881e-01
-4.166004144262336339e-01
-3.116335020509506393e-01
-4.184601948874080435e-01
7.342355301028220538e-01
-1.038923335560206773e+00
6.475563311203504924e-01
4.152108513737484685e-01
1.495938062210129260e-01
-1.087611536606383211e-01
-5.367389390853780640e-01
2.904520659828921936e-01
-6.420901257158595499e-01
4.075064016497940145e-01
9.132231719925236746e-01
3.930567608393706891e-01
8.362773626339246036e-01
-4.520558975193820217e-01
-8.884359163301178697e-01
6.286981821838626416e-01
-2.156140222593192490e-01
3.254975559667059315e-01
3.775284601388584349e-02
3.824126359257284946e-02
4.787722535671825597e-01
4.007118792378570049e-01
-1.348970976482490869e-01
-4.107556791543629515e-01
-7.564206984006656143e-01
-1.127662560580167561e+00
-2.105700955538001296e-01
-5.988386305723398806e-01
-1.875529123338042226e-01
3.854430453136377110e-01
-6.934630547356084307e-01
-4.005865921494624615e-01
1.267290263750764368e-01
2.982567892571132973e-01
-9.273246710450360197e-01
-9.950756885692975118e-01
-7.897552236194549380e-02
8.117929407458053248e-01
7.265589971629253796e-01
-7.610294767361711621e-01
-4.509798856546680668e-01
-7.120543180421510243e-01
-6.805186630043671414e-01
-1.671531758452680094e-01
2.233163545069292155e-01
7.412616051956977259e-01
7.477397946742216917e-01
4.708837939033649889e-03
-5.651022723385219493e-01
1.866049855970004501e-01
7.012728884983125965e-01
7.451428756491926819e-01
1.763033833756342261e-01
8.121764023282462830e-02
-8.758977118951030150e-01
-9.423934692992386175e-02
-5.587466128233762319e-01
8.596852043806402222e-01
4.627648593489439577e-01
-5.616491718120544263e-01
4.422466548361843053e-01
7.221225399198774042e-01
-3.107339765792946906e-01
5.168280381369925180e-01
7.913460885637526587e-01
2.005047701126247972e-01
-1.427533060625956196e-01
3.196246757948273398e-02
8.256310880990804790e-01
-8.847007074088413248e-01
1.914253278280551029e-01
-6.686709638460923699e-01
1.024793942746179631e+00
3.777307641971692220e-01
4.545795317235583610e-01
-3.190430046737429137e-01
4.620894735932203901e-01
1.062118343297374423e+00
7.159191786089653675e-01
3.525026513927533856e-01
3.264336822793980630e-01
6.389944801123883522e-01
7.408967413424649706e-01
7.529293589220484861e-01
-3.248997244688531794e-01
-9.937133617578179923e-01
-2.268827438918492589e-01
-3.151104390758598939e-01
-6.013007890218586837e-01
7.622362857162654493e-01
1.954454067955975205e-01
-2.349823646648951936e-01
1.226138310507245421e-01
3.693056889213410798e-01
8.191713041155734842e-01
-5.205902797317030206e-03
6.359406232678663784e-01
-5.110650823959428379e-02
-4.658385500048893846e-01
5.955463772500309005e-01
-9.466719557389673412e-01
2.713616955717421675e-01
-6.638566870842455003e-01
3.871590683929584387e-01
3.398478780459637250e-01
6.345425383455340906e-01
1.894711750784896509e-01
-4.160588625071621749e-01
2.485475223220774410e-01
-8.636441822842559901e-01
7.674914169941429165e-01
9.370639886720457667e-01
2.564447111799514900e-01
-1.111900490680140408e+00
4.542482308203084074e-01
-5.487382503999223005e-01
-1.138573847593180588e-01
5.229514637330066051e-01
-7.223848645047894479e-01
-8.201905792533530359e-01
-8.445284918974413912e-01
-1.450433469053145075e-01
-3.627813698261332931e-01
4.587486609274460392e-01
9.199610333064587309e-01
1.775594051515483329e-02
3.681180173613718409e-01
1.112632725938898837e+00
-2.305153115819731369e-01
7.662044989655436567e-01
-2.994649604449559632e-01
-5.248005676277340825e-01
4.874012113536831947e-01
-7.454399707182810531e-01
-4.972309633364417891e-01
8.112573540611398570e-01
-7.549182132727514372e-01
-4.230392795048629750e-01
1.001772987166593687e+00
-5.750001247956886274e-01
6.803879808168389332e-01
7.981769788692583134e-01
5.309879789675164830e-02
9.355660862520842613e-01
-1.162940524514397556e+00
-6.658669463119970544e-02
4.891056649899443443e-01
-2.772848594519885523e-01
5.780069534909335616e-01
3.596080557229894836e-01
9.288914743054945689e-01
7.553372942353711039e-01
1.101489064787148919e-01
5.905356079361654409e-01
3.037120141255158501e-01
-1.530036172757105462e-01
5.781561896722466898e-01
-4.596440832193859904e-02
9.430815225922550837e-01
-4.186359714509677588e-01
6.463144372886358013e-01
2.046679243345375099e-01
-1.871412402805558983e-01
2.979797987112986490e-01
-5.590015120190727771e-02
-2.527699606570097401e-01
2.279376748150063747e-02
2.259700850161845409e-01
-4.854192237627810158e-01
2.861495284469208755e-01
-4.492734821460766526e-01
-7.990648758172982369e-01
1.862425845215209819e-02
-5.957955510711405722e-01
3.665943631235002442e-01
-2.944150557447580141e-01
-2.485179149833172119e-02
-2.519353847747050068e-01
-9.390179589351648204e-01
8.942651133471635205e-02
-9.602517596326700655e-01
-8.006148354844366821e-01
-7.744371983962192729e-01
1.004565519952427266e-01
-8.600169988274828370e-01
-1.470032175832738375e-01
7.509635357734367744e-02
-1.471783910280217711e-01
2.394331626696244442e-01
6.108439827796274812e-02
7.889903881078570436e-01
-8.926034337421455689e-01
2.746928984465135670e-02
-2.627554132986755775e-01
-1.744972812995833067e-01
-1.035492000240936683e+00
1.008552466023690641e+00
3.051310382515417530e-01
5.290400307456124551e-01
4.201514285431118267e-01
8.993629642356442133e-01
-7.269784881610288352e-01
-9.062270962266945062e-01
-7.686752233944931234e-01
-5.054532145333503479e-01
-2.374668208811323566e-01
-2.686514807480202549e-01
7.937555459054470575e-01
5.612177233743222970e-01
-3.874072922211304615e-01
-3.295019843458693032e-01
-1.595176433559863938e-02
2.272667870979372395e-01
-1.080614466388478689e-01
-7.468248753903994341e-01
2.308170604307075990e-01
2.646658719564296547e-01
-3.876315531002294534e-02
3.718395611260563172e-01
-5.031718965479727856e-01
3.906367356229800691e-01
6.294521510292971911e-01
6.636278122114438460e-01
