6.789000000000000000e+03
4.881000000000000000e+03
5.430000000000000000e+02
5.180000000000000000e+03
2.524000000000000000e+03
1.543000000000000000e+03
6.342000000000000000e+03
6.539000000000000000e+03
6.733000000000000000e+03
9.249000000000000000e+03
9.119000000000000000e+03
9.237000000000000000e+03
9.141000000000000000e+03
1.543000000000000000e+03
4.630000000000000000e+02
1.010400000000000000e+04
9.463000000000000000e+03
3.266000000000000000e+03
9.375000000000000000e+03
9.693000000000000000e+03
9.849000000000000000e+03
2.663000000000000000e+03
2.230000000000000000e+03
5.290000000000000000e+02
1.298000000000000000e+03
9.751000000000000000e+03
7.529000000000000000e+03
8.060000000000000000e+02
1.036300000000000000e+04
9.569000000000000000e+03
4.220000000000000000e+02
1.017900000000000000e+04
2.489000000000000000e+03
2.664000000000000000e+03
9.000000000000000000e+01
2.450000000000000000e+03
7.293000000000000000e+03
2.220000000000000000e+03
6.910000000000000000e+02
1.164000000000000000e+03
6.287000000000000000e+03
9.685000000000000000e+03
9.278000000000000000e+03
9.371000000000000000e+03
1.299000000000000000e+03
9.019000000000000000e+03
8.671000000000000000e+03
9.855000000000000000e+03
2.277000000000000000e+03
1.541000000000000000e+03
9.571000000000000000e+03
3.872000000000000000e+03
9.000000000000000000e+02
7.842000000000000000e+03
3.314000000000000000e+03
9.936000000000000000e+03
9.623000000000000000e+03
9.502000000000000000e+03
2.347000000000000000e+03
9.391000000000000000e+03
6.844000000000000000e+03
3.818000000000000000e+03
8.846000000000000000e+03
9.874000000000000000e+03
1.960000000000000000e+03
9.264000000000000000e+03
9.650000000000000000e+02
9.973000000000000000e+03
6.840000000000000000e+02
4.545000000000000000e+03
1.573000000000000000e+03
5.300000000000000000e+02
1.978000000000000000e+03
2.730000000000000000e+02
1.178000000000000000e+03
1.009000000000000000e+03
1.499000000000000000e+03
1.389000000000000000e+03
1.356000000000000000e+03
5.453000000000000000e+03
4.196000000000000000e+03
9.156000000000000000e+03
4.800000000000000000e+02
7.931000000000000000e+03
7.610000000000000000e+02
2.260000000000000000e+03
4.038000000000000000e+03
9.491000000000000000e+03
6.148000000000000000e+03
9.372000000000000000e+03
1.025400000000000000e+04
3.660000000000000000e+02
1.492000000000000000e+03
5.970000000000000000e+02
9.982000000000000000e+03
1.476000000000000000e+03
8.959000000000000000e+03
2.239000000000000000e+03
9.544000000000000000e+03
1.688000000000000000e+03
