5.086000000000000000e+03
5.692000000000000000e+03
9.040000000000000000e+03
8.278000000000000000e+03
6.867000000000000000e+03
1.025800000000000000e+04
6.398000000000000000e+03
8.756000000000000000e+03
5.451000000000000000e+03
2.333000000000000000e+03
5.872000000000000000e+03
3.955000000000000000e+03
5.856000000000000000e+03
3.392000000000000000e+03
5.654000000000000000e+03
6.760000000000000000e+03
7.243000000000000000e+03
7.646000000000000000e+03
6.158000000000000000e+03
7.677000000000000000e+03
1.390000000000000000e+03
1.591000000000000000e+03
4.332000000000000000e+03
9.532000000000000000e+03
5.257000000000000000e+03
8.415000000000000000e+03
8.608000000000000000e+03
3.452000000000000000e+03
9.482000000000000000e+03
4.301000000000000000e+03
3.055000000000000000e+03
3.348000000000000000e+03
7.360000000000000000e+03
5.460000000000000000e+03
4.412000000000000000e+03
9.377000000000000000e+03
3.756000000000000000e+03
4.932000000000000000e+03
6.377000000000000000e+03
9.685000000000000000e+03
8.551000000000000000e+03
2.642000000000000000e+03
8.010000000000000000e+03
9.383000000000000000e+03
6.939000000000000000e+03
6.040000000000000000e+03
7.618000000000000000e+03
4.524000000000000000e+03
3.746000000000000000e+03
1.744000000000000000e+03
7.308000000000000000e+03
5.568000000000000000e+03
2.779000000000000000e+03
1.029700000000000000e+04
8.635000000000000000e+03
2.885000000000000000e+03
5.097000000000000000e+03
4.943000000000000000e+03
