-6.014449056613244693e-01
4.519027640206365604e-01
-1.324973250586527485e-01
2.021302569262370952e-01
6.737658949387048679e-01
-2.173269828864921038e-01
-4.731830737667683806e-01
6.710063267934440745e-02
-6.082142587229100172e-02
-1.380500693016983860e-03
2.949901926549607367e-01
-7.166623244770979895e-01
5.485529651741778423e-01
-1.931602772644049892e-01
1.507385393525781936e-01
-4.337485235818867579e-01
-1.301044137440063864e-01
-6.941506501752288116e-01
6.859684041107296792e-01
-1.250276931456912877e-01
4.033983997016212797e-01
1.450014109756123659e-01
2.015602980295643221e-01
6.774298962940941138e-01
1.037688039431490239e-01
1.755031526375185891e-01
-4.821666424765513881e-02
5.818708721046590426e-01
-1.575416073953537222e-01
-5.346586063929104071e-01
4.377780668249009466e-03
-5.042476524278285410e-01
-6.826839369638566524e-01
-4.964488065844463449e-01
2.919487978178603171e-01
-2.075375607772693698e-01
-1.568900179632644054e-01
2.742105810253896436e-01
-1.182755608486383281e-01
8.277353402653719883e-01
3.223093577948832333e-01
5.795152655964130872e-02
-6.019034522973454315e-01
4.122929703483197983e-01
-8.096294603087672570e-01
7.155200756744388713e-01
2.835064527345316776e-01
7.820885820800835830e-01
5.655012814435176338e-01
-6.406638393323484948e-01
7.220793716024367370e-01
7.501147948542037369e-01
-5.284551362949603259e-01
-1.347729478398198566e-01
-6.723923000897169544e-01
-2.144806278696966828e-01
-2.934604279541996874e-01
2.933590299029633641e-01
1.598988314839209224e-01
1.675531737780815433e-01
-2.953051947441531766e-01
-4.323391651046453177e-01
-7.934595074929990943e-01
6.902202239641850312e-01
-3.075064702655740945e-01
1.915885213191206304e-01
-2.695505880200990134e-01
4.204708368436618215e-01
-5.365250776617447315e-02
-2.881862857379804410e-01
-3.139394641750854476e-01
1.178030635329800901e-01
4.780994990158742297e-01
1.168899016562408022e-01
-6.993000957791597472e-01
-7.391557748768828873e-02
1.213014105202958604e-02
3.939749198424458143e-02
-5.035025230285592457e-01
-6.046921154495823458e-01
-1.170164876090851180e-02
-2.881581913918909166e-01
4.948145571616571203e-01
7.924372869754314763e-02
2.278264151291162776e-01
-3.614056374816900785e-01
1.390486969629032288e-01
3.089190637671537232e-01
-3.715041130993101959e-01
-6.595964960994216142e-02
6.683129986236400200e-01
-7.829273365541684626e-01
-6.500087276981618700e-01
-1.271221064661043343e-01
1.559950748116119001e-01
-2.278310135708352391e-01
7.216041944137732145e-01
3.391250953443289973e-01
-7.763779073048535651e-01
-6.828922988778609593e-01
5.787938317917271647e-01
-6.547848373029285796e-02
-5.309291060931355943e-01
4.637089722962928207e-01
-2.658199492043431533e-01
-1.329537744268023403e-01
-4.862713067009405421e-02
-6.389574722150062058e-01
-7.717328840541366475e-01
4.321672006847165903e-01
-2.394763112885538447e-01
5.336473560479735312e-01
-8.558927869649934905e-02
7.163790875193143393e-04
-2.135118056774460982e-01
2.787924716427738758e-01
-6.274219120489732404e-01
4.540659916320191059e-01
-3.645309337452840026e-01
7.196734773371655791e-01
-7.050741491441243625e-01
2.063742665178942559e-01
3.131339301970683664e-01
-6.110124400279692836e-01
1.053330256069209270e-01
1.069083816316673818e-01
-5.059446932432676292e-01
-3.325346688482264668e-01
-1.656735541916631860e-02
-2.900058471666842053e-01
9.443605790171716308e-02
-1.302530384815092646e-01
-6.175979701100251518e-01
1.078153742426488648e-01
-3.359183256183140287e-01
-7.318990700947480832e-01
1.535057214807347137e-01
-8.239656207448762260e-01
-5.959766335489149469e-01
-6.434277789870286313e-01
-1.157689328484687863e-01
2.001003038647137799e-01
6.907203735705991221e-02
5.016572280135047635e-01
-6.427486697648561176e-01
4.902218821559811701e-01
-4.677094240423063098e-01
5.856792275107149948e-01
4.572436440312674932e-01
4.548297751351952911e-01
3.717915146417283268e-01
3.085607278491462324e-01
-5.953482451183660373e-01
4.552955115735377589e-01
2.015929460308649723e-01
-6.950596926796670516e-02
1.192670445894430387e-01
1.217836636948952389e-01
5.121438072082789006e-01
6.772384616124718093e-01
7.049064174913377556e-01
-2.053388676606786589e-01
7.722518511567990629e-01
3.878041956947981816e-01
-4.969607543929175364e-01
2.187281140775620969e-01
2.600906195420114031e-01
3.833944306276144687e-01
-3.695683612479259139e-01
-7.039010013773072671e-02
-7.475504399698706948e-02
6.223682031558581684e-01
-1.677549921934167187e-01
6.185879454092173546e-01
-6.985966024012952857e-01
7.336044753440269517e-01
1.422990850683492070e-01
4.934232110178982111e-02
5.379878105689197554e-01
-4.614016779603860030e-01
-4.316362647661966534e-01
6.952877853201355762e-01
5.184342796376117946e-02
4.291563324114040512e-01
-3.481751652380449258e-01
8.546490085305613604e-02
6.864422310294635565e-01
-4.132169891005865736e-02
-7.428655455126431661e-02
5.316102789473831081e-01
-5.449621858934339258e-01
-2.889467600702495531e-01
1.738486464575945689e-01
-5.558051513554262968e-01
6.455848860497148678e-02
-7.241987797677857941e-01
5.393598942703494714e-01
8.333541910176478495e-01
1.286604937197397547e-01
4.705363926772010430e-01
6.084582075719415784e-01
-6.769613659675419726e-01
-4.887351912012860566e-02
-2.696516965359450069e-01
-5.976107039951745747e-01
-3.623934080510426980e-02
-6.524277234494215705e-01
4.822597872986502665e-01
-4.606761798425704768e-01
-2.065733329798957740e-01
1.006167278090117634e-01
6.333804151269495364e-01
2.160926505623628202e-01
5.652075660201081320e-01
6.331866507376666675e-01
-5.260100676168883993e-01
1.180909608082565398e-01
6.354242856200853495e-01
-1.345639163469698474e-01
-1.118283147887986217e-01
2.577280401181347713e-01
-5.682943418957897563e-02
-3.549506814027623136e-01
-1.997448060510276235e-01
6.810316223082057974e-02
9.498344907212619148e-02
-5.627231593864099324e-01
-3.481155249713143718e-01
4.813634812711597988e-01
-7.536978439501798022e-01
-2.866583246223619597e-01
-5.021433853915375778e-01
7.326669595691548409e-01
-3.389137261735140072e-01
-3.130368926236686278e-01
3.607896689168867965e-01
7.010564430042087736e-01
-2.842669514837332656e-01
-6.215476766648651008e-01
-5.386813138372570364e-01
-5.884563563488338644e-01
8.263924588994422393e-01
2.578310956803298026e-01
-4.550077910073753173e-01
-4.037781293214672829e-01
-6.839518059001168382e-01
7.617848553512800436e-01
3.328894721292607883e-01
4.832127093114033656e-01
-5.944923741124519267e-02
-6.972923361869618475e-01
-5.513760975706372136e-01
5.919518597186179676e-01
9.561431709990042549e-02
-6.093847158629577265e-01
2.027011074098243881e-01
7.273864695632017430e-01
8.336362340755076872e-01
6.497508250781089956e-01
6.528430757099270565e-01
3.984268040518967879e-01
-1.496652508932498904e-01
-8.206811946706666916e-01
-1.478226970453402345e-01
-3.370110408942110780e-01
-3.781515402332686904e-01
-1.324520189149946958e-02
-9.555940318877542694e-02
-4.020883319503099074e-02
-5.071468589364602764e-02
2.502877001902650278e-01
-6.802341626562702359e-01
8.271542590459031175e-01
-2.219075170975131073e-01
-6.412612143761373673e-01
-7.535847007344793624e-01
-7.981991912903030340e-02
5.940487693998299790e-01
3.124489631700271275e-01
1.834021620967103416e-01
-1.497851213096996759e-01
1.738370033427472094e-01
-1.943666501963612347e-01
-5.205921724251894034e-02
3.269855548505242737e-01
-5.279609028611176313e-02
-3.576256459106978980e-01
1.384757322125409473e-01
-6.438958587853633730e-01
-1.812019100117092663e-01
-2.359972784389618994e-02
4.654489057353297099e-01
-1.229499385383387988e-01
3.632261289758709211e-02
2.142337350246448224e-01
-1.524418502292235189e-04
4.205440036403640391e-01
2.404071242413028386e-01
-3.542103345443141649e-01
-4.412730468793117922e-01
-3.188077334554000331e-01
5.614403117842101665e-01
-3.237198905587410636e-01
-2.560442161576883535e-01
3.463995376539337201e-01
5.168502012497731002e-01
6.298443775791433552e-01
-1.428868483998959604e-01
-3.796275879608561610e-01
3.357201404662912836e-02
-2.029880740216585266e-01
-7.397533423438806821e-01
-8.435296383915957819e-02
-6.627072550203827461e-01
4.338730543843771770e-01
-5.313956387365115219e-01
-3.949714960369190564e-01
3.864429212348685638e-01
1.293397774550228974e-01
1.251911689190698951e-01
-6.113016187765829557e-01
-2.002146359685346155e-01
-5.420293280794252766e-01
-1.462206941400392424e-01
7.583484956876791472e-01
2.632622113389340157e-01
-2.523577975488979774e-01
-1.618201992778560694e-01
-6.302949082581887907e-01
-2.204930006851206770e-01
2.779802395558350625e-01
-3.794487820879606232e-01
3.322566057555231822e-02
-2.352469739044558139e-01
-6.660619572286030632e-03
-3.912924818061487287e-01
6.627537358376764942e-01
8.234207069898049625e-01
-1.639102526710116692e-01
-6.012560801320674386e-01
7.772550018931312366e-02
2.513104134459087646e-01
3.294720830549060508e-01
4.122112561812514286e-01
-3.732150207499804750e-01
1.720984336425699368e-01
2.562114157543078363e-01
-3.486427368055373677e-01
-5.978807711255216262e-01
1.650420339347320464e-01
-4.963038219095237125e-01
3.717554487882317460e-01
-3.818853085391893387e-02
-8.839892758560097263e-02
-5.770924338273051291e-01
6.388505638102506268e-01
6.596022416895479523e-01
1.076170816981969480e-01
-5.736232313784075387e-01
8.399909416680975127e-01
1.331977566422262171e-01
4.503524378349856860e-01
5.312846919809892654e-01
6.904837708485356274e-01
-6.049609113217080392e-02
-5.853238757818406413e-01
-8.147154099819742257e-01
-3.607352172785667221e-01
-3.648988439042906151e-01
7.668803238357497776e-01
-3.607584493273332527e-01
-4.420550985929230237e-01
-2.743946738585636425e-01
-5.245873349729270885e-01
-8.026014992342922483e-01
2.915104760726627831e-01
3.087043679984935451e-01
-5.627999784381625403e-01
-3.377263200127202936e-01
3.453816973150285463e-01
-3.223365891315230769e-01
4.830151821348742658e-01
7.128496125897942903e-02
-2.167871626381367989e-01
3.977715021614276480e-01
-2.791040807557729764e-01
-2.099429459507442530e-01
-1.209318593473796000e-01
4.852506527632671762e-01
2.230978150049365283e-01
3.672948048048478853e-01
4.047979360056084275e-01
-6.548464194983258935e-01
-2.271387317726070165e-02
-6.445214894498416669e-01
1.828593544470304977e-01
3.390626048387392899e-01
7.313056455708171200e-01
-3.136280878854380560e-01
-3.342067092012124263e-01
2.078560454026430193e-01
-4.421701981210706123e-01
-7.521710247787787296e-01
-4.042192478960018320e-01
1.298670402646804334e-01
7.679751064129591853e-01
3.903612054165321865e-01
6.946316894757931237e-01
1.846427618750121624e-01
7.635339004476051628e-01
7.823904748230141593e-01
-1.999750480713000655e-01
-2.959744189159518868e-02
-6.663331209719167703e-01
-6.810368382926998976e-01
3.398694224325087276e-01
1.148056410826212570e-01
-1.618084008021041242e-01
-5.533800560612469610e-01
1.778263441636260822e-01
3.015812324591005122e-01
-6.359957214902198785e-01
-3.475303965427034569e-02
7.469130464475011166e-01
-6.548716377064778271e-03
-5.077934114103417329e-01
-2.385786498762882957e-01
-7.819640471565332263e-01
-6.058329128492445648e-02
-4.468598044260279067e-01
3.104345186820802738e-01
1.150580381015808840e-01
-4.168838402454246861e-01
6.391487450831352390e-01
-6.102865418156389055e-01
2.682366317610540563e-01
-7.688117654361956710e-01
-5.373026978737085457e-01
-2.110738224010209052e-01
4.633620391482207168e-01
-2.545794428794048159e-01
-4.463086640908118241e-01
-3.634125179790954618e-01
5.002922758596302089e-01
1.122684404104123956e-02
-4.087530955280573863e-01
7.102926123228767707e-01
4.095831782744374649e-01
5.378168559092655343e-01
-4.472252697569025770e-01
6.964932380384762922e-01
-4.718258014934608724e-01
-4.406787603896020755e-01
7.654729783779412600e-01
4.329355445243532330e-01
-4.915842026336143533e-01
5.023172231535069088e-01
5.608542737741775142e-01
-6.718228748719505816e-01
-2.769709962331994291e-01
-6.838024626115197790e-01
7.086069336640621330e-01
7.124423296265733896e-01
-4.163999576164876260e-01
2.537445830834537119e-01
-2.043110140141664033e-01
1.923726420986504593e-01
2.422093641046165757e-01
-3.991764037364493589e-01
-1.189006019938547709e-01
7.477449349586002825e-01
-1.081900812783640475e-01
-5.257412467963913372e-01
2.336307407116331447e-01
6.546795611800497738e-01
-4.780290226543648657e-01
-6.764640804157480147e-01
-2.733714809377270072e-01
5.872491551830663070e-01
3.544697433937606945e-01
2.866501939201180349e-01
-1.902575017206693531e-01
-5.152835165279903151e-01
3.055938526956722967e-01
1.902226480124635799e-01
-6.297034747794176823e-01
7.765823607135935447e-02
-6.536153166205824760e-01
2.545883219749569548e-01
2.160434925039975695e-01
-1.260748263883018083e-01
-9.640560519088037239e-02
-5.568204744028086850e-01
2.971420179414430152e-02
-4.704718439204089719e-01
-4.152467423759826914e-01
-4.142183904486040902e-01
1.880378862248832661e-01
-7.265981436294666196e-02
7.464792198011682700e-02
7.090657047564006277e-01
7.141779685659006560e-01
3.620226316389505428e-01
5.646184599259918002e-02
-1.037619049218623246e-01
2.356768041987056250e-02
-5.407137921043512208e-01
5.059938900080656055e-01
-6.289535525643037417e-01
5.398063285424488100e-01
4.697497316684975388e-01
6.100474624266718493e-01
1.958628887305335908e-01
-3.608516815862383709e-01
6.722889330014414355e-02
-4.751444147314742850e-02
-6.219633859431192846e-01
3.631193697479009330e-01
-2.171651228679536416e-01
1.104695866826617134e-01
-4.701963236866770757e-01
-3.012719470282014811e-01
-6.659253274892149577e-01
-1.319450559635679809e-01
2.266006385838705839e-01
8.258641002242042006e-01
2.044869081818401213e-01
-7.075362036302070834e-01
-4.364219912494711195e-01
4.147151094520413750e-01
-2.472986570499022818e-01
6.265770118084725837e-01
5.899059334832710277e-01
-2.721745046636119270e-01
6.798405649201448853e-01
-1.079000192162169469e-01
1.027020846668591503e-02
-1.627847520028939954e-01
5.437375649910460851e-01
-8.201008123211401823e-01
3.097566270940355082e-02
3.234975186255892865e-01
-3.608799807152154315e-01
5.613883933350756195e-01
3.740086312697137316e-01
2.899351836700283513e-01
-5.471450907148458498e-01
-7.740647259718489437e-01
4.370680834703852824e-01
-5.025529197982336882e-02
-1.963817328276800112e-01
1.711107374895952660e-01
-6.690586987432425303e-01
4.537505291200085722e-01
6.309317020815639054e-01
-4.547212023761790789e-01
-1.243584048916090978e-01
-3.297071255247203680e-01
1.036270310903333325e-01
-1.808017200961842263e-02
-4.149056259885854914e-01
5.617825273776499984e-01
4.367482620942677585e-01
4.888299643700433350e-01
1.742362520470148723e-01
-3.595698599211374358e-01
-5.880485973033602320e-01
2.764998824483280160e-01
3.721747158251247356e-01
-5.200990321584040288e-01
-1.342022443170840518e-01
3.456383166499019666e-01
2.214365548584478205e-01
-2.460167950394653857e-01
-7.123120736418382393e-01
-7.171758964373733392e-01
-3.405676325564082063e-01
-6.264598866161810164e-01
-2.384033568422463389e-01
-1.740498523088760408e-01
-2.486638924401667339e-01
6.374758770262101137e-01
-1.688642073968091850e-01
-1.904847063363233062e-01
-1.285339731729768786e-01
-8.104693883262319432e-01
-4.796280327082804718e-01
-6.268485195664608156e-01
9.557200650021524524e-02
4.196754660514665503e-01
-2.942070988820288946e-01
4.334734379591491660e-01
4.455804449399956013e-01
6.094962363485283419e-01
-6.024471621427904822e-01
-3.301422795641562047e-01
4.986757672902086824e-02
-5.310129590848564618e-01
5.099282141938292767e-01
6.455087899500160376e-01
9.827001724638861901e-02
-3.511898702484970158e-01
1.451248365586890188e-01
-4.751088707761477181e-01
-5.815989250581754533e-01
-6.697551524707288095e-01
-6.205221038353503360e-02
7.588906254415794805e-01
-4.766920362361979358e-01
4.604265131508125108e-01
-2.953394450480031352e-01
-4.979200504965417551e-01
-3.903391492274099761e-01
-5.092768469696089539e-01
-4.299833633105034636e-01
-6.168219089258331067e-01
-1.038269535214766393e-01
-3.033914212654309495e-03
-7.506982348611979106e-01
5.457554802547530670e-01
5.231083947622972019e-01
2.997982844987667761e-02
1.767817628234187310e-01
-2.954410046984419225e-01
2.605550564444332196e-01
-4.962713774935068045e-01
3.402970422338462697e-01
-1.564305861036237033e-01
4.102285816495330195e-01
-5.626941612482889710e-01
-4.368430788742196924e-01
-2.621489503990250824e-01
-7.597833301954768359e-01
-9.860148942710367237e-03
2.608683801880760100e-01
7.482400741489128038e-01
-5.094453642158338624e-01
7.436138218769636765e-01
-3.899466445791572866e-01
-4.814964880106380463e-01
2.818416242887913370e-01
-2.767399624354629495e-01
-3.757827261352018056e-01
-3.567524964848276525e-01
3.704129211116704568e-01
-1.880150514935223782e-01
-5.661621603453443896e-01
5.174261246384901369e-01
-5.352949509133200223e-01
-4.934953313067467207e-01
4.041227513277592109e-01
6.702487505026111236e-01
-1.934167467309420019e-01
-1.126236079582803029e-01
-2.122346472719183197e-01
2.578716625951269492e-01
-7.413356164042106400e-02
-6.555787997636617348e-01
-2.967490305151976315e-02
-1.226011298927707216e-01
4.143492460147681911e-01
-1.855715012061596170e-01
2.889977255943261270e-01
-7.073744633461807041e-01
7.171586271130809820e-01
6.213543422085354706e-01
-7.830130667976407111e-01
-4.579187705766436522e-01
6.821782962757225732e-01
5.269270046244036720e-01
1.039302115371505408e-01
-1.319306865708016474e-01
-3.504916797568427000e-01
-5.118598469491866254e-01
-5.627457664397796933e-01
6.953048642818338010e-01
-1.246720539108974179e-01
6.422578730972006156e-01
-4.616775513891466787e-01
6.565477374926249610e-01
5.335357941804552695e-02
1.802379241480522865e-03
-5.510245294105997615e-01
-2.385215557335538250e-01
-7.926438108035096519e-01
3.023789787521575789e-01
4.800317594091829676e-01
-4.285018591714671032e-01
-1.495931085434323293e-01
-3.504224222497196450e-01
2.850594103049086669e-01
-1.658857699793117035e-01
2.643064877384109224e-01
-6.933108318711642681e-01
-2.258571228816093068e-01
-3.912538286558300271e-01
-4.971435545724300908e-02
-6.143457677699366570e-01
-6.449937004645471816e-01
4.101848991523668886e-01
-2.874134700793753439e-01
3.139383952546594969e-01
5.282956967369312196e-01
-2.203178468721525007e-01
-1.572407635713437557e-01
-3.481329833197435164e-01
3.208015723343198289e-01
2.462160385802114604e-01
5.096433990999678088e-01
3.362053380150875626e-02
-1.293500825229108031e-01
7.218888805526049168e-01
-9.346868493719462379e-02
-5.243742896798426756e-01
-4.370661037486014422e-01
3.651474455298266975e-01
8.008693022187074462e-02
2.779332010223836136e-01
2.494365589392169014e-01
6.606465728132704385e-02
-2.700000025864071063e-01
-5.165272343652649312e-01
3.864357577466996929e-01
-6.175608029477928085e-01
2.713823987357475431e-01
2.959066992380519068e-01
-5.998051797958101616e-01
-1.603811456489978582e-02
7.686718366047839979e-01
-1.005551930139398920e-01
5.184968030162924180e-01
-1.656123565424456601e-01
2.307239988907507922e-01
3.184812179922813513e-01
-9.036130252601815016e-02
2.158896372602070457e-01
-7.284209726540904484e-01
8.246273905399252868e-01
-6.892265945290247942e-01
3.849974966821179123e-01
-4.711918089408237975e-01
5.578621789319875290e-01
4.052739537781295809e-01
-3.046553135757577024e-01
-5.363957826485901137e-01
8.150112244044604992e-01
-5.478136882938597907e-01
-4.585045431240830638e-01
6.145163519157970100e-01
-3.114610097673571332e-01
4.082700786221851175e-01
1.103877349886195347e-01
-4.293639722386686230e-01
-2.036543782897206611e-01
4.883453070940895202e-01
4.600562442014677345e-01
-5.210032424237347470e-01
-4.644399775201311087e-01
-6.432096314907695955e-01
1.203782540800233392e-01
5.794666163438844109e-02
6.491801699390107316e-01
3.110523692861359990e-01
-1.862489300550045357e-01
-3.496803284982581417e-01
4.975344209429692910e-01
5.786708232747734826e-01
-5.575384604662607657e-01
-1.183363396215506569e-01
7.248148394707145670e-01
7.432627770371302844e-01
-1.262091047616591410e-01
-6.236259881974834940e-01
-4.466995770678172661e-01
3.797890043452838427e-01
2.752581077065343607e-01
1.555342945975848323e-01
-8.027676125228637716e-01
-5.106484016534720283e-01
-1.492029125975449233e-01
-6.912629305058501927e-01
-2.331934810312894513e-01
3.201620864986303161e-01
-3.808968652423319057e-01
-7.630466567890268337e-01
1.985226201951126868e-01
-2.045586554848988214e-01
-6.662285906809737313e-01
2.845797761537411930e-01
8.032184463509217665e-01
-2.663197186593126986e-01
-5.854843505115843172e-01
3.082401208936191850e-01
7.217253439630857414e-01
3.671162556557963086e-01
-6.300759739470862542e-03
7.145014213604428122e-01
-3.167883741441457346e-02
3.954937499822976932e-01
3.183023736255874425e-01
6.991963414886210870e-01
-1.481271925937726053e-01
-1.291330894568236687e-01
-6.479414772721261429e-01
-8.439203186815138480e-01
-2.370313473139411542e-01
4.953534816713780486e-01
4.226999925628582844e-01
-3.847657567445894600e-01
1.033354516061830708e-01
-5.732476796608994007e-01
-4.799324338587682703e-01
1.273730579110967653e-01
-5.027724178104762132e-01
-3.214424927418351174e-01
-3.517983434192384351e-01
5.400150199321451794e-02
6.226057295677991377e-01
7.082410564805599051e-01
-5.344689577977410622e-01
-1.505354405064416312e-01
-1.875177449778018257e-01
-2.547225085859832205e-01
-1.691595456264938235e-02
-7.188869372027442139e-01
-8.539650708864625628e-01
2.145096624898688020e-01
4.528800528991894225e-01
-1.664816457299522767e-01
8.171537359386249477e-01
3.732997444762240491e-01
-2.116806304387690574e-01
5.396610360394991091e-01
6.062882585675257729e-01
8.356110722620044839e-01
4.427165298684352379e-01
6.434253704210028957e-01
2.555311819428318643e-02
7.029130580170415143e-01
2.138596093275797472e-01
2.399205115975835412e-01
1.179186766883280058e-01
6.778691039136077734e-01
3.824497734195286824e-01
2.366274267142305376e-01
-2.981546521181082099e-01
-1.577459186027576621e-01
2.132483593606107064e-01
5.445955451385504631e-01
-2.399973431579027761e-01
7.356442156354239259e-01
5.292884115052753913e-01
5.248013334599841428e-01
5.354225462327866225e-01
-7.638992477022359395e-01
6.453892973981147918e-01
-7.340869091464794494e-01
-6.237442686812002535e-01
-5.356424221973021815e-02
4.373358961842814807e-01
-4.434896404261934322e-02
-2.425108239862181492e-01
-5.526067848140856498e-01
2.228662239949308344e-01
-2.560681487868370354e-01
1.033253812778953673e-01
2.563946421534257780e-01
-6.767971974840989446e-01
5.489363232781130364e-02
-2.671497994703120327e-01
-4.215805591256724938e-01
7.730807717455467909e-01
6.213907806389205035e-01
-8.071217169645388267e-01
7.447478998983312337e-01
3.966873702999773599e-01
-4.731421116678014016e-03
-2.979276152452756676e-01
3.097389231698954859e-01
5.582642568688260809e-01
-2.785881097173383836e-01
3.548944148489692196e-01
4.034461379521481206e-02
-6.873678615815066451e-01
-3.150266801861514310e-01
-3.729013064483464035e-01
-1.553389307395924845e-01
-1.032127804522282588e-01
-4.626148289820006809e-01
5.860062631252160870e-01
-2.947668702049615064e-01
2.367934912751454846e-01
-2.896013971207151982e-01
-2.541682107371991961e-01
-3.523996264309499082e-01
-1.215105698979339621e-01
-4.807838340134544808e-01
8.162785073220923948e-01
-4.345269435418304127e-01
4.700025267949614616e-01
-7.636830319738132644e-01
6.735268039301196552e-01
4.636919536141004272e-02
3.602308368994746601e-01
-9.673635168899430425e-02
-3.686077609183895376e-01
3.212344333056034174e-01
-5.215183903175795166e-01
-5.737546543205551686e-01
3.569201872527427710e-01
-3.593423587072201997e-01
-2.239764978625871095e-01
4.026258809301310748e-01
-6.376859766822384756e-02
6.080689639597700591e-01
3.181063689627325886e-01
1.014544746409997700e-01
6.220294211911605586e-01
1.335851899283815314e-01
-1.695482823993117449e-01
-2.581678695283748937e-01
1.100710699008580207e-01
1.299890450323548663e-02
-1.246502327984675418e-01
7.383844706408906333e-01
5.873336884807214275e-01
-4.960688264922117341e-01
-2.641939401750725835e-03
-3.626123642370071565e-01
-9.423334328888266498e-02
-5.458851827318254024e-01
-3.479803995614183521e-01
-5.805319595137570232e-01
-4.685016462263567050e-01
3.542777362771349914e-01
2.670131538655162728e-01
-5.827378592136520652e-01
-1.989259691772149452e-01
-4.787776407298993675e-01
2.629245450721287014e-01
-1.674590558262440965e-01
-6.430409740443145949e-01
1.238293064240094665e-01
-8.307841545454932586e-01
1.926121759938927980e-01
-6.198288430069727184e-01
-2.215847633440990450e-01
-3.606189164296615957e-01
-6.675070740413939774e-01
-3.281024250175228474e-01
-3.857950273561598920e-01
-6.981585503635958645e-01
1.525466419565848497e-01
-7.068014078778972475e-02
-4.292724365786533269e-01
8.457838340595582594e-01
-4.127679639092942665e-01
-7.100319108618302621e-01
-7.698147415108813618e-02
6.317705714889330082e-01
1.180230781154030240e-01
2.155538915963184365e-02
-6.671471639268009568e-01
4.908608516415196021e-01
-6.874863023956763186e-01
2.083067150374677823e-01
2.830000820210774037e-01
-1.503233268555010937e-01
3.653539916009398425e-01
3.524051639788172707e-01
-4.443104066120611151e-01
-4.948073991466888089e-01
7.946934964767695675e-01
4.989890459661117106e-01
-5.312026470228481401e-02
-2.925611562695333845e-01
-4.421809149618178836e-01
-5.822261787475095929e-01
6.442800322509629751e-01
2.799026059925857624e-02
-5.125975780943523574e-01
2.979612682154755277e-01
-4.729608352104008873e-02
-4.625876040852050508e-01
1.592963821646264932e-01
7.129195396820353636e-01
-1.943454828298927239e-01
5.167878846574813778e-01
2.536298115133126529e-01
1.243172779120893523e-02
3.532126723869399854e-01
3.842173575691987253e-02
-5.014326245512892299e-01
7.383423066718748373e-01
7.586223778872636103e-03
3.420765496798816585e-01
2.401778459108330210e-01
-6.892676324857127668e-03
-2.360884338437738705e-01
-4.471928138190452984e-01
6.959188312674751131e-01
-1.897582354241142966e-01
4.131024897854533862e-01
-2.999559214904916615e-01
-4.167706120690093385e-01
-5.287528285404672346e-01
1.891871951371477678e-01
-5.900087023333187020e-01
-6.686383378303268898e-01
-4.136310158592975128e-01
3.494789126478670127e-01
6.098811294236980984e-01
-2.123288882891785079e-01
-1.227918040031861224e-01
3.227162150814404384e-01
-2.552479352412202473e-01
-8.195381015145812853e-01
4.566542222052465405e-01
5.475770640697632530e-01
1.955541731032095498e-02
9.268283578405611678e-02
1.416787855538279572e-01
-5.385396994979210206e-01
-4.159889857135290470e-02
-2.277795713934995803e-01
-3.689318041038633922e-01
-1.622812682720340405e-01
4.598222555818836099e-01
-1.996529443616488209e-01
8.315800935438035779e-01
3.761386079957702577e-01
-4.356312384633174162e-01
3.391611057951147146e-01
-2.419690630834443468e-01
7.424213060719617729e-01
2.985036008559287524e-01
2.024567475831915431e-01
-1.379478182935605091e-01
-2.172667865544148924e-01
3.947152394507824624e-01
5.813421678105523682e-02
6.400298731864051405e-01
-7.180929150947665818e-01
1.807314049446917537e-01
2.433683359739449159e-01
5.495001129023613373e-01
-6.401195678423610147e-01
-3.122079750032478174e-01
-1.750214122971005537e-01
-3.006864856551407783e-01
5.847994272556338302e-01
4.566570705546055819e-01
-6.909817256680312880e-01
-3.480650962860964981e-01
4.938226323770953385e-01
-2.355482815479374992e-01
-4.882474882561238516e-01
-4.600315054593542285e-01
-7.309071198668348757e-01
4.904001426272692754e-01
-1.093662324911228723e-01
-4.650813644921463208e-01
-1.092725992501826227e-01
3.145652074814897503e-02
-5.980759868330558504e-01
2.485909976725428905e-01
-4.737956749581471172e-01
3.141441691117776713e-01
-1.709996609747639340e-01
-1.857335225782810184e-01
3.838360409132288709e-01
3.754498816945002204e-01
8.941484602285498795e-03
1.178801309180794732e-01
-4.728079742163791011e-01
-6.797850127595106429e-01
-5.512876669559307885e-02
-2.342942555709282004e-01
-7.527260442181384903e-01
-3.897240505851060632e-01
7.579870582885783747e-01
-6.169941213668845847e-01
-4.810539104908730934e-01
-5.295856383709374171e-02
4.942172138301259565e-01
5.937178204920767755e-01
-4.612354779029788077e-01
5.219081343485232338e-02
9.087568190237593768e-02
1.742374400750996699e-01
-3.697026952287529866e-01
-1.089146765049378018e-01
6.253411861644044833e-01
3.553951458667761187e-01
-8.150149529702854778e-02
3.900055158783413134e-01
3.263734253740491198e-01
2.150645025413622236e-01
3.801869629831582387e-01
2.602348462211718783e-01
3.866683244467594704e-02
-2.319606451824505200e-01
-5.178636505007627733e-02
5.084435805130063102e-01
-6.996761648821534507e-01
-7.670413303816632222e-01
-5.893399110317432132e-02
-4.006377770685052297e-01
-3.518806141642976115e-01
7.819396612756595033e-01
2.090922454787138562e-01
2.159147894437651871e-02
5.995822713522365177e-01
6.060369466368538127e-01
6.793827341022584676e-01
-5.910265370917864303e-01
1.915972993848269468e-01
1.195566042849822708e-01
8.342766864533448512e-01
1.786634289072885906e-02
-6.736975009000536474e-01
3.902576959696997250e-01
4.123659672069903692e-01
-1.568960290614365150e-01
-2.000835428581693165e-01
2.369643982781024505e-01
5.713053894336805882e-01
-6.118633794883603372e-01
-7.490933433392266139e-01
4.318455352309236162e-03
5.272689136190402692e-01
-3.152659585021941879e-01
-1.267242384762745644e-01
1.037705055518891584e-01
-2.111618406248325641e-01
6.206025905482279725e-01
-4.022439207933281580e-02
5.069894969517028116e-01
-3.344986198146084888e-01
3.634216285807898572e-01
-7.293898905185214332e-01
4.298867905340708617e-01
-3.147515883407239201e-01
-1.874797636398914946e-01
-6.154491180105123860e-01
2.663784386925902581e-01
3.972178383223647913e-01
2.026733208582207624e-01
-8.466735007792447476e-02
-5.145600425426550828e-01
-3.860979818151060172e-01
8.667400990286999729e-02
3.683177380230073794e-01
-6.271858236047851420e-01
5.284002076936742398e-01
-4.598286033564740194e-01
-7.792912653633070619e-01
-1.017395554395168489e-01
-4.697118313868635653e-01
5.314644862850030904e-01
-6.527313576971849329e-02
2.356383400955319729e-01
-1.970936946383528010e-02
3.739071276095096152e-02
-1.144701899056341787e-01
2.453912343129882601e-02
2.254558062616327518e-01
4.947848801239418393e-01
4.251027158697802122e-01
5.946385443030699491e-02
5.213922734187708130e-01
1.798725663483535797e-01
-6.947256447060459195e-01
-1.470847971214901406e-01
-4.065231490051965935e-01
2.441179491506364485e-01
-5.045009482686699798e-01
-9.537315826380066142e-02
2.431575669973229381e-01
-2.983585325398676602e-01
3.491253904149616005e-02
2.558308330464189595e-01
1.448396103623110776e-01
-2.884036350578949026e-01
-1.203828441057828158e-01
-2.172000132683038487e-03
4.766038438656856613e-01
4.444290776534760568e-01
-5.442838165041630205e-01
4.662499955424870279e-02
-2.993068343547928833e-01
-6.071330632679909911e-01
3.359029916238398528e-02
-2.602185722564422932e-01
-2.757360207016796849e-01
-4.805256590956705764e-01
6.549870006638780495e-02
-3.837950907739813289e-01
-7.680384205151433719e-01
1.296944212777004779e-01
-8.850414515104443325e-02
1.229706295310917241e-01
2.958324862856489545e-01
-3.645467156499302419e-01
-4.542101822927859800e-01
-1.553673604607723746e-01
-2.507317090490870370e-01
6.294265456074921161e-01
-5.291507654753102585e-01
3.532831938923619575e-01
-4.539719819988983218e-01
3.702907405849877875e-01
-2.362920903285026242e-02
5.902728723681303080e-01
-3.467429811561117958e-02
-9.200739269437008261e-02
-7.256965632819571965e-01
-4.452732465428157482e-01
-3.018565344490111713e-01
5.321796204053104162e-01
-6.455398388980331248e-01
-1.982962964784160675e-01
-6.256505153782043749e-01
1.087453611676103549e-01
-6.689235556508492664e-01
-4.500043971333127502e-01
-3.521322166267086828e-01
-3.179681647449221771e-01
-8.245354315374839871e-01
4.856744501992125151e-01
-4.809265882348761068e-01
1.165827831490950928e-01
-7.477616772994792882e-01
-7.480482266906340882e-01
7.536604469213692425e-02
-5.804176951859147948e-01
4.930470808484361811e-01
-2.397927605607392820e-01
3.134100757979059182e-01
-4.459798330592699145e-01
-2.606018485096672777e-02
1.078335891895543242e-01
2.273886383703205283e-01
-3.054265178929007618e-01
1.305185276515832271e-01
-2.406220956738005512e-01
7.218998250935086958e-01
1.666062693399430472e-01
-5.694517517723785005e-02
-3.340599025540953448e-01
7.200170967427110824e-01
-1.489615139276008193e-01
6.742432976205936512e-01
-2.212101038078788662e-01
-4.721196616978575733e-01
5.828561827041447430e-01
1.855837658606853680e-01
6.789317509800945061e-01
-4.818438356335903450e-01
1.961012648438398287e-01
3.770214315150663964e-01
-4.658198741174608415e-01
-6.792911715232738956e-01
8.082636601413710764e-01
5.066438576461607113e-01
3.720635491294466135e-01
6.303066560330510271e-01
5.614995545065095683e-01
3.438368597544982919e-01
-7.980485666955594581e-02
1.685353025330647014e-01
2.685784807871725022e-01
5.657244381555273094e-01
-1.925226415402132574e-01
1.215333742320936494e-01
-6.801936654444631358e-01
5.739019141419765546e-01
-7.993169269991531323e-01
-3.594236152218455160e-01
-3.670772847616827761e-01
-1.625806439499939415e-01
-1.446838314479901300e-01
-8.240409550082095080e-01
-1.065041854945363298e-01
3.978119705863285560e-01
1.582984589735794145e-01
-3.910646329411093802e-02
6.797085184880815589e-01
-7.983819028230509929e-02
-7.052743301730686198e-01
6.242491548996262907e-01
1.875561229896947069e-01
-5.761873297453190546e-01
6.274029505268652329e-01
-6.961371099474540358e-01
-4.501617148418759484e-01
2.907154298999801156e-01
5.894200958065729523e-01
4.246126822241169663e-01
8.085767687066267584e-01
-1.167695241665258621e-01
6.826975529075873794e-02
-4.231868412210451069e-01
5.761373175278849956e-01
3.325908420198508963e-01
-9.285003190729845812e-02
-4.903631941235095937e-01
-4.966592968513783291e-02
-8.183162851869605348e-01
-7.828956011214138755e-03
3.823319925987522794e-02
1.690188912364032348e-02
-3.434876818590257841e-01
8.214443692108028827e-01
-4.119212189261292067e-01
5.225821181339416199e-01
3.691570337937646329e-01
-1.465131744860999063e-01
1.211772056289106558e-01
-3.379512240611486362e-01
-3.158048760813407796e-01
5.791307686385049891e-01
-4.257116406568250966e-02
-1.066260866176929056e-01
-8.447760967144724020e-02
7.640543824518992722e-01
3.734736575076169629e-04
9.106889719989119669e-02
-6.083694183762915486e-01
2.990861878297392806e-01
6.165037883175799038e-01
3.976220136661110516e-01
2.101534824707593785e-01
-1.244858397963000129e-02
-6.098624364658089547e-01
2.849623224459048032e-01
2.689439096271906138e-01
-3.381808874047003144e-01
-4.761140955666780528e-01
9.096973482874393113e-02
-2.812988607666300211e-01
3.904858843725858009e-01
6.485924756341079345e-01
-1.665387826100603874e-01
3.693518554463679493e-01
-3.066312640815711532e-01
-5.896317614691248821e-02
6.848279924812583630e-01
2.504523850412274655e-01
-4.480280201632638182e-01
2.044941046085977376e-01
2.243523795615764982e-01
1.156843272607810391e-01
1.603491314477256680e-02
2.417933052245029302e-01
-5.978775299014653655e-01
-4.817932051918791814e-01
4.060038523587969905e-01
3.742234801542556610e-01
-1.911157006561285954e-01
3.358544466064738998e-01
-7.082988487945174327e-01
1.856603911868788259e-01
-8.144730698083435527e-02
-9.743953863195908838e-02
2.410596502051198797e-02
3.071456006173889364e-02
-1.695641629920903171e-01
-5.787970897132463932e-01
-7.175847656954736919e-01
-5.951965692158989185e-01
5.987429858501158719e-02
-3.831682172322361524e-01
-7.480802618684743166e-01
6.735094367681249139e-01
4.502895211108945972e-01
6.250209209277226563e-01
-3.737132074965998640e-02
-3.128901950265294829e-02
-1.287555075177602149e-01
2.215828454301957962e-01
3.651505759390030192e-01
5.459374616990508855e-01
4.458304613729406896e-01
-2.560050739643591200e-01
-1.481859289541294089e-01
5.610198797069507748e-01
-6.511638664392007669e-01
-6.878979062658228116e-01
7.260601425109047824e-01
-3.709468496095951195e-01
-7.177668907336176574e-03
7.115317304286783440e-02
-6.971330888038433926e-01
-7.158981195884148718e-01
-7.083051446520158834e-01
8.529208341784926262e-01
-3.679346532430542993e-01
3.788187892346472907e-01
8.343166410118252330e-01
-4.831575707920130469e-01
-6.604634047980635358e-01
5.810014563713563618e-01
2.005190436018118305e-01
2.237949263485807805e-01
-2.976626284219987539e-01
-5.049203525504442069e-01
-7.680138265154532462e-01
-2.648614611936874752e-01
-1.747093040696956479e-02
-7.468980820390678232e-01
-2.374450599848607624e-01
-6.311681622836662342e-01
-1.441665431016936338e-02
-8.521738358435451133e-01
-6.527227286576717802e-01
7.094629913444974179e-01
6.383850141266247391e-01
2.683195871699410873e-01
-2.865070676948464623e-01
-6.816339323870579392e-02
1.372836345333974251e-01
8.270865113357821485e-01
2.603167989359880252e-01
-4.488046225404946910e-01
-6.806118542629935320e-01
1.345672816929521787e-02
1.804624518009410039e-01
1.092065071635115459e-01
-1.448453245919614218e-01
-2.205117368222602181e-01
-4.323206509836508005e-01
7.685469656276167072e-01
-4.593888721762056093e-01
-1.267729383486972949e-01
-2.900887335611805895e-01
2.854341108638260849e-01
-2.286311321775631455e-01
3.952359987226294891e-02
5.337305007547756830e-01
2.273910986837632819e-01
3.383684815210754593e-01
-3.067181363199162902e-01
-4.075502204223901970e-01
-2.303550387211403816e-01
-4.384246503055502231e-01
1.788924189543887877e-01
7.241410664154219745e-01
1.228746386343404495e-01
3.323500704374282577e-02
7.137718790717446637e-01
3.900117730541818872e-01
3.347376312244207952e-01
-3.174269501628117496e-01
7.168882991280254302e-01
-1.500401518231511133e-01
3.385013540166692536e-01
1.774727315076143341e-01
-3.058470156752655100e-01
1.408064419946599699e-01
-1.394446595063421057e-01
-2.563445699716346837e-01
2.274892958580405633e-01
9.094920782086823863e-02
-3.019913445927198126e-01
7.493101610364849563e-01
-6.155648330643561650e-01
1.839416236851221242e-02
1.073701993310249847e-01
-5.504965001693111759e-01
2.635301248522328166e-01
3.251250490973855989e-02
-6.865128832565243755e-01
-6.226529593117593464e-01
-1.661182086484735976e-01
-1.701641490714731475e-01
-1.519706729962955194e-02
1.867749676016741134e-01
1.849995416448289021e-01
-5.442756976085574294e-01
-4.725590206158107875e-01
-2.730144560740557225e-01
2.506657239493392808e-03
-1.672482896964151422e-01
4.868528953969430972e-02
3.025747692582996251e-01
7.968484539346532003e-01
1.460790212277558453e-01
-2.426395849432596563e-01
-3.746576320676568983e-01
-7.640286180411637318e-01
2.673982371718777173e-01
-3.478130911353938259e-01
-2.986733600962931945e-02
2.711281572651502714e-01
3.117357038873089792e-01
1.372875990174762251e-01
1.532631562169957107e-01
-1.030546611124707468e-01
1.561809903587976223e-01
5.061482722710497484e-01
-5.109981115598341006e-01
7.214304768629382636e-01
3.561920843678691995e-01
4.853188488377204735e-01
2.467694537237417052e-01
-4.061015909631144893e-01
-9.435902050701017174e-02
3.459687728657669936e-01
-2.275926880679621789e-01
-5.723260307362796340e-01
3.828993454479023839e-01
-4.812692557038937835e-01
-7.171706197346523481e-01
-7.405575675370963395e-01
-3.816714437973569574e-01
1.339546211692965727e-02
-1.837613041398684643e-01
3.379842516311040157e-01
7.411209396073257238e-01
5.655378279776570594e-01
-3.158185665547303955e-01
-1.546031149411479788e-01
7.158030828749692986e-01
-4.328528135669174048e-01
3.362481163541044538e-01
-6.117073670318919909e-01
-6.471694316906235755e-01
5.150284040745649605e-01
-2.570988634252646676e-01
5.933534391039394507e-01
-1.967235892362122485e-01
-1.598747641031597055e-01
4.486157122728808844e-01
6.027433620363584765e-01
3.102543251817380110e-02
-4.074111577309871279e-01
3.872793321639713682e-01
-4.862287275127537001e-01
-4.586866801575570918e-01
3.775857815750693902e-01
5.915677911812666778e-01
5.870843991304655063e-01
-4.085921465871589220e-02
-7.198701383922223584e-01
6.021998914319581786e-01
-5.968916961523698106e-01
6.661125652068466962e-02
4.139401519318433031e-01
-5.773452326812300583e-01
8.135537192903719017e-01
-1.263437925893713398e-01
-7.607865829640996225e-01
2.796166187701700778e-01
3.429115928982557904e-01
-5.106848481656900418e-02
-3.834218557269881700e-01
-5.409759018155426702e-01
-6.292655624604961417e-01
6.218972091752830167e-01
-3.792114415328393662e-01
1.096246030097880464e-01
8.562110892764707160e-03
5.167467407454129358e-02
4.370518566174776964e-01
5.191093691170101110e-01
-5.791666757542817123e-01
-8.049894540913760110e-01
-5.638527048632377969e-01
5.975201697622303243e-01
7.133528834475866276e-01
3.488702767542770644e-01
-4.101600491701509199e-01
7.954687548099439454e-01
3.603466748479515758e-01
-5.927136379104958053e-02
5.323504317666074570e-01
6.459909488770145813e-01
-3.513495059630082906e-01
4.162177303423009178e-01
-8.254010674023959382e-02
1.252840634613043846e-01
-2.779688810790696962e-01
3.637085355525311314e-01
-9.575630830283543560e-02
-2.303763643254006510e-01
-8.225686503163878172e-01
3.392038352655450950e-01
2.040032332457899500e-01
5.205069059953153499e-01
1.863046766893532435e-01
-2.309610670679305144e-01
6.171633514508751972e-01
2.355793707175308782e-01
7.157554493898317105e-01
-3.226343665516324677e-01
2.828677864372295403e-01
-1.123977441000825195e-01
-2.546696306280313848e-01
2.018448237917072063e-01
-2.627772984792411393e-01
3.540601139646124551e-01
1.013824564214802493e-01
-3.231330456240275595e-01
-2.932057780249763823e-02
-6.910717682872933310e-01
-5.268943883158634378e-01
5.428283621825178429e-01
2.624269447959211021e-01
-3.258303802706397079e-01
6.921968838086032250e-01
-8.665156038743493383e-02
1.285491134914353850e-01
-1.696254173600122428e-01
-1.110596881728929120e-01
6.301979209858590281e-01
2.094430546577852326e-01
-4.700868917719889239e-01
-2.246846866785912056e-02
-5.127130737080634049e-01
5.927725124262837042e-01
-3.713908730050556883e-01
6.155391885683965114e-01
5.493009704665920978e-01
-1.463991414521688128e-01
8.214896107563429695e-01
5.411563424084420149e-01
8.905655751595542569e-02
-2.322121054118770900e-01
-3.045974841919321108e-01
-6.855715037231817632e-01
5.135687465192511070e-01
5.994648507964974726e-01
7.015337634326215266e-01
-6.858014594059040903e-01
2.278219418941596075e-02
7.670978855444321454e-02
-7.956007038095496142e-01
-4.666135777803859241e-01
3.428240565578422050e-01
-5.179321753505083947e-01
4.837956034490709101e-01
4.464368294625575828e-02
-3.948995577480243213e-01
-3.319945167097788641e-01
1.535086156643625799e-01
-3.366059584642657754e-01
-1.318568407434543843e-01
4.277996323024657599e-01
5.027024500035146559e-01
7.210211476509567063e-01
-7.870649505382409927e-03
2.342415404431967829e-01
-3.366278212568420969e-01
-2.447856075491641192e-01
2.211029596733249392e-01
-7.779720105564784660e-01
4.234537555427611011e-01
2.390306292252786236e-01
-5.375873602063485635e-02
-3.108044673736305441e-01
2.295525219043259568e-01
2.293313107613279556e-01
-5.062850328096111241e-01
-6.247836468373257901e-02
2.911903501217469881e-01
-7.595981569421415003e-01
1.533808389154174279e-01
-3.115984817195007750e-01
1.201379048555430984e-01
2.431776588203486966e-01
3.361944049195635387e-01
4.655253181132001927e-01
2.426845937748458581e-01
2.243881831008742722e-02
5.181396642224704863e-01
-2.879095334590973110e-01
-3.422205423022273152e-01
1.347660620708870383e-01
5.138047779414396388e-01
5.875951670331813759e-01
-3.330681881361918784e-02
-6.872373843412322714e-01
-2.193322783137467979e-01
-6.925030271389251979e-01
-7.564678030664975239e-01
-2.340833878857280226e-01
-6.248206499539934455e-01
4.838271035497232475e-01
7.747404897058363105e-01
-2.927230570042826940e-02
5.998142222202940133e-02
-6.311691539936195028e-01
-3.869930920570778810e-01
3.311113746354097387e-01
-5.661349453572581680e-01
-6.355794065917566016e-01
7.222392702361997152e-01
2.888143510179599360e-01
5.265286856450321906e-01
3.138333195653810748e-01
-7.484908127963993962e-01
2.927391638378873395e-01
-2.176843529403456046e-01
6.043197047664268240e-01
-1.560852376846106893e-01
3.847792385889379219e-01
2.500152225011511575e-01
-1.527229621382835134e-01
-1.863999081335574459e-01
-8.291969918681942886e-01
4.506492548908802576e-01
4.203185133909332905e-01
-2.011105314160035462e-01
1.822277314758737887e-01
-6.578489874768234102e-01
7.189137608588049844e-01
3.838523993151534697e-01
7.425907236321247495e-01
9.676003459429960429e-02
1.534702897048152437e-01
4.653801567375399628e-01
-6.130265352359396402e-01
-3.890889868304032717e-01
-2.431170789296466239e-01
-6.457730753954589176e-01
1.192202675928788480e-01
-4.777843099346137379e-01
8.746982096983213495e-02
-2.933659216659272317e-01
2.139340821626154465e-01
4.302236724164076875e-01
-4.106048737902288082e-01
7.987469817084846824e-01
-5.421957020356584778e-01
-3.635945172897852018e-01
4.813215986312080474e-01
-5.525368636411833734e-01
-4.829829354787555928e-01
4.159154256041954767e-01
8.975636587035040748e-02
2.889913298409840792e-01
-5.417580991803285784e-01
-4.255099393690997545e-02
5.770153675057549947e-01
-7.727677506512620198e-02
8.407041561752137682e-02
-1.206896471546690108e-01
-9.980091085531306305e-02
-1.830489957147438673e-01
9.879788090477514828e-02
-2.608120353882803499e-01
-4.100826179894756507e-02
5.581151246226712104e-01
-3.006796151652171289e-01
5.340956690565077380e-01
-5.139555555603703141e-01
-6.997268595970771443e-01
1.404533822232165718e-01
5.300867538699094439e-01
5.466881951643101090e-01
5.807003777752601792e-01
3.032455457550984335e-01
4.654983313816032364e-01
4.316964560507923210e-01
3.778432798798636583e-01
3.344344469047912938e-01
-1.937644831331475359e-02
-6.008874855140104998e-01
7.159834085550631499e-01
-3.131539524198174718e-01
-7.508436231731643318e-01
-4.936849151437705530e-01
-1.993538218679216101e-01
-1.344280849176033854e-01
-4.968465709396916452e-01
1.904597319465253236e-01
-6.810569724838630989e-01
-5.069840826956149016e-01
-2.554740586560235727e-01
4.138045610412675046e-01
2.585818055224820000e-01
-2.295910948338573121e-01
-5.848539777766950110e-01
6.604873625071947529e-01
4.216746268650206630e-01
-5.796822208599463622e-01
-4.792805905696404523e-01
-1.224767250509577465e-01
1.289358822189665688e-01
1.989661336368797606e-02
5.819236453610763249e-01
-3.024986997008278777e-01
-5.203674024494624462e-01
4.009614480793608493e-01
-3.289638515674608854e-01
-4.346794394927879779e-01
1.617283491144316798e-01
6.581969785953294405e-01
-9.305970683226583162e-02
4.274349099856156187e-01
6.492722100622572157e-02
3.173401346074111729e-02
-4.301008323907655750e-01
-6.457851741792222100e-01
8.156247565854872761e-01
4.278993417940260002e-01
-3.771165438885937249e-02
4.612184564075860749e-03
4.351239885140252284e-01
1.134383000559155974e-01
-5.075137340639868100e-01
-8.534652588001279128e-02
-6.302892602049672277e-01
-5.986991827838581415e-01
-3.124439078391860747e-01
-2.590918370014021477e-01
-1.234164067445497892e-01
1.794735924666781557e-01
-1.127183399034850098e-01
-1.881577035651620378e-01
7.469941498140233449e-01
-4.387771756119107636e-02
-2.097318125539917588e-01
3.634216671510337449e-01
1.495597679192890439e-01
2.592195173383480267e-01
3.745205229662378343e-01
5.431711943978978496e-02
-6.692236311814525607e-02
5.540725048505779071e-01
4.203109039643653233e-01
1.484807350282313365e-01
-3.677944057902848840e-02
-6.825496227463077048e-01
-2.160432606608351236e-01
1.695115589434790238e-01
8.512280820566040518e-01
-2.028424087537761267e-02
2.880375845052887129e-01
2.024813289774849423e-01
-2.571802870932033969e-01
1.560187448446281877e-01
-8.643508465237292882e-02
1.585873094327974187e-01
3.239171457509462115e-01
5.860188952302891607e-02
5.915310596729366210e-01
-5.456940563410315193e-01
5.128345806525524964e-01
-4.044740938095827687e-01
-8.307416496157937758e-02
-1.293503665145117054e-01
7.547634087182464313e-01
-2.467813263110318900e-02
4.821412835911225159e-01
4.624956332194845032e-01
-2.969036361015877645e-01
5.757615547797634292e-01
2.620181276091848588e-02
-5.247350739758411819e-01
-3.631297720970252385e-01
1.398951556268546170e-02
1.827112795017438174e-01
2.588154210801709709e-01
3.738831926441585907e-01
-3.709434639230071440e-01
7.274372920115634855e-01
4.212217786907510586e-01
-7.068084584602019049e-02
5.726934659877276346e-01
-1.027374244683247895e-01
4.519493873997868505e-01
-1.501000992523637834e-01
-2.262138165664744349e-01
-2.027300129545048790e-01
-5.522250226546985274e-01
-1.488772669438516161e-01
4.025499585449496820e-01
8.148971913218296947e-01
6.230471832183273051e-01
-4.654260825531055801e-01
-5.789471959477596741e-01
-2.477283903366007678e-01
-1.062232152963726861e-01
1.622951112799952966e-02
-9.989048616114626356e-02
-6.528030840821053005e-02
5.961381742152340735e-01
3.258871643816974029e-02
3.481430174755137941e-01
4.468261569477549600e-01
-4.743149887717752478e-01
3.273208001739558171e-01
7.556200306481040130e-01
-6.540854290073614408e-01
6.480350565237991134e-01
-6.844588675100560238e-02
-5.305377162120192835e-01
-4.066234303708604614e-02
5.401416005334542803e-01
3.593754992680500138e-01
7.323425748088672194e-01
4.102080231667759591e-01
-3.951199899026667239e-01
2.488382147678613876e-02
-7.856739214834549401e-01
-3.986573800760524477e-01
-4.720892743856532903e-01
-2.134340104642973301e-03
1.671077433870085116e-01
-3.853918127634683444e-01
-3.354319193597889992e-01
5.241989586656892186e-02
-7.914141103125125198e-01
1.553356656157038884e-01
-5.889959328466591870e-01
-5.580463782808964268e-01
3.251956829838782426e-01
-4.834811658361450881e-01
3.347382744709275215e-01
-5.489063770414848165e-02
-3.938616349460462018e-01
-2.312923496426542158e-01
-2.125010143399457263e-01
1.874567484402120954e-01
5.770368446118396832e-01
6.168236467714818261e-01
7.976036808583408799e-01
3.732011375667720898e-02
3.251344935174600437e-01
2.436907078088079714e-02
5.259390069331617568e-01
-2.289253737661134380e-02
-1.939390605772315368e-01
-1.725452909196061313e-01
3.734421322187788661e-01
-2.312836067151184949e-01
5.978622925307588432e-01
1.030753775577810671e-01
-1.896906903216688534e-02
-1.528779047417900827e-01
3.207689901812909028e-01
-2.087137031800967435e-02
2.373497200674385965e-01
6.844542050573902969e-01
-3.173030052552672231e-02
2.412546483503943406e-01
-4.868070101137913497e-01
3.050853723328303957e-01
-3.755284600377093440e-01
1.259654709881434798e-01
-2.694948051396579558e-01
-3.858607640809097461e-02
-3.739116359428393821e-01
-5.721876058671613308e-01
2.174961205233350015e-01
3.649111340407866777e-01
2.339469217101965981e-01
-3.172472079805626066e-01
2.443028055578952973e-01
-1.028275236981537333e-01
-1.972969994416429174e-01
1.283328155882399457e-01
-4.223952673209812048e-01
3.953563125678449808e-01
4.358973793819220788e-02
5.032433349482445806e-01
5.202159056967268214e-01
3.658936091825975012e-01
-9.681618554371596019e-02
2.022447256752402112e-01
3.161175796629258627e-01
-5.931070253223431621e-01
-1.291067517866864023e-01
6.351421055440278352e-01
1.655412065156909307e-01
-6.703848163282968287e-01
-6.621662670980903442e-01
7.423651292920396827e-01
7.500885049675893868e-01
3.431597261966405910e-01
-8.263555406189535546e-01
-2.255882452212398803e-01
6.142744856169981560e-01
-5.225587585950908220e-02
-1.930621147309778962e-01
-7.993739251302987014e-01
8.281935730695888509e-02
-5.598536608181081675e-02
3.960847168796846063e-01
-6.346912901939223417e-01
1.143992949013483695e-02
6.526002752458381906e-01
2.438951627183252313e-01
-2.816617650808836970e-01
4.839557482788467979e-01
4.611990977629565336e-01
-2.858334529774300137e-01
1.187435017161568851e-01
