1.462000000000000000e+03 0.000000000000000000e+00
9.340000000000000000e+02 0.000000000000000000e+00
1.913000000000000000e+03 0.000000000000000000e+00
1.472000000000000000e+03 0.000000000000000000e+00
1.426000000000000000e+03 0.000000000000000000e+00
1.505000000000000000e+03 0.000000000000000000e+00
1.675000000000000000e+03 0.000000000000000000e+00
4.400000000000000000e+02 0.000000000000000000e+00
1.411000000000000000e+03 0.000000000000000000e+00
1.590000000000000000e+02 0.000000000000000000e+00
1.868000000000000000e+03 0.000000000000000000e+00
1.234000000000000000e+03 0.000000000000000000e+00
1.513000000000000000e+03 0.000000000000000000e+00
2.490000000000000000e+02 0.000000000000000000e+00
1.340000000000000000e+03 0.000000000000000000e+00
7.820000000000000000e+02 0.000000000000000000e+00
9.440000000000000000e+02 0.000000000000000000e+00
1.822000000000000000e+03 0.000000000000000000e+00
6.920000000000000000e+02 0.000000000000000000e+00
1.786000000000000000e+03 0.000000000000000000e+00
1.382000000000000000e+03 0.000000000000000000e+00
2.430000000000000000e+02 0.000000000000000000e+00
1.001000000000000000e+03 0.000000000000000000e+00
1.680000000000000000e+02 0.000000000000000000e+00
2.700000000000000000e+02 0.000000000000000000e+00
4.550000000000000000e+02 0.000000000000000000e+00
1.194000000000000000e+03 0.000000000000000000e+00
1.695000000000000000e+03 0.000000000000000000e+00
1.992000000000000000e+03 0.000000000000000000e+00
5.000000000000000000e+01 0.000000000000000000e+00
