-7.178145098700436932e-01
2.428484048837677989e-01
9.359625987050179674e-02
3.578090385934151740e-01
7.694127348570658498e-01
-4.940607943577015604e-01
-6.514316952205776445e-01
1.778472177517365083e-03
1.822301464034996599e-01
-2.730208538289504716e-01
-3.346333862035866247e-02
-7.851339130163266233e-01
7.235554698708392962e-01
-2.393383153889798720e-01
1.444464393160940219e-01
-2.100105406009227238e-01
-3.282507454542225034e-01
-5.079375366697567173e-01
5.186515874408303972e-01
-2.695410148221224489e-01
2.334749612320488055e-01
4.252526422332039147e-01
7.437110006297764642e-03
5.160147455194961097e-01
-2.022519452889088853e-01
1.963308914546493256e-01
-3.140364361051304343e-01
4.454824912833181827e-01
1.492904563338584012e-01
-3.690685643685185369e-01
2.311789324800361811e-01
-3.270749912351229582e-01
-6.493177717662375059e-01
-3.357200566584310764e-01
1.386789898767819551e-01
-3.317888336346790368e-01
-4.264046006775332742e-01
4.071422164171503155e-01
1.865837884823227100e-01
6.613759699216199550e-01
1.538751078334321676e-02
3.241497819806591352e-01
-6.909093418444109957e-01
4.076058210970154860e-01
-7.386325994429423503e-01
7.392043741670573098e-01
3.012356401551947727e-01
7.557906993773428894e-01
3.984517706651136137e-01
-3.963902700987889105e-01
5.432892538044029607e-01
6.361010505236750490e-01
-5.699836536281877031e-01
-2.666026840386788166e-01
-4.319794288009184413e-01
-2.858774015542238089e-01
-3.762009733948490364e-01
1.237363051033026906e-01
-7.492346984146269762e-02
4.340781873893018172e-01
-1.377300929902069981e-02
-3.568503252763299827e-01
-6.800046540871864664e-01
4.747328854521661867e-01
-5.276455029722271206e-02
8.656933852263293261e-02
-4.531068616929463388e-01
1.625316761901673956e-01
4.359433653292832389e-02
-1.716104613851081595e-01
-2.744026209456533749e-01
-2.053635188946234535e-02
1.920322751226199998e-01
3.292423298412288091e-01
-4.354422271809701428e-01
-2.586917524828269421e-01
2.520310012198123673e-02
1.071201904135428151e-01
-4.349409716838747997e-01
-4.132930341781886341e-01
-1.928032888133222045e-01
-3.107231715696592289e-01
5.837158198948602106e-01
-6.793591612950677927e-03
2.627264880290987037e-01
-8.064027890263858467e-02
4.243914522952030310e-01
5.330548643469068537e-02
-1.277329535399935878e-01
-2.403934721249889606e-03
4.656331441214547340e-01
-7.423268881645981310e-01
-6.442937488886277819e-01
6.827882929693718239e-02
2.472169167827997782e-01
-2.386985197583353369e-01
6.409532196175424801e-01
4.552073405062939671e-01
-7.289565006193869934e-01
-5.379030849726795793e-01
7.018294800724671489e-01
-9.616425542340767407e-02
-6.370226664166045438e-01
2.442838259837474268e-01
-1.872504527545002517e-01
-3.355219993842570858e-01
-1.449285541594775850e-01
-7.465352356367249698e-01
-6.123971376019685664e-01
2.953175389376427873e-01
6.339787273434449588e-02
3.901376214127889597e-01
-2.325964514952669759e-01
-7.237163620093056693e-02
-4.406946721087381391e-01
2.522319627619218352e-01
-5.098774419049476592e-01
4.449195276793824760e-01
-8.640353145421020287e-02
5.977359262256962680e-01
-7.594211771234711250e-01
4.019418440426933969e-01
-6.950029953837422170e-03
-5.223296634896579249e-01
2.282579544716023534e-01
1.712111072182871396e-01
-4.599313527995061435e-01
-1.188013900077775631e-01
8.866238803683668124e-02
-1.313017842147647940e-01
-1.220647622988533243e-01
-3.134236386149069631e-01
-4.137904704057602245e-01
-5.537139661490719789e-02
-1.113824772370044514e-01
-5.898048411168925753e-01
3.295650170184449834e-01
-7.054405210570990903e-01
-3.462424238029591095e-01
-6.136456936133862783e-01
-1.406345433725402216e-01
1.172202329678011523e-01
2.562241536991951563e-01
6.697461001707338824e-01
-6.315922154115387599e-01
1.943740610731197194e-01
-6.012717542846797159e-01
7.263698468333492642e-01
3.976531930286109073e-01
2.089817474650104145e-01
2.500589314152268372e-01
4.202966358506907696e-01
-7.374996280785426350e-01
2.222067350094238947e-01
4.092849973361527560e-01
1.040579584513023903e-01
-5.390902359789961906e-02
-1.778682962307751581e-01
5.010256299265449798e-01
6.648641558576242616e-01
5.585394412650366291e-01
9.770196458091362501e-02
6.582616840723289897e-01
8.215307464314491881e-02
-3.429194171956737591e-01
8.828813809594127093e-02
3.321724451900465169e-01
2.035570924215104327e-01
-1.861735915373241568e-01
2.283414746222156566e-02
-3.149325133113514141e-01
5.243592120897355713e-01
-4.232656892335047161e-01
7.014314593135555498e-01
-7.212631167949847821e-01
7.047593542978951575e-01
3.880450064457710013e-01
3.373417769938944488e-01
7.065572711012189089e-01
-1.832621705709822635e-01
-3.698018539686334094e-01
4.911326195786358539e-01
-9.866914641195823066e-02
6.478460124344938009e-01
-1.814569192063562042e-01
4.883788728907489940e-02
5.524568579601236706e-01
1.339061103810479381e-01
-7.087732102650079469e-02
6.039638073640123395e-01
-2.486125327521211403e-01
-1.381076215657222050e-01
1.056560917413476020e-01
-3.643504070014031981e-01
2.941173391717644137e-02
-5.010540771054223796e-01
3.552007333047511040e-01
7.191130281945747882e-01
1.503604990561671073e-01
3.627312738606445208e-01
5.798623577670527496e-01
-7.871317482580533209e-01
-2.298210718406563657e-01
-3.942363578412750869e-01
-3.153074370451811603e-01
2.389073355777195928e-01
-3.714069927278949024e-01
1.827711945696686158e-01
-6.507155202419747653e-01
1.538405442129686662e-02
8.954185733200503705e-02
6.947358614867109594e-01
1.939195694985578200e-01
3.846028408943080734e-01
6.449164055730127743e-01
-5.002945554906315095e-01
4.400471529507576918e-02
5.441214152813076410e-01
-2.302207959065087906e-01
-3.566532420220180910e-01
9.296523334924167159e-02
-1.478963562177817437e-01
-3.500917393624716212e-01
-2.817472611589346698e-01
-6.301168803615198044e-02
-1.307940670923226634e-01
-4.521267310247631954e-01
-2.913016343737240277e-02
5.466885171206756766e-01
-6.917987269098846426e-01
-5.072479871557398212e-01
-2.755882000623444128e-01
7.918837831049465592e-01
-3.153471563925602794e-02
-1.316061047004124518e-01
4.355800763922799135e-01
6.466536758326295597e-01
-2.983926983020062096e-01
-5.027346784736010932e-01
-7.009045869100791748e-01
-4.959103289696447092e-01
6.801599885505460463e-01
3.109355171185885780e-01
-5.117071437025986214e-01
-2.857479032826502063e-01
-6.799989670222110760e-01
5.745437152253076718e-01
5.370670886372526098e-01
3.552086396156663994e-01
-1.045034897665262363e-01
-5.205596853218406039e-01
-5.108019992695123079e-01
6.605586180693467924e-01
-1.475334766597846681e-01
-6.884032366274546177e-01
-1.193978296989754995e-01
5.863199896481070539e-01
7.781580292510366093e-01
7.356076719352717674e-01
4.995596710440164401e-01
6.225377152285211935e-01
-3.054333618102678116e-01
-6.201490798722195663e-01
-1.824113782438505638e-01
-5.599451658187417635e-01
-4.475618138897781151e-01
1.015106893396486853e-01
-1.391012294841518226e-01
-6.862021164584231059e-02
1.276882489070176874e-01
1.361298735021918560e-01
-4.919849733537997594e-01
7.641034874521093201e-01
-1.930466124328908961e-01
-7.016618405449115414e-01
-7.457737453381918513e-01
-9.685441461656729700e-03
3.071600085598262808e-01
4.951263273066697224e-01
-8.282639256358059754e-02
-1.739772147046032558e-01
5.620122125703730376e-02
-9.647656667841886247e-02
4.044000913424028454e-02
3.102872345888494365e-01
2.525393085939118265e-01
-3.088151785474941846e-01
2.762430242327029717e-01
-4.653004344326614472e-01
-4.069533155270868008e-01
2.741984436852193951e-01
5.213660829064235003e-01
-3.102395211114608031e-01
-1.527698059402524677e-01
1.799257075012050677e-01
1.129179905607466949e-01
3.373434274569557800e-01
-5.556593413146337923e-02
-3.075976254943189048e-01
-1.130156019133110590e-01
-3.749785698486975960e-01
2.696725135512423321e-01
-1.303131996514315105e-01
-3.761952510429518171e-01
3.053904647373348880e-01
4.245349504598667778e-01
3.452299352856647019e-01
-1.761960561576758622e-01
-1.571742206652828600e-01
2.952916632443303158e-01
-3.302965044855001864e-01
-5.475405554059546986e-01
-3.816500613919657781e-01
-5.161074583158224982e-01
3.760797706299481291e-01
-5.166803652497451438e-01
-5.432294040103453625e-01
4.357807252736574100e-01
8.374600387672082036e-02
-1.848579304746778007e-01
-4.574384226091012806e-01
-1.994068398263975084e-01
-2.767621944500380238e-01
-3.835763173744339838e-01
6.966720317224686099e-01
4.292711704416776186e-01
-2.494075160902227140e-01
-4.162487511314445499e-01
-5.497188661845893165e-01
-3.308409655328858889e-03
1.914428584682372758e-01
-4.227922219408517535e-01
-2.779573938407438050e-01
-1.767700116239723229e-03
1.493931914500432612e-01
-8.866253918655342403e-02
5.658126008199273471e-01
7.496071240139690062e-01
-1.758831197701029581e-01
-3.862567205712439389e-01
-1.704561921237024436e-01
4.697391273151119151e-01
3.486747624491233211e-01
3.214859468860078451e-01
-5.350583384693035072e-01
1.325239037914354157e-01
4.300688885114203330e-01
-4.958941488936128295e-01
-3.205375142850250825e-01
-1.288669794106223065e-02
-5.641661075396617875e-01
2.211751745075831721e-01
-2.720066495480812918e-01
-2.560166940988573003e-01
-6.098214722524426534e-01
7.698063945317743517e-01
4.891667084893462913e-01
-7.937525421862456909e-02
-5.591172202126140078e-01
7.830200835666296655e-01
1.526023953978317138e-02
6.478189357119941150e-01
2.883761574813545892e-01
4.703531819762121202e-01
-3.206753556267223360e-01
-3.743098576791661358e-01
-6.347254466567324727e-01
-4.680028302999392764e-01
-4.797654514968554551e-01
7.820421057130300113e-01
-4.951625812216065015e-02
-1.626053333318742133e-01
-1.282701200984410761e-01
-6.589775228413152774e-01
-6.324255868640253908e-01
1.823319833806493762e-01
3.025333254750384171e-01
-5.569862278623718410e-01
-2.808072414512405857e-01
3.036415118903157406e-02
-4.600252456390219180e-02
3.043551319953730072e-01
1.504453231445985750e-01
4.746180956367229697e-02
4.565755554692003670e-01
-3.478070829144854770e-01
4.640690929562207856e-02
9.487426013721300677e-02
4.541978695406170274e-01
-1.034972439487926721e-01
2.165669202739115562e-01
3.284164763961880951e-01
-6.637894146705374254e-01
-1.474577785797945850e-01
-3.558669448170670435e-01
5.248047744404438220e-02
4.677029685448239604e-01
4.974270891595633515e-01
-3.766945713732487988e-01
-2.435621459196894989e-01
2.845648324454437272e-01
-5.012504768889005646e-01
-7.461873985970317591e-01
-5.474444171867043352e-01
-1.240305450546266286e-01
6.592875656189987055e-01
5.376984338484955828e-01
6.974789912717094253e-01
3.247676379811430536e-01
7.538016765892798787e-01
7.839899911200927107e-01
-1.489376538852251741e-01
1.221346280140389595e-01
-6.887125877655080330e-01
-7.392957052054249800e-01
2.130267216597818702e-01
3.306017948995600975e-01
-5.239566720561228408e-02
-3.050347379479871890e-01
2.169583637567198409e-01
5.700762552396732019e-02
-3.586310381345638731e-01
1.711309034305159571e-01
7.106322960175628367e-01
-2.296511304359585282e-01
-5.235925588939949193e-01
-3.739100595731823518e-01
-5.541577183120658390e-01
2.549154702280080897e-01
-3.300745629200960707e-01
4.115830361739050147e-01
8.953080251339606832e-02
-4.988337093474735084e-01
4.571294753544377087e-01
-5.275960315605825457e-01
1.211850521580748463e-01
-5.504466091326500887e-01
-4.383291333464338635e-01
-4.127395270565479279e-01
6.040622086211726582e-01
-3.224427773023439414e-01
-4.351583956521611896e-01
-2.425434876184304755e-01
2.377823645503474026e-01
-1.772085439472252943e-01
-5.911042471543668242e-01
6.183042611217617335e-01
3.402215138304178765e-01
3.923066361878717601e-01
-1.352638598444571016e-01
6.985195272584023840e-01
-5.980473036143267862e-01
-4.950271073715697412e-01
6.065569782371778018e-01
6.409983455097814087e-01
-6.689734380304193095e-01
6.232219652293533585e-01
5.566913969060882650e-01
-7.067978167132622502e-01
-6.453338869767133446e-02
-5.026540533110788189e-01
7.726795235209689139e-01
4.756711217984470608e-01
-5.952646757605064565e-01
4.841195433527376579e-01
-2.530391319278626483e-01
8.062946241604862507e-03
1.532183907427508984e-02
-3.136322572152190347e-01
-1.874041921925240217e-01
5.119212431671273933e-01
-2.215391976624738746e-01
-3.256940878079088719e-01
-6.546728073187946251e-02
4.457399495998703998e-01
-2.791451083520692933e-01
-4.816005250527304327e-01
-3.173888628195502548e-01
3.106994587153959486e-01
3.543447941680657465e-01
-3.345599414454802911e-02
1.002141860258918271e-01
-5.948826396583388743e-01
2.263439345845918993e-01
2.249329774231512147e-02
-6.734152024635964295e-01
-2.446903481306152983e-01
-6.587673273973280175e-01
1.223736942150113194e-01
2.878738974545580476e-02
1.725207310944814054e-01
-3.930794420377035081e-01
-4.326206611454601614e-01
-2.503815509269138317e-01
-4.709614820204341967e-01
-3.929386595940345117e-01
-8.179923603896632756e-02
-1.130540059870845937e-01
2.085289773051846041e-01
-6.834556414032633143e-03
7.758107249644341508e-01
6.872849799549962668e-01
5.872392859259836229e-01
1.381769183381180710e-01
1.788059670517592181e-01
8.425847859619217672e-02
-4.165309240846886141e-01
6.928029675436029322e-01
-4.315478014822557995e-01
2.357786972367943434e-01
1.512072733791018919e-01
7.123387523517532571e-01
8.990821550386574046e-02
-5.744286937453573216e-01
1.928983836327446966e-03
2.155015504853396990e-01
-4.070428712568112672e-01
2.009211585149746071e-01
-4.363168016285330353e-01
-8.025357055388493421e-02
-5.830656853968738673e-01
-1.086262997154472387e-01
-3.806854125341203599e-01
-3.504105312866681032e-01
1.760650334873226086e-01
6.626229655556858944e-01
3.542885529070431971e-01
-5.555763155162178890e-01
-6.116969330477921574e-01
2.688809112657972733e-01
-4.506013787854499242e-01
6.300756672486436116e-01
7.452390527398531361e-01
-3.541195623476411924e-02
6.521505812062002860e-01
-1.511928739025583113e-01
-1.273851137562171942e-01
-2.394015254107131341e-01
5.515076146136665969e-01
-7.470246364194883526e-01
1.029459565598420667e-01
2.902477653236861244e-01
-3.035968633614070100e-01
4.191703805789162018e-01
1.097102611762750257e-01
2.300131056908210070e-01
-2.773874928545918550e-01
-6.520149826402601434e-01
5.447244383875045060e-01
-3.616375293790303758e-01
-3.513315676077697347e-01
6.179794046525000084e-02
-5.164426887028277235e-01
1.579770849025869950e-01
4.845969590115721815e-01
-3.858601196974307257e-01
1.670039872720172625e-01
-1.580707616848222585e-01
1.256047172443386373e-01
-3.139212414910046434e-01
-1.347572301133066475e-01
2.601934746659271269e-01
1.545082799252996963e-01
2.316947582747506118e-01
2.731371397717374805e-01
-6.216733709531752083e-02
-3.224235834973905312e-01
4.286416992059125519e-01
3.939227401153573282e-01
-6.529869809633908062e-01
4.808898999136967944e-02
4.157804706951750973e-02
1.999051276251337939e-01
-9.731422732860650626e-03
-6.128008107859530540e-01
-6.990870283039534172e-01
-1.423507977768192490e-01
-7.557178059815914395e-01
-2.076972079015009243e-01
-1.639941878647324103e-01
-2.810359029623024085e-01
4.558242935107292837e-01
-1.886229663008105462e-01
-9.351377461522858425e-02
-1.452473532254945354e-01
-7.700460141773994849e-01
-3.702764823340878308e-01
-3.361374926679916442e-01
-9.682147859636813791e-02
3.856207593762253083e-01
-4.470765141736645631e-01
2.412220084735245962e-01
5.901446839221033969e-01
6.012518878384929266e-01
-3.356218277411775475e-01
-5.451129797536022892e-01
3.112216434630976636e-02
-5.790158561785920810e-01
5.197596228763226023e-01
6.463390297476827584e-01
2.093657442078029618e-01
-2.324535063984702887e-01
2.642179665925459275e-01
-5.043523264861988764e-01
-3.664630096376804147e-01
-5.968532426408454938e-01
6.583404673024872977e-02
5.321790107673907144e-01
-3.345699593311994846e-01
3.609707722621511294e-01
-3.650796742628497071e-01
-4.394626735066617940e-01
-1.124935587914679402e-01
-5.334243431555920623e-01
-6.451909113111673477e-01
-3.573796164678979537e-01
1.129872720767357563e-01
2.408411041309408418e-01
-7.331099937313210191e-01
5.136627383618508347e-01
2.940702723652410810e-01
1.401421124151225328e-01
-7.064808455310433999e-02
-8.293386498429988762e-02
2.045667674381110857e-01
-6.583279511098965031e-01
1.609943874409038855e-01
-6.959704032839386656e-02
3.873244785876774898e-01
-6.307889883963424538e-01
-1.236928827661980534e-01
-2.958191368502136598e-01
-6.234216421077967141e-01
1.317603860784224423e-01
3.326237416609139075e-01
7.251399856845583969e-01
-2.540722282230873930e-01
6.630480566397087827e-01
-7.953884037126712769e-02
-4.549178471143084934e-01
3.464271477017693002e-01
-1.440046313500005226e-01
-3.976713411438206336e-01
-4.039264439105396676e-01
3.516549348075690418e-01
-1.195890579427976164e-01
-7.243571182741064263e-01
3.972242025050736203e-01
-4.132521802590520821e-01
-6.048749288739250218e-01
3.695633480243820657e-01
5.631332402636877177e-01
1.337119929268411056e-01
1.768085641407104447e-01
-2.333643416928472547e-01
4.534784063012642363e-01
-3.534984123550692914e-01
-4.138170824519686875e-01
-2.453797821026535431e-01
-1.020196584862347322e-01
4.716438415130888018e-01
-8.528764604804806027e-02
1.260746925394826690e-01
-5.215958588780544858e-01
7.621904288838141639e-01
4.435625239900709005e-01
-7.615470570589195631e-01
-2.943462502458711327e-01
6.779601189678725603e-01
3.104457050070905666e-01
7.733943291637768169e-02
-1.013797508909171086e-01
-3.531692093733731497e-01
-2.262877009065968892e-01
-3.149049399838794727e-01
6.680638102319509386e-01
3.542327576491466345e-02
7.384241111699560989e-01
-1.413454314718869398e-01
4.513109133581894028e-01
1.554499424975483990e-01
-5.504444324880264361e-02
-2.399740321910037721e-01
-2.214362501062732136e-01
-7.046890794524767188e-01
2.273482793272343372e-01
2.449086341225168439e-01
-6.065585506481285805e-01
-2.270511090261972953e-02
-4.101034095238551558e-01
2.944724371929972051e-01
5.678736032371745068e-02
3.261560235405944752e-01
-5.416445768163713481e-01
-1.295888184036773083e-01
-1.456460294649462028e-01
-3.511832617720500593e-01
-4.122879553013740761e-01
-4.373367131489498405e-01
6.138067312198725034e-01
-1.892147954320604342e-01
7.859701018926745775e-02
6.959596599370154735e-01
-3.876626915129435247e-01
2.789794791592825618e-02
-3.660841622331991729e-01
4.360298605808505812e-01
2.116212790232854246e-01
3.711421934597254335e-01
1.147360386858604642e-01
-6.048170294572496886e-02
4.867174448650342100e-01
-3.364735678694170673e-01
-3.041279701850188033e-01
-5.332764057164220972e-01
3.645359195618436132e-01
8.612262213825339074e-02
3.769504266348189248e-01
4.728785266142203625e-01
-2.023514551719332033e-01
-4.082894175234308420e-02
-5.414052519718772771e-01
2.747199092220000693e-01
-5.651973167476516124e-01
1.604523154717778510e-01
4.764124378379355207e-01
-2.979089280599742651e-01
1.071072522475269295e-01
5.601592567312216886e-01
-1.728013994094226291e-01
6.546629307892875005e-01
-3.897453234670065214e-01
5.051913792189823837e-01
7.642722657890033133e-02
1.256309744622523539e-01
1.860518045374135454e-01
-8.048263952556382606e-01
6.999153701597773392e-01
-4.782332386165464300e-01
5.082168555337727156e-01
-3.187685966439532947e-01
2.583424203788204920e-01
4.630642810025147327e-01
-4.079789496227679280e-01
-4.885800766838439557e-01
6.423136053736664408e-01
-5.210921550375422484e-01
-2.899592841079110528e-01
5.490488879436270508e-01
-5.021865922741195476e-01
4.167194224896775268e-01
2.844653041049394204e-02
-3.815985907083554451e-01
-2.733340715681773503e-01
5.984200287953331809e-01
1.995225186789086891e-01
-2.379408658386568121e-01
-4.354666870017727121e-01
-5.524818078369877483e-01
1.984554719409867829e-01
3.141715090779495512e-01
7.696722398674191723e-01
4.353398476504981573e-01
1.387541948899562172e-01
-2.371023078423712960e-01
1.759291880791735707e-01
5.361735294097913496e-01
-4.944115709890475330e-01
1.958415844855423416e-01
7.412364049539368338e-01
5.185034098179199802e-01
1.395752882367009562e-01
-7.420676131646706253e-01
-5.358880435182964419e-01
1.882099806150625554e-01
4.280482224700872251e-01
-3.678082786865299880e-02
-6.605691091044318952e-01
-2.821427662693585248e-01
-1.112754516596501375e-01
-4.864379876423816640e-01
-3.903999435974618848e-01
3.381571544611663427e-01
-8.939617036868696687e-02
-5.553013513180840022e-01
4.767164430826262844e-01
-4.626355635871179928e-01
-6.816732603496102882e-01
6.117575611837722249e-02
5.982976656546892258e-01
-5.860939072981175002e-02
-5.967033455377412920e-01
5.170558260413109508e-01
6.089831765742452774e-01
5.978696401122984838e-01
-1.364514803715870528e-01
5.082160691496904192e-01
-2.746842381216074713e-01
5.537547527273032344e-01
3.794477088252214969e-01
5.054474057679039234e-01
1.286137632587092128e-01
-2.181158284244757439e-01
-6.576466936755585024e-01
-6.829375336439715838e-01
-4.090650971449756312e-01
2.546907523094947834e-01
4.968486670632525914e-01
-5.498479185101734501e-01
5.501020316073024219e-03
-3.871329544974111414e-01
-2.299256881373015204e-01
-5.106988410958024360e-03
-6.163535764014245188e-01
-2.660626969945436571e-01
-1.182483906345996871e-01
1.292386255040200993e-01
6.093114525890133137e-01
4.800277116826290325e-01
-3.396226594617175465e-01
-1.416913328569133768e-01
-1.359190935149676704e-01
-2.145840325567673901e-01
4.662425319843066518e-03
-6.205562036382836766e-01
-7.602521458710658209e-01
2.086657432069740636e-01
3.382558610149928313e-01
5.749010467981641170e-02
7.883949049491798533e-01
3.752686319841025409e-01
-2.418778067527105335e-01
5.115305485280385867e-01
4.392569582517324989e-01
7.993090197490557713e-01
3.058587318417220757e-01
5.000444131550025872e-01
-9.701347449904229592e-02
5.797034520536445967e-01
1.252101949234685208e-02
2.071484500957829766e-01
-2.065234601145826687e-01
6.437325747980828794e-01
8.367030652039719740e-02
4.473337252570761535e-01
-3.396634105923208580e-01
1.927143441522893852e-02
1.193905313602119378e-01
2.606063943301117902e-01
-4.354962966322606377e-02
6.470581930571830398e-01
3.408189738027065374e-01
5.424668343708258789e-01
6.070279839995604831e-01
-6.991837759970520594e-01
5.626052524065006111e-01
-5.695017602827521230e-01
-6.787650502915383299e-01
3.985172717755336436e-02
1.171613599021279484e-01
-1.448417286424996675e-01
-2.205205028982506477e-01
-3.618801685066843632e-01
1.661328029528217343e-01
-8.241289277134189462e-02
1.727008357285795270e-01
1.240391933053883733e-01
-4.435998191421006709e-01
-9.306325878106225247e-02
-4.918939544315330537e-01
-5.021177109760603940e-01
6.149588397282474972e-01
4.805394495783747999e-01
-6.878443662165505401e-01
7.131251946374508321e-01
3.890594511377853948e-01
9.980292702170956431e-02
1.206222460428474363e-02
4.325157517965543263e-01
5.010642934914333324e-01
-4.618864250116052617e-01
1.169227527970555514e-01
-4.529368826111745960e-02
-7.051327897436472369e-01
-2.178300999368483204e-01
-3.819747272179796482e-01
-3.794673319833208325e-02
-1.206229734509118856e-01
-3.917279865574023745e-01
5.143179358079796870e-01
-3.828742702218059790e-01
4.640125327793231946e-02
-2.869215217452438793e-01
6.376960946666443419e-02
-2.314477919666995120e-01
-3.111418492822970450e-02
-5.117876705444519558e-01
7.749307638885438720e-01
-5.558229732847079774e-01
4.327345719459128048e-01
-6.227032789148090330e-01
7.138906449673276811e-01
3.490186025506432088e-01
1.126446375091925134e-01
1.166295683848961318e-02
-5.521811804842355897e-01
4.644752063932164887e-01
-3.310278091098002307e-01
-6.916507952816921545e-01
5.690655304020211247e-01
-4.366131838018008082e-01
-3.347382348269185570e-01
2.562360506262804094e-01
1.088705999668428959e-01
6.257014724636604797e-01
2.359835169327828552e-01
2.170565520543421556e-01
6.724757307454041211e-01
1.520926799913659977e-01
-3.861868325376054401e-01
-2.937132362539971453e-01
-7.768388498457134972e-02
-4.258088626499301199e-02
-1.773966790184466902e-02
6.386845779651633137e-01
6.531809499033176536e-01
-6.027525703529770240e-01
-2.787497620821941524e-01
-5.969384356038442974e-02
-2.278056985101546417e-01
-5.894683579843427168e-01
-3.878491678840312318e-02
-3.408495499633170667e-01
-3.244691178583938296e-01
1.483785388393989990e-01
-3.725934253274498786e-02
-4.635385950086012841e-01
-2.224438568835420682e-01
-4.370022963348416667e-01
4.393878530492454360e-01
-4.231456085213300966e-01
-6.436633728279383959e-01
3.756478808461611862e-01
-7.792375015613046685e-01
3.715165296825215790e-01
-4.323453882702397166e-01
-4.698775994821140500e-01
-5.581708459121674792e-01
-6.086769134556897498e-01
-3.756057699416084361e-01
-3.139165864131587824e-01
-5.219998802701431018e-01
2.275686962054814799e-01
-3.098794672587690258e-01
-6.222234981342946725e-01
7.430958353038263908e-01
-6.156912301183279368e-01
-5.086422794509743994e-01
1.902351954463377126e-01
5.575922636164944990e-01
1.493312816290570666e-01
-2.309468885288179507e-02
-4.522159575977617862e-01
6.862721866227143863e-01
-4.735895148964255341e-01
2.596086668637180850e-01
1.190114419231580456e-02
-7.727937287618491524e-02
9.238557661436175295e-02
4.187196367919678863e-01
-4.377560024362940894e-01
-1.920641930157520605e-01
5.838722704322023560e-01
6.105170812956774995e-01
-2.348406248867673796e-01
-2.576725083565678531e-01
-3.124449466200935888e-01
-6.741960636966135567e-01
6.527224024211575326e-01
2.178924483045685534e-01
-5.330267940192969789e-01
1.828743810817634596e-02
2.438721113763868686e-01
-3.902915664366934934e-01
-1.491212846356706478e-01
4.728734957530447147e-01
-4.081529815353697188e-01
4.563945956740100840e-01
4.913768163455509708e-01
-9.180024260813635095e-02
4.948145112452824179e-01
-2.033206946556092021e-01
-2.592593343482620938e-01
6.778982783783380484e-01
-2.148081917791673234e-01
1.706672766844361533e-01
2.225244496977403230e-01
-2.213312919716816651e-01
-4.795330860359410252e-01
-3.808046537624081296e-01
7.506061756901507565e-01
-3.782295919692826303e-01
5.526403326007578443e-01
-1.136341044271924616e-01
-3.129217389257190618e-01
-6.573325886973400145e-01
6.094033021131739503e-02
-5.780912694041360211e-01
-4.510047329230051361e-01
-9.481416091527439249e-02
3.874484659662691399e-01
7.560490702128754847e-01
-1.698511178952024636e-01
1.758899623665479695e-01
4.076305401741073808e-01
-4.016645527226270218e-01
-8.095184721731429889e-01
1.590258075302646290e-01
5.039068117960221471e-01
2.448667568164673014e-01
3.188562274851580725e-01
4.333811686503077354e-01
-5.616416949340443665e-01
-2.936457804212597722e-01
-2.079486042652654021e-01
-4.938155045412475630e-01
-1.262898176108038228e-01
3.515731356885591907e-01
-1.410702699561330320e-01
7.643084600631686598e-01
2.225813014622435304e-01
-1.324946346708122391e-01
3.488656832479719583e-02
-4.294035362450543403e-03
7.137768205620851347e-01
4.882683197464494640e-01
1.475390590888192577e-01
-9.044338258829398569e-02
-2.932627722847431784e-01
2.513095974573511526e-01
-2.060802024298462598e-01
7.652157327580964008e-01
-7.223012647216204840e-01
1.786025985381733960e-01
-9.557961169575968086e-03
4.405568415403093852e-01
-6.639889156975007367e-01
-5.050774816594163497e-01
-3.035532473793240982e-01
-1.343134534092209620e-01
4.057846864108647367e-01
6.567676735790639597e-01
-5.173069385035988788e-01
-5.555253591364905930e-02
5.849720135648270869e-01
-1.084535287231176426e-01
-3.343054182838018917e-01
-6.209863699609243781e-01
-5.781727900710240675e-01
4.842188114229006857e-01
5.213232074041673769e-02
-1.502361684715260992e-01
-6.302325041248391102e-02
-7.381640782372222986e-02
-3.845769902118378880e-01
1.649269677712537074e-01
-3.851992110106321476e-01
7.023955627022360204e-02
1.123595938034762654e-01
-2.910901405239307849e-02
2.435404717721407764e-01
5.992212804948469085e-01
9.605980849957251877e-02
-8.411314928660829082e-02
-4.639252116039127571e-01
-6.699213872256315483e-01
-3.184513263617265721e-01
-2.870208638221534159e-01
-5.956370397455952315e-01
-2.602989690069117401e-01
7.375746517236354549e-01
-5.551063283800266035e-01
-2.429390721659281382e-01
-3.611253661635274170e-01
5.068013358743641561e-01
6.373460893102596003e-01
-3.250565657816215648e-01
3.139361656135637446e-01
-2.115778412324944568e-01
2.800036959152016891e-01
-4.445903402549529204e-01
-3.308777236604498739e-02
4.698704708949161812e-01
1.523247630535164987e-01
-8.504333143890896451e-02
3.265957790259141902e-01
3.209204117337280948e-01
4.462865081319087324e-01
3.303711155848425562e-01
-3.815480199888110491e-02
1.858413821617368455e-01
-1.677629505070985516e-01
-1.786862516198794992e-01
2.179988436708626409e-01
-6.087513033984173205e-01
-5.842157006913186734e-01
-3.265309433619147939e-01
-2.581474250673396753e-01
-4.515023634308228395e-01
6.176899817626555489e-01
1.582301201320870376e-01
-7.483598165780946943e-02
3.903903796045415930e-01
4.229167176455437271e-01
6.763709514196056816e-01
-4.432558724587796206e-01
-1.254208590027143799e-01
-1.380050528497580586e-01
7.791734602262749831e-01
-2.789189979149098164e-01
-7.630539098714921309e-01
5.546481464729966504e-01
5.920417350149786984e-01
-1.621780852999528122e-01
-2.452519277116937957e-01
1.809550451945973748e-01
3.475606189420741288e-01
-4.707168379160959759e-01
-5.696917850347098522e-01
2.640595282687918655e-01
2.407270537592118842e-01
-5.237666580573554498e-01
1.979996746628520654e-01
-3.181078001192627625e-02
-1.529963952123383208e-01
6.511966730245895008e-01
-3.112223677742438355e-01
6.774792808692922108e-01
-4.165078200325700308e-01
2.892367958101687009e-01
-7.909925192477542666e-01
5.061199434137861886e-01
-3.098935337056163419e-01
-8.345051219117216590e-02
-3.399202016386029257e-01
2.834014411018737079e-01
9.735547956674039938e-02
4.498910099224069370e-01
-2.075272879972303031e-01
-3.752229310167454202e-01
-6.145309059166521592e-01
1.267558328280937729e-01
3.662037853394375375e-01
-4.072953307238078580e-01
3.396228823898281846e-01
-5.187137979963454271e-01
-7.365767950277914977e-01
-4.017755933136264446e-01
-6.471905497337582247e-01
5.403947154974222400e-01
-3.448251526757433183e-01
3.621485177965597657e-01
9.372836009402529811e-02
1.260183196545492379e-01
1.937207466523300781e-01
-1.192429091209117331e-01
3.990061483455376035e-01
4.794380742021910891e-01
4.251319313354340323e-01
1.509915024119532490e-01
2.784489262940015308e-01
3.661987232802399461e-01
-7.201247480194101769e-01
6.713879426479962831e-02
-5.998246898941932415e-01
-1.323762905729708450e-02
-2.904465185201532407e-01
1.219435035028002545e-01
-6.595195765506289831e-02
-4.172044574755409130e-01
3.061861422837832691e-01
-5.674586151721605631e-02
4.246650916843819346e-01
-3.222170239905066680e-01
-3.197797385090890288e-01
3.635542167950767123e-02
3.983518648987853794e-01
5.185000177275735922e-01
-3.568927135379951210e-01
-3.959993780005888198e-02
-2.463132409436479264e-01
-5.663798094673486716e-01
1.695992994913630980e-01
-5.824585963991690818e-02
-4.290983091095244006e-01
-4.133225554170403271e-01
3.662384440658108531e-01
-5.327705755635756546e-01
-7.393768457036804520e-01
-2.163473875851273931e-02
-1.115293558665735318e-01
1.048907250758501775e-01
4.320075791854804947e-02
-7.972280799509068316e-02
-2.377695777879171857e-01
-1.352351712323596189e-01
2.650663716162515726e-02
7.439142190917458208e-01
-6.788741605563437531e-01
2.400952999203394000e-01
-3.598956519691700606e-01
4.577949827762957113e-01
-7.462172839164527005e-02
4.643239768284193048e-01
-9.222648748296702337e-02
1.490619473694323460e-01
-5.564288858900230395e-01
-1.536916907822503120e-01
-3.006252054597569057e-01
2.284970109040678210e-01
-5.483813452553345513e-01
-2.264375938781171271e-01
-3.469630118177056133e-01
-1.934768107849427210e-01
-4.712632578469957423e-01
-1.640941232239443437e-01
-1.678614025502334073e-02
-2.908004738005356415e-01
-6.395974695482493644e-01
5.911083953654774348e-01
-2.169217464788486538e-01
-9.876511624597839045e-02
-6.926055886247644011e-01
-6.868245700733792702e-01
2.946868413785672658e-01
-3.592553397748696753e-01
3.508998230469586588e-01
-2.950481202309784834e-01
1.472497942070738475e-01
-2.726568317665272190e-01
-5.212795609122800045e-03
-8.951394920128308286e-02
-6.728050249623684920e-02
-5.410772226178117705e-02
-1.035979304334757600e-01
-2.079366438071899026e-01
7.693613651138342391e-01
4.574273592643951503e-02
1.322335635914324570e-01
-3.861687304570500245e-01
4.802678133731772547e-01
2.282757532059065397e-02
4.728876167256661489e-01
-4.935829454898597035e-01
-3.928244510209815132e-01
5.840586719113050052e-01
-4.859293401778241872e-02
5.444754039685992808e-01
-1.573475097708456616e-01
-8.649625904037705482e-02
2.938286611263301040e-01
-1.852646266426329902e-01
-7.049588142175000627e-01
7.982529554826669482e-01
3.280656220568953785e-01
5.018794777495969583e-01
5.385332062033851841e-01
4.424362973789763842e-01
1.919908145507323027e-01
1.621011748627223525e-01
1.554150737852113551e-01
2.977462506477026594e-01
5.854258697304910442e-01
-3.922708262426528592e-01
-8.639786224130396874e-02
-6.476420609142774509e-01
3.847856412393237946e-01
-8.092571584269236951e-01
-4.622942909127756295e-01
-4.464401842875336257e-01
-6.750826164273160401e-02
-3.719241407273337074e-01
-7.241431212402620332e-01
-3.974199990608511257e-01
5.149888069222470222e-01
-5.295717444837855226e-02
-1.398117800520779497e-01
4.521593980655325140e-01
-2.782583009703216703e-01
-4.694196400985557460e-01
6.617425749251326650e-01
2.679507899083297673e-01
-5.631677054599855126e-01
6.655893448854435235e-01
-4.389370722593657348e-01
-2.450625775713346499e-01
3.740011091111004049e-01
6.691290698859244657e-01
2.836567482233673942e-01
7.028131749119248539e-01
1.405912737312853267e-02
-1.015726527850704386e-01
-5.351001258016330198e-01
2.931462923075800475e-01
1.874590167990231038e-01
2.183755201147619118e-01
-5.263953760916635360e-01
-1.058940304721653902e-01
-8.023411678014991111e-01
-2.196219854747072375e-01
2.718163073906616489e-01
-9.364805614155358171e-02
-1.172078362847264188e-01
6.734699957276202298e-01
-4.427266490707646440e-01
4.675603107217964904e-01
3.133719272408130863e-01
-3.435205793197582125e-02
2.704782182355716103e-01
-3.209299772952327601e-01
6.201768773204108243e-04
3.385157598815125013e-01
1.704207727421183094e-01
-1.261520163687990248e-01
-2.128383290890223378e-01
7.390179077798997298e-01
-3.092074416386889624e-01
2.694080812921306745e-02
-5.317507422845944021e-01
9.537255528405985672e-02
3.342527874113123687e-01
3.033522448016201523e-01
4.196175439857219303e-01
-2.924571074746111776e-01
-5.879617178589100490e-01
4.305789910318802427e-01
2.107740292671369531e-01
-4.582588341841375978e-01
-3.208976143986044249e-01
-2.048981965927767490e-01
-2.231416690515795054e-01
5.398724785220192501e-01
6.906093490160447601e-01
1.671459805755217687e-01
3.644584299835953445e-01
-9.507605413191733135e-03
-1.097938921412930924e-01
6.580914439051710474e-01
-6.488740289557970442e-02
-2.871477588337043585e-01
3.243053182471484774e-01
1.612515399972789254e-01
4.409194794403514805e-02
9.401517274797654977e-02
4.110711219887726031e-01
-5.235445503221756169e-01
-3.142020034077894763e-01
5.748970073666512803e-01
3.054328784546296305e-01
-8.380612467770465202e-02
1.227095210488347021e-01
-4.893558771464192603e-01
3.567324987264344216e-01
-2.545066919863261390e-01
-2.533023573928430139e-01
-1.015682725508071371e-01
3.367060214952832808e-01
-2.908905287274627938e-01
-4.342480979286635900e-01
-7.951079477226796755e-01
-4.821486303732331891e-01
-2.156525246646845417e-01
-4.712953118239155970e-01
-6.728248775583960395e-01
6.187864535472540339e-01
2.095511585776392849e-01
4.313867337549019965e-01
4.203585847253332730e-02
1.351310440609330144e-01
-8.032221102882619590e-02
4.114467002244026617e-01
2.443871550051444075e-01
6.501543726790277589e-01
1.621694308424048714e-01
-3.514482320076055544e-01
-1.195081695128221710e-01
2.878357455188149672e-01
-4.451709347881473988e-01
-5.424091542697375701e-01
7.997015409156169596e-01
-4.592460002992790891e-01
-7.167247885474825608e-02
-4.983784000990798546e-02
-6.157603073662833992e-01
-7.237507901609330219e-01
-4.423275149436438625e-01
7.455902174512836211e-01
-5.722662711370549715e-01
1.859654799381740276e-01
6.644475014412112301e-01
-1.950908999425076118e-01
-6.117289761304078866e-01
4.571302361952067628e-01
4.711642517244563066e-01
-1.301445631639008838e-02
-3.320823129467083135e-01
-6.117962321390830738e-01
-5.455949375652764388e-01
-1.917137927803338471e-01
-1.805862290319755203e-01
-7.705364585054361726e-01
2.011226908498553456e-02
-5.113284683813752451e-01
2.079697335211800890e-01
-7.834041171065369014e-01
-5.218036234935343742e-01
7.072095180415560733e-01
5.932126883542210294e-01
3.439574795718094435e-01
-2.678807391081505784e-02
8.876972078216827100e-02
3.548052659779354912e-01
7.134836260747636771e-01
2.135506931511201856e-01
-5.050601473427054344e-01
-7.123582821789300468e-01
-4.832139781662991851e-02
9.686193333500092706e-02
1.011189920975708034e-01
-8.445866650501088202e-02
1.151431200276054057e-02
-3.741603609120627283e-01
7.647718761504505025e-01
-4.998255743860422484e-01
1.246980450410895003e-02
-1.547483674519813945e-01
-2.480641781640624544e-02
-3.476848014595148584e-01
3.014197293873834838e-01
5.090181546150045477e-01
4.614767844789611217e-01
3.752082219661376783e-01
-1.049343473639741120e-01
-2.167564967008397403e-01
-1.072300325640771490e-01
-6.252056708506383842e-01
3.964354890645100937e-01
5.391059570029552717e-01
3.813611959161384846e-01
4.274023582777708441e-02
4.964888623651289024e-01
1.435479616729899988e-01
1.250176958352753331e-01
-3.117672198688161700e-01
4.932602216948485108e-01
1.348085512971906041e-01
5.284283412743926434e-01
-3.532064165432480252e-02
-3.317065312546079170e-01
7.610910202787390944e-02
-4.596111812707626143e-02
-1.327208245975564083e-01
3.279364280685470590e-02
3.322163962102822055e-01
-4.329730422115094512e-01
7.965700523677519129e-01
-6.913600158254364914e-01
-1.809281378461724543e-01
-1.148334107246364866e-01
-7.202933993223883391e-01
3.941862674618139550e-01
3.009814836901272272e-01
-4.439495900694225838e-01
-5.782401106726053897e-01
1.351161167061940560e-01
-1.953296711874719094e-01
-1.086740132495807032e-01
1.282748561962145928e-01
-3.111611809641878779e-02
-6.855653525202303200e-01
-1.667112366447209837e-01
-5.378880889431387757e-01
1.603019830011174207e-01
-4.300612004708099789e-01
-1.893838714856173056e-01
8.844383712480752280e-02
7.102123349088724780e-01
1.859683622431909100e-01
-1.174825508517125527e-01
-3.644161635365303908e-01
-5.795395717398301727e-01
3.672397293596265655e-01
-5.076175841156365109e-01
1.734155703365818368e-01
7.548652560601976091e-02
1.805191856126073802e-01
-5.711368141817363409e-02
1.021156841231274370e-03
-2.952046837884054753e-01
3.242911592152752931e-01
2.148226127200807412e-01
-5.138681972839629353e-01
5.846576473930387152e-01
4.961788323869704698e-01
4.355815835276484194e-01
-1.521925035338345111e-02
-4.679083910627355181e-01
4.514455276066620115e-02
1.733972312062350696e-01
6.211669207898307121e-02
-4.106788591550287748e-01
1.188703736103313702e-01
-5.077116947000961389e-01
-7.169073099308391761e-01
-5.947839299046027151e-01
-4.689718387328216664e-01
-2.538026176418046731e-01
1.031398758475585709e-01
5.047703730864929739e-01
4.980736861171006780e-01
5.836233520361400195e-01
-5.668399246252047163e-01
-3.996672068289859325e-01
5.964630942453661433e-01
-3.564455818714309387e-01
3.354264938891109438e-01
-3.422669776017652765e-01
-5.370044298534928373e-01
5.393322664235542518e-01
-4.906809213831433425e-01
3.889104406794281488e-01
-1.457910954680032845e-01
-3.040381157659499678e-01
4.224895214927482101e-01
4.798216110590782790e-01
-1.037003047409790213e-01
-2.271129638138136286e-01
1.240112559584192198e-01
-5.697178715568433915e-01
-2.464714212261291948e-01
3.677705108166442471e-01
7.407496989626460859e-01
6.077790480283775665e-01
6.469222621244608007e-02
-4.819989293164059774e-01
6.148888626517052813e-01
-3.532482173064162012e-01
-9.356718369331407104e-02
6.380324719771932607e-01
-5.163902543324052630e-01
6.686086052122881540e-01
-3.970265068194906988e-01
-5.512958312813189821e-01
5.161386072486813248e-01
4.563028224394640731e-01
-3.442096792638702496e-01
-4.981079008883249060e-01
-5.055346946366672256e-01
-7.399407575794967329e-01
3.460450698801604830e-01
-1.242113607618708926e-01
9.691713468371432327e-02
4.765852906388445831e-02
2.648381410449314188e-01
4.365092705676456575e-01
2.452381364390410212e-01
-6.909689717788332075e-01
-7.836080010497319392e-01
-5.453168375099224363e-01
4.374986929664324009e-01
6.571368191419777460e-01
4.641720756012102100e-02
-2.637094117664746662e-01
7.615741029001918960e-01
2.309800828276644680e-01
-3.169758609935957594e-01
4.260388975077225027e-01
4.355323953884751020e-01
-4.365534330138416408e-01
1.648247922319248104e-01
-2.305740686453194854e-01
3.315032090018723565e-01
-2.183252631813097366e-01
4.185152769281152985e-02
-4.937817223701479463e-02
-7.913773939654955569e-02
-7.188618693279567040e-01
1.901929254555954074e-01
9.672587920061292976e-02
3.507972964682801731e-01
-1.681164917152866423e-02
-4.362438977563272147e-01
5.329173074110906683e-01
2.657538533896817157e-01
6.483604539285874324e-01
-2.745609255246179714e-01
1.787160908043974317e-01
-1.037234801095276993e-02
-4.940603625625881179e-01
3.966341951647009978e-01
-5.096182439397090036e-01
1.075186547631670209e-01
-1.852778775485859342e-01
-3.707722059748341792e-02
-2.191255858342007201e-01
-5.024672149043656333e-01
-3.786505250277247825e-01
6.344583950457804988e-01
1.446259359999935157e-02
-7.064817702855652470e-02
7.541725399724636958e-01
2.206333366846351396e-01
-2.068582580121880454e-02
1.010006871880495538e-01
-2.892898525275180432e-01
6.329474119708313751e-01
1.658250937895466848e-02
-6.186258584086754553e-01
-4.878535694317065463e-04
-6.056711837197523707e-01
3.286567638312547501e-01
-3.864223775522486193e-01
5.633071220109080457e-01
2.392628966778396205e-01
-1.051836721310301925e-01
8.045342365144563246e-01
6.252728834526424251e-01
-2.263715620969790621e-01
-2.146187541920108188e-01
1.572772801673671950e-03
-5.568812092436070671e-01
5.126547825317553375e-01
4.897253994533734556e-01
7.048851562710778396e-01
-7.424441990438523931e-01
-2.313693390070596934e-01
1.078345117272210274e-01
-7.021050454447177458e-01
-2.208677589440348754e-01
4.638095060868678843e-01
-4.191967255842055096e-01
4.189901174617638446e-01
-2.147557413328140541e-01
-1.779427373874344909e-01
-3.128437116368454340e-01
-1.634584684096553886e-01
-3.654872656692216282e-01
1.629407849365316352e-01
3.200999478191164371e-01
5.304417338825073713e-01
6.256784905489931603e-01
-2.776163733049026305e-01
3.306511028623244641e-01
-3.770767277766013947e-01
8.263173048353777972e-03
1.376064900353357601e-01
-7.955412275263169519e-01
3.703755067487435326e-01
3.563137107317873031e-01
-6.124249035263318319e-03
-2.993578996836614436e-01
-1.000440027647222507e-01
-4.449083483648230697e-02
-2.254450458895957965e-01
9.763100112835410016e-02
3.180848159652516216e-01
-5.967361882825521491e-01
2.440350726190976260e-01
-5.536408268377979169e-02
2.763573384369690800e-01
4.742064330772910452e-01
5.324997957127912684e-01
3.339885179363211165e-01
3.271411482174730878e-01
-1.584984527813428912e-01
5.422986765300885637e-01
-1.139603694184110338e-01
-2.708042383117490459e-01
2.894437753856937690e-01
4.850007803435065767e-01
4.396138303150465276e-01
-1.123442997229773255e-03
-5.616202539903678570e-01
-1.408228040100656386e-02
-6.316849304001879162e-01
-7.077070755422560921e-01
3.908845187916298869e-02
-7.113042237381153043e-01
2.432802478841828986e-01
6.432965692460879126e-01
-2.242716674932108134e-01
6.374227878403804226e-02
-6.220955051632079957e-01
-3.600972133653543850e-01
4.294224364196690402e-01
-2.799981101619613000e-01
-4.288769501372886594e-01
4.565353006249415202e-01
5.307056625675130590e-01
7.046048538482576618e-01
1.312622376014456194e-01
-6.137758055122857215e-01
2.240142769784814192e-02
-4.934134478705516358e-01
6.603002620639397691e-01
2.573682052411641052e-02
5.657175381344350384e-01
5.069162438121868064e-01
-2.892261498407124876e-01
9.726508901027841603e-02
-7.153218318212157811e-01
5.379411611596074394e-01
3.578356281905250569e-01
-1.559079017502265074e-01
-9.870200715277910319e-02
-7.668282272413415868e-01
4.741749428708530445e-01
1.614771355407391695e-01
7.044921668941919179e-01
3.590467856174415218e-01
-1.206758806322056898e-01
2.605882530776080230e-01
-6.825282830195718020e-01
-5.666918686941304628e-01
-3.981084663146585712e-01
-3.568019344266106785e-01
3.181142300352082231e-01
-6.314850400893048388e-01
2.486036312938040282e-01
4.131230656694651060e-02
1.518185023096583208e-01
5.405946189487718101e-01
-6.016361992556609195e-01
7.584953468080124495e-01
-6.224709542938766660e-01
-5.201728676895189807e-02
4.226256193777544468e-01
-2.844422901180356789e-01
-3.339093547468605649e-01
4.628886305825252734e-01
9.733967302238966113e-05
4.474265846748171072e-01
-6.728693617522090165e-01
2.205888630719066157e-02
3.566895292280118923e-01
1.182959059412338476e-01
3.735540765592446633e-01
6.090186566507593824e-02
2.245941372435975580e-01
-2.308480615651351542e-01
-7.263300855174215087e-02
-3.944602590293557753e-01
-2.215676944764064515e-01
7.252318576296907793e-01
-2.823255924553436103e-01
6.575130738501746563e-01
-4.496440040913958214e-01
-7.378317266077205616e-01
-7.572136635319015596e-02
5.670302449703399361e-01
3.975521063959464030e-01
5.303121860165385115e-01
-1.874168136721809930e-02
5.339137338135184763e-01
6.021988846746157975e-01
1.103632725963272776e-01
1.902026787142316877e-01
2.246510094430389515e-01
-3.424682932611684549e-01
5.904466510831394288e-01
-1.791064942428874929e-01
-7.049110346821185757e-01
-2.248674368679397517e-01
-3.252559441103946014e-01
-3.169139767229829374e-01
-6.154571736408378513e-01
-1.408093924544369102e-01
-4.440294825429820236e-01
-2.382176108549849403e-01
-5.000268500301228158e-01
4.007775024806958797e-01
3.745261327043625244e-01
-4.665188491675564819e-01
-4.405116107097946099e-01
5.565345285032874401e-01
2.380586377770068651e-01
-4.821132373385950132e-01
-3.121441223147183308e-01
-7.621286699110285667e-02
3.633865502359334698e-02
1.109526937022859983e-01
3.874389083925908750e-01
-4.079349017102629205e-02
-4.456427656552843786e-01
3.124374489269197142e-01
-6.260383477896347415e-02
-5.856651053295980347e-01
-1.526618123238785429e-01
6.023721875610270615e-01
-2.401847976605786528e-02
5.611622577561012903e-01
9.383712240378816460e-02
2.945727268517428499e-01
-6.398918233203714223e-01
-4.095288689298133278e-01
7.679230320814305344e-01
3.115671170246123722e-01
-3.144063411772979322e-02
2.920092978849062604e-01
3.007631812690503281e-01
3.404444580430361356e-01
-3.176029019449888580e-01
1.880544885302635194e-01
-7.180373011484579848e-01
-3.787144352662545899e-01
-1.693229789855257295e-01
-1.329686087675412409e-01
-2.471466959870864954e-01
3.528579933213631392e-01
-2.786465613119935014e-01
-3.057614486791564445e-01
6.022921402923318013e-01
-1.295229689664516570e-01
3.800809079766320764e-02
4.310059419445284590e-01
2.098455826117264778e-01
1.370842545315031913e-02
4.397204405840202668e-01
-6.785567543816917180e-02
-3.360598877520963867e-01
5.263825076606378772e-01
1.933157245431358362e-01
3.859953565890750227e-01
-7.140381407732743213e-02
-7.112439467658537851e-01
-2.066919079315745478e-01
-1.074613993605861850e-01
7.422924197458993234e-01
2.424791958245444690e-01
3.830948412037793460e-01
4.575334248615714472e-01
-2.370672919874099449e-01
3.119068282839698725e-02
2.909217900782490318e-02
2.342576063122914221e-01
4.386694347390491799e-01
3.380941654585143397e-01
4.958764742656089908e-01
-4.909003188222413883e-01
3.959591998509583988e-01
-4.272771607079501877e-01
1.383142072505192388e-01
5.264578518434603893e-02
7.315376710291898732e-01
-1.831041662330648023e-01
2.726482522263005137e-01
2.564568120612653601e-01
-1.708419181291507272e-01
4.220971465528569055e-01
7.608739354967308799e-02
-6.771632359221131381e-01
-3.941025837456137992e-01
2.318945585459815106e-01
2.294848556305284504e-01
6.313672039640305655e-02
3.521700857569056708e-01
-5.975686696743585102e-01
5.340066595938131044e-01
2.291652418376592948e-01
5.022028511472509393e-02
6.097830757574582705e-01
1.764772330506669817e-02
1.621156570791590923e-01
6.586812479375403484e-02
-9.691332585966971891e-02
-2.081096206588579633e-01
-3.799057727892565239e-01
-1.335613834866755667e-01
3.056682743411816006e-01
6.503114474470841344e-01
7.017880403493945707e-01
-1.746241987874697088e-01
-6.617522740612926668e-01
-1.321068738829351830e-01
-4.022642567005405567e-01
-2.803435752192298125e-01
1.469945638045455638e-02
-2.302633019764330768e-01
4.449809939584659091e-01
1.099330679762555718e-02
5.695440603432411208e-01
3.609972731995005901e-01
-5.806609918671163939e-01
3.076346584653677496e-01
5.236709059047228720e-01
-5.895634566364647000e-01
3.560737081124702996e-01
9.881881781282331190e-02
-3.198721738451570928e-01
-3.479449808263845867e-01
6.740821926672015962e-01
3.186744041897959789e-01
5.360571341537569978e-01
2.267942557048643337e-01
-3.770529207937522997e-01
-1.446841600370873948e-02
-6.501784060327704395e-01
-3.048455389614952438e-01
-6.181092397442036201e-01
-3.086121967392276844e-01
3.309982027508961977e-02
-4.320473242165672190e-01
-3.415616442286530940e-01
-4.839492108169718421e-02
-6.710138887450876055e-01
1.393720137167129280e-01
-5.849599856613538762e-01
-4.726660652389638173e-01
7.978857306476161426e-02
-4.084682085343880331e-01
2.091985836199157234e-01
1.863156688883060852e-01
-1.069578996419142669e-01
-1.287082835892512378e-01
8.707235775522548238e-02
7.559020757601508933e-02
4.242185307138592876e-01
5.429185806343337362e-01
6.111914444418893311e-01
2.738886841436567465e-01
1.116357849042461936e-01
1.660070928097026055e-01
4.830688148243167390e-01
-2.594438797854339285e-01
-4.550147687249506134e-01
-8.981855998839005650e-02
6.984440074068931636e-02
-3.827921165150476313e-01
6.449299359255729058e-01
-1.945296961666063140e-01
1.852779102886046303e-01
1.841677398713414959e-02
1.914204034366306928e-02
-2.758785579783227249e-01
3.694588588079081859e-01
6.344081800653977865e-01
2.190925350790573489e-01
3.615657584874441000e-01
-2.321601673124105147e-01
1.081054734013253693e-01
-5.222857623655805526e-01
7.994023219824253346e-02
1.252052516863866316e-02
2.277870170660207805e-01
-2.933140617240423964e-01
-6.833525512746501107e-01
5.842520441623477723e-03
2.033493721160493095e-01
1.757944542556755252e-01
-1.713823232043223399e-01
-5.624949848797111684e-02
-3.654768181726799625e-01
8.631318258049702763e-02
-8.472301221901012980e-03
-3.429515282958348621e-01
5.285146874406017048e-01
-1.238673156355094562e-01
4.018462399802311680e-01
5.050884024205757328e-01
7.633832762706482811e-02
-1.615917551901029370e-01
1.643714949246799506e-02
3.791661628235960535e-01
-2.905026138016104653e-01
-2.571771042410393449e-01
3.561367710328200431e-01
-1.393757958049102186e-01
-4.693964232931087111e-01
-4.725770885250186737e-01
5.830269037084914174e-01
7.298586491383414199e-01
5.326437283126335132e-01
-7.864604622054933714e-01
-1.125862291364407852e-01
4.639986047707322925e-01
2.614045489750607132e-01
-6.467982602051947083e-03
-7.240439200379640283e-01
-2.185992078282552598e-01
-1.172840875741165689e-02
6.134744080211351758e-01
-3.871553775950662413e-01
-3.841538449436132652e-02
7.329795065924464836e-01
3.262446588437617478e-01
-2.033492088352426563e-01
2.549671264351776045e-01
3.156902614671128759e-01
-5.126894638743655364e-01
-1.296901255436324618e-01
