-7.506287217452474181e-01
-1.040976182239647940e-01
1.185874732576415624e+00
3.133735744569623449e-01
-5.093652249248474817e-01
4.947090208689211011e-01
-1.315663868518655022e-01
-1.463619642361813078e-02
-4.844000231894121100e-01
-6.116784408376112481e-01
5.760047886504171544e-02
-2.109391510812562487e+00
3.418134084464208300e-01
8.984912740470356596e-01
-7.592157007012882985e-01
-1.044686933830577757e+00
1.101303686470309628e-01
1.374726794820112730e+00
2.179835014692024231e-01
4.746626150771904307e-01
4.192403112447724567e-01
9.412977205717698581e-01
-3.178242357275378183e-01
1.570849671810371717e+00
-8.162354549456996011e-02
8.869694115110480226e-01
-4.734502164259541956e-01
3.496042366275631252e-01
-1.505989210265707534e+00
7.677470020902728010e-01
-9.461474371330496069e-01
2.627335086200499603e-02
-1.254817062724455035e+00
-3.034805745247757258e-01
-8.410564231930148793e-01
8.706371257194529534e-01
2.124098815692745390e-01
-6.995734692637780583e-01
4.909628363845701671e-01
1.653880581813222506e+00
-7.396732942273143152e-02
-8.868595965459249442e-01
-9.845911948762413601e-01
-1.071999130307492276e+00
-5.893629316308315325e-01
-8.224677927407775258e-03
-2.421303247350259369e-02
-3.105758375314326969e-02
3.359705684008744697e-01
-1.843335023088421565e-02
9.207605491996186942e-01
9.652708234642748408e-01
4.776857740318458667e-01
2.854758102510270845e-01
5.330693607103800247e-01
-3.370594248370375468e-01
2.425533676489877166e-02
4.647443954277026279e-01
3.346621191514209670e-01
-8.993189280762550197e-01
-5.551374480032267300e-01
-6.688131898656290986e-01
-1.740529822381198244e-01
2.166970765065192595e-01
-3.392927697426140199e-01
-7.772804180675230157e-01
4.790109694440305432e-01
1.088960718066011246e+00
-7.813623015395307903e-01
-1.751100345948826131e-01
-4.903986538712699073e-01
-1.377160814521083854e+00
1.996709159820060364e-01
1.467050029710499359e-01
7.378105982993607981e-01
3.004927871539075923e-01
1.302490611190076919e-01
2.054991370404222195e-01
-6.544253032861266917e-01
-3.084900252053639491e-01
-2.131379196016780497e-01
-5.522972916052157899e-01
2.514789426444963283e-01
-6.296648647357994122e-02
8.961817617081067056e-01
-1.204582039359575418e+00
-8.336948546914353386e-01
1.835298384061090360e-02
1.561005085779685331e-01
-2.041195779677043021e-01
-7.653473661823859686e-01
-3.978666377220987371e-01
-3.232145266443220422e-01
-2.889518398005286315e-02
5.388116148057129351e-01
-6.099018122497650296e-01
1.428939724513327292e-01
6.856964656101904865e-01
-1.940334108428274362e-01
-7.887964993697984539e-01
-8.427547254570910695e-01
2.867806115683926294e-01
-1.196889979582413943e-01
-3.373031329423623603e-01
-1.015088112498760964e+00
-1.252160897067302159e+00
-6.560714252577426464e-02
-1.615510294351230058e-01
-1.347445280605630735e+00
1.132907723444978032e-01
-1.045133736392511725e+00
6.824877398135651418e-01
-4.911230278493841084e-01
3.121085376678411905e-02
-4.353036256017333017e-01
-2.896906489806578833e-01
1.448016619988710119e-01
4.391448697346866936e-01
2.224041631562654331e-01
-2.549077295322934589e-01
3.769345203760003926e-01
8.249572147631880625e-01
2.578544789482704047e-01
-9.804815112077580608e-01
-7.210150596167608228e-02
-7.565851380379626789e-01
3.912537365706567627e-01
-5.778256839771707121e-01
1.213885802419555127e+00
-2.629121258472375544e-01
-5.520125313472048489e-01
4.431453413232055993e-02
1.139493854689046515e-01
-9.949969354360002072e-01
5.431264702292626367e-02
-3.292228356325184180e-01
8.851526695634914788e-01
5.089317873364676004e-01
1.042084549992106091e-01
6.860432314238806839e-02
-8.589081503983679866e-01
-3.264484114659396141e-01
2.647717846289392440e-01
-6.390579236436897403e-01
-9.601032064595829141e-01
5.342976557658438708e-01
4.587187104622802991e-01
9.509378197967439661e-01
-6.570158423362899569e-01
7.824630720873511081e-01
4.765254150464333094e-01
-7.559445085233145178e-01
9.793074497118841037e-01
-3.371392675649182991e-01
6.573307402187982262e-01
-1.644133678805328458e-01
8.516849409978890506e-01
1.239636905924916377e+00
-4.484335598784019439e-01
1.903678231419005940e-01
-5.637524270300726670e-01
3.854743263264923669e-01
-4.271723380887850752e-01
1.251533332953607136e+00
8.472202821118060001e-01
1.086431064536393265e+00
4.991461731016251235e-01
6.321912193204868302e-01
-6.316573755951377933e-01
-6.487279007952473364e-01
-4.412146918771888693e-01
-1.679276402511451494e-01
7.121216641292384963e-01
-1.356707960497245402e+00
1.455229926931892237e+00
-1.355933883486919456e-01
9.389747569230220137e-01
1.330341578384519607e+00
8.752011387920966001e-02
-2.389919702000815604e-01
-3.379067726388207404e-01
-7.552049957454523010e-01
-5.518465311452942501e-01
-1.043243767789926224e+00
4.066765065715385319e-01
6.924766035632226036e-01
-3.925008985920346305e-01
-2.463015926299423342e-01
1.615921194537097705e-01
1.093632139216376586e+00
3.041192233526759381e-01
-1.561558829021241213e+00
-1.530414441541472215e-01
-6.019004891963719572e-01
-8.996367518030607968e-01
9.955125409103704470e-01
-6.812323832763400588e-01
-9.108145858567784359e-02
5.311930468459955534e-01
6.443851736434620392e-01
-3.595088079027313199e-01
-6.002376181101141128e-01
1.172735401524996668e+00
2.240385095241546054e-01
2.299379486172039577e-01
-1.190118486484835092e+00
4.199750537067226119e-01
1.223017952093472971e+00
6.256634561334406541e-01
-7.687640950243110893e-01
-5.419102984093910891e-01
5.024755327293632945e-01
-4.649347753235764102e-01
1.362024776512251734e-01
8.580486394793496174e-02
-7.951490540311265676e-01
-7.271938812422824583e-01
-3.468832316830514628e-01
-2.772235173171821998e-02
-1.205758692649547825e-01
-1.048977513561339059e+00
2.446326079049567781e-01
-1.880546300676426696e-01
9.415051562749106040e-01
4.033743344191398350e-01
-2.965520922039921459e-02
-7.849846484854232642e-01
-1.160349501872985911e-01
6.060568943688799948e-01
-4.215187760597682853e-02
-6.354553598733767572e-01
-5.738415621842731795e-01
2.471186766118602662e-01
-3.716920354015318395e-02
-5.696278111149020162e-01
1.248228981505237201e-01
9.484351241448765180e-01
-2.663654937890171936e-01
2.131677558204518874e-01
4.568608132689844226e-01
1.611997902985621067e+00
-1.453448170587181565e-01
-6.351501506818522103e-01
1.151532833613968521e-01
-4.907777912577939716e-01
9.015557461378165272e-04
-9.077173289326578853e-01
4.166954421296793498e-01
-4.951302135520387893e-01
-2.614898991276373152e-01
5.370493054177245540e-01
7.351388928726798611e-02
-1.227295411115330026e-01
-5.513961256205668349e-02
-5.426719347809614291e-01
-4.891110137392011836e-01
-4.263051421493537774e-01
1.173972309002992098e+00
-4.637566218546531616e-01
1.091442561243342269e+00
-4.536107933161046546e-01
-4.332037969906519237e-01
-1.137964344648448645e+00
6.694788647232732259e-01
-6.773776890780425219e-02
-1.273798522569075331e+00
8.471482712145483873e-01
-9.410494380347023125e-01
-1.193243534918435600e+00
-1.379595051808015782e-01
-2.646227595817318701e-02
-2.386708413526559269e-01
8.312443922191992129e-01
6.096644536485307242e-01
2.848646482212355835e-01
1.228669021313946175e-01
-1.213045522596773118e+00
7.761010198501461232e-01
-3.132494261876974662e-01
7.990983236574837889e-01
-2.115363216663705970e-01
4.906986066315344175e-02
-1.048296914564854632e-01
2.920304590221949326e-01
1.050728052136554069e+00
1.220445244365462756e+00
3.984206990714209695e-01
-5.197083187921682779e-01
2.096564453309390785e-01
5.722953339955783036e-01
-4.542184751744464677e-01
1.721650449470821798e-01
-8.671102685050122716e-01
2.271578544101178210e-01
1.089880704191927840e+00
-8.636108284041394967e-01
1.482006452015234288e-01
7.958138349550436530e-01
1.237670635376918682e+00
-5.311093355781544290e-01
-1.028058876070616190e+00
5.207245245747245121e-01
-8.338560422189651433e-01
-1.046092129930710435e+00
-1.125400642546628305e+00
-5.245634202756299658e-01
2.759171921844751907e-01
5.075977329443439601e-01
6.571087104773445375e-01
1.323895938559955354e+00
1.547348479954173683e+00
1.843111862464699158e-01
6.915955086356717629e-02
9.707276691611355091e-02
-6.842016161602426649e-01
4.107899256485829653e-01
-3.012649843848826947e-01
-1.140901224135219216e+00
-6.107055260385330087e-02
-4.821763648969010774e-01
1.199767715322943573e+00
-6.221523492137777112e-01
5.657972845074059620e-01
-2.988814625365758815e-01
9.348333087692690668e-01
-4.909295665317623403e-01
-2.739617806936500699e-01
1.597970113110007695e+00
-1.968961540338301397e+00
-3.894661458319452763e-01
3.056105956358932119e-01
5.031701485138304619e-01
4.561934232038531434e-01
1.313348483135454714e-01
3.020018402146344982e-01
9.090475352064339987e-01
-4.542326487109349387e-01
7.965437562258603776e-01
7.364997352978193135e-01
7.555486886539553026e-01
5.074705298815960219e-01
4.844494579956970526e-01
3.103884723441296956e-01
-1.405864189505123818e-01
2.499452952568779196e-01
-7.837365065289709776e-01
-1.432793754454019464e+00
-2.025460810927359745e-02
-1.467556851665197115e-01
-1.026794513133149067e-01
-1.157519520126655266e-01
3.412460435717212803e-01
-5.134291539237088031e-01
4.653353172654570713e-01
-4.217893227115281363e-01
-5.039453394393005325e-01
8.711435086723318122e-01
8.616587849149279776e-01
6.998572484072109745e-01
4.839806428005299921e-01
-2.332976534134019175e-01
-2.313284871823544364e-01
-4.811953576058929372e-01
3.797254129440723602e-01
-1.667160704511405633e+00
1.085413134037771954e+00
-9.427798524705020000e-01
9.004762342355645544e-01
1.055498271644426111e-01
-3.070418171515347794e-01
-4.925645010994887940e-01
-6.368046151773993913e-01
-6.233447352577750067e-01
3.439556691749299233e-01
-1.269828900538956251e+00
-7.363570524100468973e-01
1.231400159778095471e-01
-9.323220717744451491e-01
1.624358701332369037e-01
-2.618000411317265019e-01
1.715113411847796421e+00
-2.679810435786667000e-02
7.191713669812749288e-01
-6.576593349618908846e-01
-3.158801310716432553e-01
-4.566993756780650671e-01
3.793993562604116576e-01
-4.141488133023223384e-01
-1.458492540737834631e-01
-5.491696765785434309e-01
6.342268225890332900e-01
-5.359610385555493295e-01
4.284355563919834964e-01
-3.177721750846034254e-01
9.732137619348062429e-01
1.191322148132107905e+00
6.039667125797638647e-01
3.351928134493009637e-01
4.432757722769888886e-01
-5.060647402386573290e-01
7.981024397575087193e-02
-8.900660952434122919e-01
-7.951407096913474248e-01
9.859701148857515918e-01
1.565908600434058329e+00
3.655526595534430712e-01
-9.072701863291232627e-02
-5.744383116431599490e-01
4.349139920409053062e-01
-7.573711110115768363e-01
-1.592673304418917191e+00
1.030113901700513424e-02
-6.509745244129394592e-01
1.471996650711156818e+00
-5.014612145353334327e-01
9.943714740694922227e-01
9.783852097286116489e-01
-7.493742384498904840e-01
-1.599160065146969512e+00
-1.146311351878279261e+00
7.819702337199805342e-01
3.808733242271067354e-01
1.381988501241400158e+00
3.733687315646569971e-01
7.582674952058514606e-01
-1.574540290145232113e+00
-4.217233027829045966e-01
-9.157225172686072057e-01
8.074177200090293383e-02
2.332510773623255318e-01
-2.420622075019620567e-01
2.755672575587828632e-01
-4.251737670022111004e-01
-1.506923637067241195e+00
-8.010033001260330465e-01
1.130357020757327469e+00
-3.930271789989898679e-01
-1.123545200180191994e+00
1.548237120392759181e-01
-1.977551359419607024e-01
2.284427735450886843e-01
3.858074309762349330e-01
-1.125385404618857166e+00
-1.546064975628250515e+00
1.630798920914482864e+00
1.422395566191344329e+00
2.123443219409377747e-01
-5.855416649748876878e-01
9.291033797941992134e-01
7.131708675626509120e-01
-1.020204181808119337e+00
-2.449790784239986863e-01
1.865986314673797608e-01
6.292506391465231275e-01
4.492557698886514572e-01
-5.488378464991381378e-01
4.877392593834883883e-01
7.486902747868278141e-01
-6.661025263641615624e-01
2.786076124454464065e-01
-1.072495516032517138e+00
-1.442653134372108070e+00
-7.492544353162147175e-01
-5.540270287538602290e-01
-1.123150753829256221e+00
8.404662252869776751e-02
9.314396933952568958e-01
3.459467207838020641e-01
-6.925371524393408862e-01
-3.247911392285294241e-01
6.840198963644361640e-02
2.906424936617355570e-01
3.697706168844874242e-01
-1.131732106651837988e+00
-3.858888694767372840e-01
1.245993009973514809e+00
1.147164854946483459e+00
8.602239624543539520e-01
-1.716431602255736877e-01
5.913793079942353259e-01
7.870433559092537834e-01
8.320156134456642150e-01
-1.155419215303901570e+00
1.126638185451286134e+00
-3.007901856597481327e-01
-1.054570588640055817e-01
5.513171278007291676e-01
-8.656041003709553650e-01
1.328229624991099200e+00
7.263539534240637252e-01
-6.701541563958741676e-01
-1.483453056816568250e-01
-1.502350740501094961e-01
-2.405520612078717591e-01
2.210643901280207047e-02
-8.070874919230348610e-01
3.982303066908414735e-01
9.426859349269314237e-01
-4.125072123862754125e-01
-3.954568263231461600e-01
9.793335074847124844e-01
6.430319479352633039e-01
1.313073142201557353e+00
1.771537546635739702e-01
-7.920618372257592910e-01
-9.830803063508177786e-01
1.162453883430175416e+00
-1.428847707385950905e+00
-5.663153135531739935e-01
-7.724113823147682467e-02
4.757198397007424973e-01
-3.772929933068622788e-01
-2.437638820962444441e-01
-1.160040451510504500e+00
1.215724028818689462e+00
-4.031974889842748766e-01
-3.281582187533960138e-01
7.826053632551985828e-01
3.622606677297213196e-02
1.325667082082489401e+00
-5.155091299536982419e-01
-4.607143198874652512e-01
-5.163915246262948955e-01
-9.522219841180046274e-02
-9.519649276534014604e-02
-8.044035390643475836e-01
-4.450736662753795869e-01
-4.421992026348027238e-01
7.683277512471065052e-02
8.094416225554645905e-01
-2.582206837844545078e-01
-6.361724790364675641e-03
8.147580737169466403e-01
-4.153284797131977513e-01
1.169577272948041369e-01
-5.667343607000079331e-01
1.244730484153856231e+00
-4.693613398363014610e-01
5.157635764406522938e-01
-3.044826977332881768e-01
-1.248791400532370588e+00
6.309807626392425206e-01
-6.086790706226565817e-01
-3.769720979008370776e-01
-4.544678109174054015e-01
-1.392827322325835837e-01
-6.737440234527776184e-01
1.855867485182969290e-01
3.334803046483703071e-02
-9.132377293605209445e-02
-4.759268231467661536e-01
8.333246900265294244e-01
2.497503132912122226e-01
-2.969013413156460501e-01
-1.275999865903179931e+00
3.988437923187113654e-01
-7.456616608205548502e-01
1.417694784246936734e-01
1.523402461495750870e-01
-1.268167632259213917e-01
1.034372890490590891e+00
-3.344169752562820008e-02
-1.008211597380359592e-02
5.406991461857248993e-01
5.035483632342563354e-01
9.756298441966215762e-02
-7.112929306419291109e-01
-7.050509744207289486e-03
1.115127746832902389e-01
-3.031606657077006162e-01
-6.749286338355062753e-01
-1.089102377274819400e+00
7.300886129147823311e-01
-1.385102616959397182e-01
-1.386604755224423613e+00
1.766608730533807403e-01
4.472411634671846770e-01
4.284287437508238483e-01
-6.283813987370647780e-01
-6.480678637927015373e-01
-4.147030862892444603e-01
-9.222073106624586458e-01
-1.435127629094425927e-01
-3.029171966438362062e-01
8.000521038454611045e-02
-1.295605070082487487e+00
-9.854212155377819471e-01
-4.225813220757403954e-01
1.724804375164138648e+00
-8.637473533038839690e-01
-9.431138650964134840e-01
-3.874474293141263459e-01
2.495072782297249603e-01
2.690787418490874217e-01
-6.344145942794634507e-01
6.855773450528452884e-01
-1.272675743441960439e+00
1.241543197088392780e+00
1.451864524247215016e-01
1.163909329209275256e+00
-7.487906968616098169e-01
3.447739116928048020e-01
-9.325967517766322601e-01
-7.487894684718643390e-02
-7.296089707046098383e-01
1.392512049829276677e+00
1.508647499884041565e-01
-3.211006668898024330e-01
6.158175316729046500e-01
-7.941188266969660958e-01
6.072602478229960354e-02
1.464153539831562156e+00
6.885320364722256059e-01
-6.988767875488886006e-01
1.075880194170652615e+00
-5.610589774938992136e-01
8.429952482363241018e-01
-2.079487158740453978e-01
-2.153743070229392487e-01
1.120904196662131369e-02
-2.569590450105021517e-01
-1.010084981511489843e-01
-5.499511437074406928e-01
1.602436607667989676e-02
1.062207105361565596e+00
-6.719163356998336667e-02
-8.598188877778314421e-01
-1.630715784864396056e-01
1.351577471294273636e+00
-2.174914807200636346e-01
4.633691419432643954e-01
-9.757204288143395132e-02
-2.719609087804188974e-01
6.177279577346794781e-01
3.741733775772804194e-01
2.295671693894902887e-01
3.475263812557223275e-01
-4.674568429735437292e-02
1.313348369568803520e+00
-8.844287438382814059e-01
-3.028323867450168905e-01
-5.991042396257881819e-01
6.831935622767781879e-01
4.075096576087320344e-01
-1.195027839250469182e+00
5.104786181439138204e-01
-6.408075309068541614e-01
-2.596580659715890249e-01
4.619094839077577674e-01
7.297456669223461034e-01
3.843448467187311479e-01
1.295791977326716804e+00
3.957900783100569697e-01
-6.063392854809155352e-01
-7.814686822863912141e-01
2.789529263223045064e-01
-6.416308673999893131e-02
6.133667825080024727e-02
-2.545867878811831631e-01
-7.207758718999590641e-01
-1.204489652024562041e+00
5.529847342651486031e-01
5.567552854246624605e-01
1.531959850198203910e+00
1.126380128881754317e-01
7.421238265530831768e-01
-4.432516425872004007e-01
4.410659435361408143e-01
-4.543324087251976451e-01
9.449478297016167261e-02
-4.299493035688088938e-01
-6.652393360773878328e-02
-5.331171885103316299e-01
2.529656274132561222e-01
-5.451490109686396579e-02
-1.040536161481400157e-01
1.497434176824121721e-01
1.394915683279309704e-01
-5.878692084804839624e-01
-1.333864063813726020e+00
8.465371347747598918e-01
-8.634689999102009850e-01
1.987050221956536689e-01
-5.949934634742977124e-01
6.628411493708608049e-01
-7.356978042798107964e-01
9.105979315707237731e-01
2.071555023461364442e-01
-4.750691536465021514e-01
-5.446121302238360329e-02
9.450917074384834748e-01
-8.700727828603804781e-01
4.095118902033920705e-01
-4.775659240076048917e-01
-4.405428725742250862e-01
-2.809581993933809585e-01
1.958771203623088653e-01
4.866799663034910850e-01
4.341057013505258411e-01
4.251141802519953217e-03
-1.547197237910275636e+00
5.554605643088272871e-01
-7.706464262154515410e-01
9.595921685698050041e-01
-4.121737867551011902e-01
-2.298096373916376223e-01
-1.157830155312844944e+00
-7.091400477040057382e-01
9.165298385712272733e-01
-7.419793311501496902e-01
-2.143086279259245330e-01
4.678024338739259491e-01
1.006405673846755278e-01
1.230560498845463258e+00
-2.188662845570945592e-01
2.096933266621761049e-01
-2.052779434274132342e-02
-1.106891162594052513e+00
-1.053905290861802957e+00
-6.921915822558943887e-02
-3.869954192688931371e-01
5.376855519143113327e-01
2.370791631910407204e-02
6.636879707655829463e-01
1.008862031194200704e+00
-5.265088610946984105e-01
1.273761905208453449e+00
-4.509494580016335519e-01
5.408144994986239240e-01
4.191547167682436736e-01
1.995397161326446067e+00
-6.457906209750250426e-01
7.013781976441109123e-01
-4.185914035183380122e-02
-7.239231198214390872e-02
-1.422791736182951183e-01
1.388665102023374232e-01
5.068382503972310715e-01
1.122236046980832569e+00
1.615789010372479240e-01
-1.601360747691023434e+00
5.587063406023364820e-01
1.524701811359605585e-01
-3.831616755290436771e-01
-6.374597613628543158e-01
-8.402664913635780053e-01
-7.989056339421676256e-01
1.041372535451822401e+00
-1.381079284582051869e-01
5.302758351967762351e-01
-4.013281879683772146e-01
-1.158165859018900345e+00
2.605272690946813796e-01
-1.607655970590053940e-01
4.913636043646132379e-01
4.816544968851470543e-01
7.765391801097720759e-02
2.144003776363607727e-01
-9.123791538392866940e-01
-5.980997400193723834e-01
3.920066240345203568e-01
-2.253458628081643766e-01
-4.991539412164733847e-01
-3.542016281614621676e-01
3.232326347588587723e-01
-4.426329281683560879e-02
6.263989394031668212e-01
-2.860579749213725265e-01
4.488522317842411624e-01
5.039434610156492411e-01
-5.311316960117773434e-01
-1.863773205806831257e-01
7.742571535791711312e-01
1.802470312960885224e+00
2.260593011500668936e-01
5.411318531603726001e-01
-2.905119206200428295e-01
7.279639777678550416e-01
-1.021332520973237123e+00
-1.247081470799193070e+00
-9.536211545088759678e-01
-1.521846720897629623e+00
7.575434107681360274e-01
9.696166799598664454e-01
5.104634658443254480e-01
8.203788061834860201e-02
-1.491473410013082201e-01
-2.892085557568790932e-02
3.135285102678295743e-01
7.266389008331231025e-01
6.413215668382790113e-01
-9.231554398300421127e-01
2.194725402499297928e-02
1.063154300876876235e-01
5.928643516246934198e-01
7.267060403380725120e-01
4.324066174687946074e-01
-2.636662502203783731e-01
4.257317824242115023e-01
1.275120242346226007e-01
1.737322597368944344e-01
-6.105851019108126110e-01
1.030802584855948112e+00
2.027462863259543724e-01
-9.541964002794776079e-01
6.451041607050624904e-01
-6.132617862976008638e-02
-9.745450843552507791e-01
-1.014703447461977603e+00
9.249676579804608778e-01
-1.252305030244091899e+00
7.143353999678216937e-01
-4.012617283425585768e-01
-1.256373117460632294e+00
-2.254723094629706992e-02
1.077874289401874464e+00
-7.555599038842437665e-01
-2.708041242977019536e-01
-4.646620790320277194e-02
-2.865381988307982297e-01
-4.480722225176192453e-01
1.280486825869608936e-02
4.013585570382982581e-01
8.122974311138628778e-01
-1.364755684639019861e+00
5.802447006660083062e-01
7.929633938497637757e-02
5.246517436840569815e-02
6.273077758759981748e-01
-1.165969485340493605e+00
-5.303010780685353254e-01
3.530566527745389038e-01
-9.863843081499066301e-01
1.518550307177820358e+00
4.888327800802203527e-01
1.316049217357515566e+00
-8.980105347146194461e-01
-6.199723360266826688e-01
-1.430427541490635335e-01
-8.866942821227734584e-01
-9.917324051803291241e-01
-5.650952220383613778e-01
1.122293270956777889e-01
3.467786446248268817e-01
2.213963388099156049e-01
2.077886792082956902e-01
4.160772719363770022e-02
1.551100927230883997e-01
5.036821638188548889e-02
1.776686848484347436e+00
-2.930899745124113664e-01
1.000483923670039133e-01
-2.406162193554770568e-01
3.162963695977456524e-01
-8.171059728643657039e-01
-3.957947529891274741e-01
-5.437318291898147748e-01
2.710471754030905345e-01
2.308548244807662186e-01
1.004770312184262160e+00
-4.705006989583431221e-01
5.966542410369370941e-01
1.850295080103734335e-01
-1.202381123243708494e+00
1.020313577243872061e-01
7.351374946950715028e-01
-5.166466020840072559e-01
2.820885726728752374e-01
7.744588911393046615e-01
5.670942717087532614e-01
-6.894120578461810922e-01
-1.247101600698958812e+00
-3.140064917314147053e-01
-1.565441917822489870e-01
5.875471707705344215e-01
-7.004560326162678763e-02
-8.981265332243228983e-01
5.932153277494203181e-01
-1.107247467560101839e-01
6.741270224505750974e-01
-4.918579826392228682e-01
9.105161358664526361e-01
8.911992834700432908e-01
2.144030261501050916e-01
-4.174094873115254956e-01
1.509810469053718407e-02
8.138056422034711801e-01
-9.520054067072338810e-01
4.536307288211265387e-01
1.043126156977213448e+00
-3.728201750092807742e-04
1.918711515114743804e-01
-1.723910579942593557e-01
-1.782783398980436473e-01
7.860389915797760807e-01
-1.047741132159027977e+00
-1.163057965267515481e+00
-4.609602415461537817e-01
-4.684613739968295221e-01
5.704157799073961144e-02
-3.342324265312361931e-01
-1.576632404895468298e-01
1.017774191280339302e+00
-7.793842656298810567e-02
-1.274865770457624947e-01
-9.360358215037578589e-02
-7.209900923339320755e-01
4.829184287491736782e-01
-4.015134526850570040e-01
-1.126036280569705283e+00
-4.252004974562009210e-01
-1.000595553338342825e+00
1.211153128736571105e+00
-1.095009427758979470e-01
1.353442307069921746e+00
6.618771250900383762e-01
-1.684307184053253081e-01
-7.397395233518553326e-01
-1.831374937797978220e-01
-1.143583972511308389e-01
3.890797981781819459e-01
-1.375426507098695961e+00
1.995298884649514548e-01
4.038572192572864594e-03
-1.054981079656789333e-01
1.208008408516185739e-01
2.377012957089128520e-01
-1.001351742141118883e+00
2.329932801322947000e-01
-6.816478204458054080e-02
2.917253403461259609e-01
-7.625697251178369385e-01
1.354749614849552586e+00
-4.419425607079663365e-01
3.452529093353806644e-01
6.295428450466378223e-01
3.932426458296092164e-01
7.720086839135724688e-01
1.655783211238492925e-02
2.034054576631820765e-01
1.996402842392610566e-01
8.506786108229285048e-01
-1.437341818923263403e-01
-2.073082141507960330e-01
-3.314276864900547181e-01
-1.435828851746284940e+00
1.692763267262531457e-02
-7.917660688272887271e-01
4.325032394025560833e-01
-1.646070366219989367e-01
-1.077056528063179641e+00
4.907340763742320533e-01
-4.212071112574191645e-01
-2.686157723463926672e-01
-3.302400749688869652e-01
4.904180110945342008e-01
8.199815114576836095e-02
7.769604848699191990e-01
-2.320801922593620503e-01
1.619786360898423538e+00
-9.942531524249824670e-01
-5.095545117151170089e-01
-4.647008388720053063e-02
-3.952926010555364300e-01
4.551264199512026210e-01
6.095580291658357908e-01
-1.830565984497951604e-01
5.180559958937465126e-01
4.367402363262185006e-01
-1.962637976640921877e-01
2.586731218209994410e-01
-2.806846715170570050e-01
2.069280357973477535e-01
-9.923331060044278118e-01
-4.469581287229829059e-02
-4.487362474188296702e-01
-9.648729473968522541e-01
-3.580133685943032162e-01
1.108116372760123092e+00
-5.668162099771016926e-01
-8.888825285071062510e-01
1.412256769986264260e-01
3.804036743653576025e-01
-5.579260123552796102e-01
7.283981857859513909e-01
1.144256923835371254e+00
-1.233256683871628567e-01
-6.663173657546010986e-01
-1.573735184350297800e-01
-1.055160492434769726e+00
-1.549610008739517042e-01
-7.350306363968082124e-01
-4.059250253360442429e-01
9.176042749660648923e-01
9.672825230784534156e-01
1.481845309743157202e-01
8.991716259056854454e-01
1.710021142703922692e+00
6.804101284601902222e-01
-6.171324084099207852e-01
5.439666066762516294e-01
1.246544787076020455e+00
2.134165800562106696e-01
7.591704183462324451e-01
-1.348757482088177362e+00
4.525480975365789860e-01
6.855733173263178770e-02
-8.469427844453125687e-02
4.776097817764570763e-01
6.799736622328813596e-01
-2.420648977177961569e-01
8.080305068083548647e-01
7.911989580484535267e-01
-1.793654798385055926e-01
-1.111857433381233662e-01
-4.001974175214702001e-01
1.477716014183343418e-01
6.707797477442056788e-02
1.077323555797446986e+00
-3.540919312329915414e-02
1.336909733443193637e+00
3.265580472553528679e-01
-4.940204912939432091e-01
1.860182085857982059e+00
-5.977387730951759792e-01
-4.152350671636613200e-01
4.736933192977064166e-01
-3.528445073463251092e-01
6.364358529230784711e-02
1.754428483446455189e-01
5.717985658402167104e-01
-2.282501827307905629e-01
1.544631498361184185e-01
4.733553325695671887e-01
-7.517778261837566589e-01
-1.135569369586617583e-01
1.097608121296591577e+00
9.629144733687731161e-01
2.742925915799023784e-01
5.699877057859907836e-01
-3.275261320618856331e-01
-1.241600052592355397e-01
-4.281705377969302617e-01
-1.470493584891388039e-01
-7.022760824116645040e-01
-9.890544072350238025e-02
9.700085572135366263e-01
-1.807209039673333351e+00
-1.064026570646664283e+00
5.482255623104395070e-01
-5.056789741812659500e-01
1.713404857020703886e-01
7.458708420537529804e-01
4.831710941163276374e-01
8.269913607179626425e-01
5.307265035180392942e-01
-2.042041038606230430e-01
-3.349328788439294158e-01
7.150621272797366146e-01
2.521963195756082854e-01
-9.271728769255025426e-01
6.155678013058718534e-01
-1.259505715677407434e+00
-3.118125865347600723e-01
2.793843463452869713e-01
-7.218830667966225079e-01
1.704303087410474760e-01
6.256437449397997952e-01
-7.090049689887827356e-01
1.297382129410533658e+00
1.192943074507333279e-01
1.356170514832914620e+00
-4.119288085102841279e-01
-1.648179917970180153e+00
8.446204933582945884e-01
-2.080948767806010125e-01
6.191728670465561635e-01
-3.728104506841480870e-01
6.249822655125214510e-02
-1.602599990403846153e+00
3.570127452509774812e-01
6.389121367103181015e-01
3.225203878379501177e-01
7.059184935245159664e-01
1.908418276494145971e-01
-4.128932735817016919e-01
2.851246352875289602e-01
3.172085870947860542e-01
8.024639625237544038e-01
-5.095540397502817953e-01
1.068805201890130618e-01
-3.943628940167798191e-02
-4.760425686004428059e-01
-3.550550871751418924e-01
1.654343640494122525e-01
-1.307789535228317312e+00
3.183990210073091021e-01
8.260579003860435421e-02
-2.014866141995437232e-01
8.600283848843499612e-01
-1.750744437079108096e-01
9.038937413411929356e-02
1.017809455937133123e+00
-9.323193801213847109e-01
8.147043474667192697e-01
4.622501173051141166e-01
-3.440568730532866937e-02
-2.386249371184234747e-02
-4.519770342800564222e-01
1.141228634616626714e+00
-6.935128679401412199e-01
-3.345255940841509457e-01
9.454102719485657502e-02
-6.586979205262872838e-01
-6.714665234647911873e-01
-1.294520937281468775e+00
3.732021471105806398e-01
-3.776154044776003360e-02
1.250942024006742592e+00
4.587650928479671819e-01
-1.927768727295466888e-01
5.469131113079228612e-03
-6.562862054238154386e-01
1.083146309154061626e+00
1.270416098378072789e+00
-1.044740236417943002e+00
1.455127469318531652e+00
5.492783896569211066e-01
-7.514272883165649120e-01
-9.025349501724546641e-01
9.519944995880678107e-01
-1.292947290496865520e+00
-6.063525980897903622e-01
-6.591170229921949897e-03
-8.633652156910489595e-01
8.488680270404325157e-01
1.364381503361099313e+00
6.997998315503375366e-01
-8.593352741756943303e-01
-7.322157964762556759e-01
-3.508831727634147413e-01
-4.388570067312693723e-01
9.434114250198311069e-01
-3.867111018314171034e-01
8.961968592881941476e-01
1.481795943512748792e+00
1.006274327034089922e+00
7.236326437836870795e-01
-1.270942257445710322e+00
-5.061239401375461355e-01
2.883160115993055328e-01
-1.365281619048950290e-01
-6.575354669276727293e-01
4.770753902014668313e-01
-2.010888424782599770e-01
-1.039278575836222629e+00
2.680669595320139820e-02
9.802860035036609077e-03
-6.950834817213102923e-01
6.445977038657897396e-01
1.213656830339104431e+00
5.708927651044337637e-01
-8.521296612326842990e-01
-5.449457106220823022e-01
-3.536521413993529706e-01
-3.391291915231873233e-01
3.872212944988895345e-02
-1.064639749562368731e+00
4.919079525801306474e-01
-7.296287880564733541e-02
2.930623827458020969e-01
-9.709849140032025261e-01
-1.261644186699802717e+00
1.350688655171805586e+00
2.375534055194661320e-01
-1.325269438264398136e+00
-1.106106267892349670e+00
-1.255642984915410487e+00
-1.028516514286218708e+00
2.399487869005429985e-01
-2.149247994407739615e+00
3.797004045900065350e-01
2.221130758373890401e-01
-5.098020217844103641e-01
-4.853408638788216933e-01
7.256666638236879407e-01
1.388958493981684583e-01
9.378667335088941570e-02
2.198128167104496100e-02
7.136311973853972646e-01
1.963217890856512327e-01
-1.006536275418235427e+00
-6.252924977046623312e-01
4.919113905115288787e-01
-2.149685458814785122e-01
1.353406019265808169e-01
-3.151114591444859059e-02
1.545198037650443723e+00
6.090635228432894621e-02
-9.842268507634539532e-01
1.433015622710208881e+00
-3.973690691106064321e-01
-7.421979075192552955e-02
1.574317951518855452e-01
5.132258518642451861e-02
-1.388575893700303876e+00
7.959621083741685865e-01
3.833155759696076359e-01
-4.900173287961706592e-01
1.174934690485818223e+00
-2.327803999373934118e-02
-6.073347209667510072e-01
3.404690923189868101e-02
1.072260749744668118e+00
1.690320315424404640e+00
-1.020143252977471882e+00
1.620448696983412873e+00
-7.190731939977483833e-01
-1.198371996985383880e+00
1.356953743842096216e+00
1.478942752930087146e+00
4.333737724640371880e-01
-9.944173531894069384e-01
1.105085018483494608e+00
-7.106600221892662717e-01
-2.261409546516048863e-01
8.123399360169170080e-01
1.087067973918558472e+00
2.874543695321900572e-01
-8.267010283823683636e-02
1.703311605906021597e-01
1.147306906915979141e-02
1.492029730435442403e+00
-7.085606670797730544e-01
2.160483957089631701e-02
8.316478278862984297e-01
-1.542501487926961623e+00
-1.329378251841175640e-01
-1.236273703850390149e-01
-4.070817655498339960e-01
3.617804985231467541e-01
-2.938798503239468118e-01
1.951184701686461409e-01
-4.437029572434401103e-01
-4.057225040240473035e-01
4.394116494194744149e-02
-7.057288389472562429e-01
1.401011953742878902e-01
1.415996805724288876e+00
3.589543916237136756e-01
2.561091364055876340e-01
-6.520491214824275517e-02
-1.656349530205734055e-01
-9.910975471922087721e-01
1.071098816964407341e+00
1.156483600564577330e-01
2.924157419082931142e-01
1.948021760873350772e-01
7.179010487093702153e-01
-7.179675943627490398e-01
9.972768040829667058e-01
-9.951947206579072613e-01
1.128439371459535323e+00
-7.165838965641722069e-01
-5.658990490333808410e-01
5.680924541140228712e-01
-1.763620242247467829e-01
4.855850783714199537e-02
-5.909673551318519458e-01
1.325514774352861913e+00
3.788665682247671640e-02
3.706515385267863394e-01
3.277105862195694996e-01
7.553726272662792951e-01
2.695321289753600524e-01
-9.069360313759666781e-02
-3.938574354324577698e-01
-1.088297776011240003e-01
-9.046095690249984500e-01
5.010052342532755887e-01
9.297113848215730059e-01
-7.044339872835010397e-01
1.732173434940643020e+00
-6.152852240077626433e-01
4.525329797005817056e-03
-7.421237026633775713e-03
-1.021577029767826161e-01
-1.231060328226787348e-01
-1.482576100295545540e+00
-4.766785127995083471e-01
1.166705921789995770e+00
3.817063441091388398e-01
4.453629313734754902e-01
7.575770588667571914e-01
-6.801732498598491716e-01
-2.086497438566776719e+00
6.451498566500646348e-02
-6.091638856884014075e-01
1.231285651140742843e+00
-7.144922012237291398e-01
7.862932856506450463e-01
-1.938775935749781354e-02
6.453614164242686968e-01
9.087321558919958520e-01
3.486382132825793789e-01
-3.800747621311453273e-01
-7.170325501504972721e-01
4.968082106836835266e-01
-3.050580463857448521e-01
-5.821638287204660145e-01
7.106676543560048742e-01
1.086169767356821581e-01
1.336022480638696663e-01
7.099222393993551705e-01
-5.271040290786235261e-01
-7.448509491861701193e-01
-9.939965388201699170e-02
-8.860661725850880188e-01
-1.761570831596666054e-01
1.068621331370787075e-01
-1.106904635277484950e+00
7.478529637247275375e-01
1.608187964566136330e+00
8.254127733748308771e-01
6.977691047344505293e-01
1.106672882024479776e+00
-1.172711761954123855e+00
-5.865960363672169109e-01
3.025694337001283429e-02
-1.626681919684910049e+00
-1.861421091444366294e+00
5.539620020635949160e-01
-1.052098960012797235e+00
1.581871159380979108e+00
-4.597393967452418906e-01
7.790439593222666659e-01
8.724947451896349904e-01
6.133149622345825946e-01
-2.309495012237912093e-01
3.330675106788660855e-02
-2.058142515468777134e-01
-5.856818648869905886e-01
8.425270464318561636e-01
-3.711562166439650312e-01
5.274993842069974903e-03
-6.624130740205238510e-01
2.458195051838663048e-01
-5.746537866239460612e-01
-4.357977748348140778e-02
-1.217125902090494094e+00
-8.423926710369675774e-01
-1.948844585382882855e-01
1.945861928289982501e-01
6.944169774665809314e-02
-1.103875630707206845e+00
-6.286966019071780210e-01
-3.300121612789830294e-02
-5.902606544677615474e-01
5.252035461277460016e-01
8.831179697022095709e-01
1.712154952735018831e+00
-4.979859355907629848e-01
4.349238275840603407e-01
-3.133276920771645990e-01
6.128159309886456185e-01
-6.194907398973636958e-02
-6.456148835833230848e-01
1.124848187019082069e+00
8.330244889928053453e-01
5.730527423637852280e-01
-4.767973261981737210e-01
-1.393555859592998658e-01
4.415018321505215226e-01
-6.718808190371268196e-01
9.927718843368111834e-01
5.139294868804169525e-01
1.358861184260753419e+00
-1.016982359983273021e+00
-1.560194714059309540e+00
1.492123019790664529e+00
-4.761637574440955589e-01
-1.675096573940707323e+00
-4.053006060188604209e-01
8.879539165434513492e-01
6.094700163171040685e-01
2.149742907121527935e-01
2.583035126790669267e-01
1.001614341659994523e+00
-6.204755502759429220e-02
9.714772852152018245e-01
2.827186776792975920e-01
-1.192598929245135331e+00
1.000209846165537542e+00
5.106315499622784415e-01
7.468380103666110159e-01
-6.513841896922523134e-01
1.326742487660177439e+00
6.980730280150044820e-01
-1.155233604419585447e+00
2.401335980318410890e-01
-7.817920221126684055e-02
-5.048078680206025126e-02
2.007847622134315557e-01
9.760406170800282055e-01
-7.312842907892127542e-01
-8.831036397265501492e-01
1.246181571854343417e-01
-6.166239867053535662e-01
-1.343814247907502146e+00
1.022385777881389402e-01
2.693020374085017821e-01
-1.922573199755719386e-01
6.390574348677757754e-01
-1.161662963313023766e-01
-3.175895852114996032e-01
-3.281529668298555080e-01
3.194524702090859591e-01
1.175666284522591809e-03
6.417675895499908023e-01
-5.017906690312470275e-01
4.341406053445240332e-01
1.958160149213393098e+00
1.826030365092883301e-01
-6.538228181260539174e-01
-9.160138070055721116e-01
-1.338847443357344513e+00
-1.180748736448293812e-01
-4.042841066278670681e-01
2.648191024153021544e-01
4.877977516517715273e-01
-7.516316833811940157e-01
-3.181365263553548317e-02
-2.453120027532387226e-01
7.435742079015454919e-01
-4.793675038155944534e-01
5.887512225515934006e-02
5.580220776061741716e-01
7.453356843144689492e-01
-1.104718111946269232e+00
1.980483499351931798e+00
-2.969313992845741268e-01
9.104456686670125976e-02
-2.542589133978827576e-01
-1.087678171372856273e+00
-4.382464971149042654e-01
-5.720134185590524112e-01
-3.568957873469438269e-01
-1.259248034538393846e+00
-3.747405988359719942e-02
3.740826964816914568e-01
-6.968969598503402807e-01
-8.028940821056744781e-01
1.339476424594558956e+00
6.298455123542057166e-01
8.460412644500117096e-01
3.314185983827151460e-01
-9.452501300509785764e-01
-1.235825512854825448e+00
1.509509006332252490e+00
-1.262416553924330387e+00
-1.902533509217965157e+00
4.242176341141341567e-01
-5.253173724146886769e-01
-6.314570274897786106e-01
-5.464688462876479136e-01
1.064131407566275556e-01
7.361584268262753028e-01
6.748246159673412237e-01
-8.060300331366363480e-01
-2.821840779809772215e-01
6.048959124448902713e-01
-2.126860609728291607e-01
-2.061584437442629536e-01
-6.154606338625310258e-01
7.804642478690198004e-01
-1.455543614472999181e+00
-1.810931589513309348e-02
6.636977431712134390e-01
-3.283789144365156787e-01
-1.325854957982266491e+00
-3.476805519371808373e-01
6.791664920957547480e-01
-4.339732741145851946e-02
8.672060008862692015e-01
1.553450074296906180e+00
1.160920208145963528e-01
-2.130151606643950757e-01
6.653982840210943550e-01
-1.211811596767873311e-01
-1.833844109980908854e-02
-7.859446096965001516e-01
-4.183225782521997616e-01
7.831463257462258909e-01
-1.034653866151892032e+00
-8.125715290648729550e-01
1.325755976844846806e+00
-5.906177982498830303e-01
-1.027718331341484159e+00
1.346622893178222036e+00
1.822321495387813073e-01
5.436558672024194294e-02
5.330510616963302084e-02
1.730186763069603728e+00
1.058096865894704308e-01
9.222822838371591558e-02
-5.227648865142793255e-01
-5.856819163892339475e-01
4.738883075291457914e-01
4.678560288367963338e-01
-5.743499671188452282e-01
-9.495355722131826326e-02
2.684335039569702985e-01
-6.247646476616148803e-01
1.036591485280499825e+00
1.877966582033954168e-01
6.281489024094897289e-01
-5.930686366136566079e-01
-3.071440105567360135e-01
3.767263766112236567e-01
-5.091661461778560493e-01
-5.955278417209397546e-01
-1.065709192330199784e-02
9.511665437234837484e-01
9.111981555756720752e-01
1.473542597238449048e+00
2.953324750013583966e-01
8.630359219802024029e-01
1.195913317788397379e+00
3.622795442365891461e-01
-5.379000397695712365e-01
-3.832302734414270162e-01
-5.466816152145703711e-02
-8.111753984442646725e-01
5.625920439661502570e-02
3.829237382042176563e-01
1.445164227287721204e+00
3.141014691056209784e-01
5.996508608221473580e-01
-2.920312462022769395e-01
7.141494966797115040e-01
-6.618959041526277787e-01
4.849274199718323075e-02
-1.552833058653508846e+00
5.336546859390729480e-01
-1.026888287261478183e-01
-1.111495317651858272e-01
-7.398786030879476172e-01
1.160309985576528646e-01
8.877898314065788554e-01
-1.534617107544162806e-01
1.079562211438385155e+00
4.450206884601835000e-01
6.564789500769263597e-01
-1.210874597401970121e+00
-6.973477197971442720e-01
-4.489201988160225198e-01
7.704709287662687700e-01
4.015826164475253535e-01
2.217102124081193892e-01
1.216309524103699857e+00
-2.414816632668790319e-01
6.129937367320712482e-01
6.692922261999445510e-02
-9.515877886169583633e-01
1.744905107404370881e-02
5.945229307006716368e-01
-3.257319077578726407e-01
5.561918407398716013e-01
-5.138037335394951555e-02
4.708583811150752751e-01
-1.059532197376981344e+00
2.513012179071765217e-01
3.007159387862481381e-01
-5.348074074787225740e-01
1.611639508569801649e+00
-3.406661078712849289e-01
-2.313535346106245782e-01
5.298802960719033450e-01
1.040165242617641539e+00
1.346702930518215879e+00
1.330930776169676477e+00
9.415192567856056627e-02
2.616753333003920545e-01
-5.755875759471891229e-01
-6.599410878006715109e-01
-7.320847530417928795e-02
9.481312212781212168e-02
3.931460570749258920e-01
7.736221464983170648e-01
1.905933683705018922e-01
-8.860392131927552484e-01
-6.809454849424003697e-01
5.252865420485868242e-01
4.297813365559468579e-01
-1.302201999364662743e+00
-5.967422700677618153e-01
-9.194085860901424212e-01
3.609737737278368996e-01
-1.090653247436943474e-01
-2.896330305001901806e-01
-2.868365057712187749e-01
-7.916622135411195416e-01
5.444303361459663648e-01
-4.289146039286686474e-01
-2.020541130593844770e-01
-5.780385605048827813e-01
1.053930803865177346e+00
-6.242733286940449489e-01
-7.214296624376794753e-01
2.666247705604494200e-01
-5.508604219500528032e-01
-1.955085202464488248e-01
6.983974035166262695e-03
-1.221613876285925215e-01
-2.806790519259747541e-01
-1.544010229891306096e-01
-3.037995027387498936e-01
-1.026520774579370965e+00
-8.864739020116241264e-01
7.328902181479683975e-01
3.687142624395018942e-01
1.264452621430891099e+00
2.202249341269499894e-01
-4.828176430042860900e-01
-1.298578770915004288e+00
-8.908726474939543394e-01
1.240555421991640372e-01
-2.574528493915426708e-01
-1.086097570557443603e+00
-1.793359394846110177e-01
-4.762789159995826083e-01
-5.158734389374339813e-01
3.195456569744159481e-01
4.503976402283260683e-01
-7.042348268617875107e-01
-2.460668195920687751e-01
7.920059540395172348e-01
8.159712160434908768e-01
2.256594221490013652e-01
1.068370695146329652e+00
3.472675596429608547e-01
-6.957460303519367173e-01
2.958796892478732232e-01
2.252080703043093379e-01
1.861173592900495777e-01
-9.561807474687125108e-01
1.034287584023454443e+00
7.007393641696779696e-02
5.250628096809251133e-01
-2.974691543917149517e-01
-9.020511495352945275e-01
1.425066250865723028e+00
7.277405365417868310e-01
3.909192403617449685e-01
1.659603925587392226e+00
2.402785767506134817e-01
-3.978591848973573875e-01
4.231173134431278626e-01
3.431106064354771945e-02
-1.317995063241538034e+00
-3.358833945717245584e-01
-2.306456410899926368e-02
8.015476358948303570e-01
-9.145947039187403149e-01
-3.136395608561661774e-01
6.891441307114103410e-01
-4.989832122862054575e-01
1.233395929869873342e+00
-1.078567002676233511e+00
-3.558019374253342804e-01
2.701224683185019515e-01
1.004094831002141142e+00
-3.370527083483185748e-01
8.116831649054869757e-01
1.167955542387568713e-01
3.997707745170231419e-01
-4.336494010232474494e-01
-3.616843059706287278e-01
-1.081591719482579705e-01
2.414859005774880885e-01
7.198270055242588228e-01
1.309346639615503349e+00
1.809633404549852997e-01
1.446227980027439131e-01
7.349600125464572642e-01
-5.513468860345369649e-01
3.740132432796716699e-01
3.049193040477105043e-01
-1.370769249142456570e+00
5.230983639643191907e-01
-6.856998198442223469e-01
-4.216843093697608680e-01
1.581059118621306325e-01
-1.055688103158428426e+00
-9.661047970781950767e-01
6.022360560534592011e-01
5.944526352768271238e-01
2.394083656097709678e-01
-3.901806702012837746e-01
3.139398585305066547e-01
9.066582816681423296e-01
-4.678750446141766162e-01
-4.357440902012736927e-01
7.954125673704757205e-01
-3.078365057542207239e-01
2.235280082626083242e-01
1.604963124024338939e-01
3.431641110295835517e-02
-8.095062519577993498e-01
-5.160471370308545858e-01
-5.500104635993228186e-01
-7.263138827856199242e-01
-1.036122952040838374e+00
-1.031239861985919770e+00
5.336587949546682808e-01
-6.644278757397508173e-01
-8.032854180242745556e-01
-5.720861113577235812e-02
4.632286114004848798e-01
1.041377145414199568e+00
-5.399885622632076831e-01
-3.061860440365995473e-01
4.875202188477896215e-01
8.283502868241949813e-01
1.347581177058891910e-01
1.631455549145757189e-01
8.261603606701006797e-01
3.516923463392238602e-01
-9.771122102168812162e-01
7.682629975589172489e-02
2.354203606475637756e-01
5.808808064703443463e-01
1.624970259363286651e+00
-1.077229911805085649e+00
-7.101090356303636497e-01
-1.087665571272628640e+00
1.051603710205810671e-01
-4.217267157959962987e-01
2.483361013736100631e-01
4.815192802696373064e-01
-1.448519482611475340e+00
-6.846238059310056911e-01
4.455455744560126163e-01
1.871233638102420826e-01
-8.252550721045928128e-01
-2.411976528047787838e-01
-2.896281678822010264e-01
-2.619420255252080665e-02
-1.137344741929023240e+00
3.026745925035188023e-01
4.642859160662329288e-01
-5.428233149329644291e-01
6.132270587430621589e-02
4.054560083668787840e-01
2.486174204090021433e-01
-1.329860946109779896e+00
-1.515531052868126061e+00
1.788172180042053583e-01
-3.196258105686320405e-01
1.444777065144915440e-01
-6.299791803041019378e-01
-7.413683101126657959e-01
1.009125422860074117e+00
-1.333173227719122167e-01
-4.243361498834454792e-01
-1.557179736974253714e+00
-5.716178534979867720e-01
-3.447301990603328647e-01
-6.030060054675381309e-01
-1.439782503797276902e+00
7.341462685070245797e-01
-5.960354233335065643e-01
-6.206907263686050058e-01
-4.915483561372546717e-02
-1.218018610627620291e-01
-6.479026145928292735e-01
5.267706718119713472e-01
4.441372257082001340e-01
-9.837135201298750076e-01
7.501142648110095124e-01
-7.981527355755018149e-01
-8.911729443913616322e-01
-7.436601960671627154e-01
5.289535853093436657e-01
-9.884909231566583188e-01
9.228991779853803479e-01
-6.256402285080904235e-01
1.020412910590362543e-01
-1.198585828472786829e-01
7.727486752197876285e-02
3.719217059965318484e-01
1.635028163361011089e+00
7.110376141737972944e-01
1.777210117650600552e-01
3.551439657828483476e-01
1.524820875663166930e+00
7.616751426663848079e-01
-4.238274982542868941e-01
9.010355026520020516e-01
-1.188515609805008921e+00
5.259478674049979929e-01
1.336471474971752116e-01
8.979922425165636213e-01
1.401008765148148427e-01
8.878875017856246998e-01
2.645555645211299378e-01
-5.341629051030656328e-01
9.303201089508412736e-01
4.324567600290043501e-01
7.661043425301077292e-01
4.555223638913474815e-03
-2.240393539895597641e-01
5.776706028727200959e-01
-7.031765965473013580e-02
-2.808017577422958766e-01
-4.046509207302317890e-02
5.911584010383812426e-01
6.054295416467079249e-01
7.819883541498811041e-01
5.625034088336366978e-02
8.605396314980282568e-01
-5.718123282295728416e-02
4.616502579186798627e-01
6.677005750943294515e-01
-3.748362318198079635e-01
4.197501598961830283e-01
4.570841536953995643e-01
-9.402847284655369009e-02
-1.281517128837324826e+00
7.823601804556545858e-03
8.034338500217792500e-01
-8.295058294128612175e-01
2.775499967093253417e-01
-9.048807882446698869e-01
7.934282484416899095e-01
-1.597045628359134994e-01
9.604188007826053308e-01
5.603304587855770791e-01
-3.898532048170544329e-02
6.648208810310887174e-01
7.306994816737830689e-01
2.307446462798043996e-01
3.541516553309067561e-01
5.176815000616432627e-01
8.946872431673025261e-02
-4.206342992904694711e-01
8.493585596509056757e-02
1.613044671301100408e-01
8.672172612405990577e-01
2.357817496805392210e-02
-4.045918306045859225e-02
-8.252120257881188081e-01
4.681266386639872934e-01
-4.761379775352878596e-01
-2.786764561729402345e-01
-4.304250116269443538e-01
-3.572842948174130839e-01
1.836156860765374432e-01
1.745950555494779621e-01
-3.862151761354253310e-01
-7.894042264723566404e-01
6.096426432381889526e-01
-1.691426688464838790e-01
-4.512593267113356177e-01
-8.192364896130923668e-01
-4.856138837547341325e-02
-6.245960473062117657e-01
-4.077021129945554989e-01
-4.150863062036549422e-01
1.912065804096130250e-02
9.529640932636862516e-02
-3.120964767998524181e-01
-4.496346789144087808e-01
-3.058014785422891180e-03
-2.048219239461337438e-01
2.211580479322892145e-01
2.552915386392573538e-01
-2.417615309950935654e-01
-1.232825449980254895e+00
-1.459663203320342717e-01
-1.281737555827984654e+00
-2.571973457846095101e-01
4.226513415998098822e-01
-1.964261775484166250e-01
4.824086881033391450e-01
5.625724549094268667e-01
4.444480189177477669e-01
7.826489238160236894e-01
-5.225328284977397431e-01
3.233512634896769100e-01
3.270234739300796889e-01
-3.354408041196155210e-02
-1.088371895123537492e+00
-6.172670012653771465e-01
-1.113171463986804000e-01
-1.898428561868161779e-01
7.698288903990277987e-01
-1.166662333686208974e+00
6.967324878440148694e-01
-9.890380342049516216e-01
2.269612766719397712e-01
-1.183425916858791282e-01
5.781972204605985155e-01
2.225904674151255591e-01
-1.252034362305156634e-01
7.788049320452783419e-01
1.058177476336736866e+00
1.027064663456780380e-01
5.322201678385738433e-01
-2.925952883103679625e-01
-4.702403528049678982e-01
-3.201221089211356841e-01
-2.077851309247122913e-01
4.641159847612241762e-01
-6.706396387515694002e-01
6.240544932206590900e-01
3.625094078736523784e-01
3.979562837915082696e-01
-2.669426033800696985e-01
-5.960916980203485593e-01
1.111201536378074728e+00
3.226365927861172267e-01
1.611806301816756104e-01
1.770550643072246189e-01
-8.654857221882528151e-01
3.760168710328146702e-01
3.086669763468252725e-01
-2.109214478978778118e-01
-1.120584633874442737e+00
-1.143031641860535075e+00
1.245698598302532822e+00
1.235788829560604540e+00
-8.689309348126741384e-01
-5.999604313006168255e-01
-3.673823322940164005e-01
3.465887585177993557e-01
-7.192411693033493592e-01
7.999133911030300581e-01
-3.395665297509875558e-02
-6.467425150665881972e-01
-1.056662848047456027e+00
1.368407905622825993e-01
-7.136496556430733662e-01
-8.006992384559303844e-01
8.187274234949164509e-01
8.578571704214166260e-01
-2.212148001350824345e-01
1.142016216480397084e+00
2.199666841228395953e-01
-1.557441278856987577e+00
-1.702923302469017131e-01
-4.933604310611698907e-01
4.715943903450572350e-01
-7.117233187060358901e-01
1.009082652223365351e+00
1.323154000485722293e-01
-9.932907620877866606e-01
-4.377944730157334874e-01
-1.578694277471628382e-01
-5.255198987395832688e-01
-6.010855254730884667e-01
-1.107537302497885623e+00
-3.630049640135570854e-01
-3.765000859923848253e-01
-8.957176294995328192e-02
-1.530366522984735411e+00
-8.478525822941458401e-01
-2.243688596754296327e-01
2.168310699327502533e-01
-7.428683045537702867e-01
-3.631988911750543281e-01
-3.286866704415434270e-01
2.542538358731771808e-01
-4.985033862208920752e-01
-1.868249657514349238e-01
3.521021573220961542e-01
4.513905308716399389e-01
-2.478165059110866153e-01
6.984839022825806154e-01
-7.563160993943371935e-01
-4.827273173878596779e-01
-9.957765747987856741e-02
-9.184651921293687238e-01
7.914545107031436544e-01
8.462882013374626311e-01
