3.082000000000000000e+03
3.441000000000000000e+03
2.601000000000000000e+03
3.305000000000000000e+03
3.589000000000000000e+03
3.914000000000000000e+03
4.779000000000000000e+03
3.888000000000000000e+03
4.698000000000000000e+03
2.944000000000000000e+03
9.810000000000000000e+02
1.620000000000000000e+03
1.833000000000000000e+03
3.878000000000000000e+03
2.183000000000000000e+03
1.972000000000000000e+03
2.411000000000000000e+03
1.062000000000000000e+03
1.899000000000000000e+03
1.790000000000000000e+03
1.253000000000000000e+03
9.320000000000000000e+02
1.266000000000000000e+03
1.463000000000000000e+03
3.027000000000000000e+03
1.384000000000000000e+03
1.146000000000000000e+03
2.185000000000000000e+03
1.632000000000000000e+03
2.381000000000000000e+03
2.119000000000000000e+03
2.530000000000000000e+03
2.802000000000000000e+03
3.242000000000000000e+03
3.184000000000000000e+03
9.650000000000000000e+02
2.034000000000000000e+03
1.059000000000000000e+03
4.516000000000000000e+03
2.946000000000000000e+03
1.271000000000000000e+03
2.018000000000000000e+03
1.431000000000000000e+03
1.465000000000000000e+03
1.442000000000000000e+03
4.599000000000000000e+03
1.981000000000000000e+03
4.784000000000000000e+03
2.548000000000000000e+03
1.756000000000000000e+03
1.277000000000000000e+03
1.031000000000000000e+03
2.997000000000000000e+03
4.104000000000000000e+03
3.813000000000000000e+03
3.742000000000000000e+03
5.624000000000000000e+03
3.847000000000000000e+03
4.331000000000000000e+03
5.457000000000000000e+03
3.546000000000000000e+03
1.500000000000000000e+03
4.075000000000000000e+03
4.860000000000000000e+03
4.770000000000000000e+03
1.032000000000000000e+03
4.881000000000000000e+03
4.728000000000000000e+03
2.359000000000000000e+03
6.140000000000000000e+02
4.908000000000000000e+03
4.373000000000000000e+03
4.989000000000000000e+03
4.920000000000000000e+03
5.657000000000000000e+03
3.876000000000000000e+03
5.554000000000000000e+03
4.122000000000000000e+03
5.070000000000000000e+03
4.940000000000000000e+03
2.302000000000000000e+03
1.094000000000000000e+03
4.125000000000000000e+03
4.845000000000000000e+03
1.213000000000000000e+03
5.140000000000000000e+03
4.708000000000000000e+03
4.345000000000000000e+03
4.885000000000000000e+03
2.331000000000000000e+03
4.390000000000000000e+03
5.447000000000000000e+03
5.480000000000000000e+03
5.006000000000000000e+03
5.155000000000000000e+03
4.989000000000000000e+03
2.662000000000000000e+03
5.017000000000000000e+03
5.920000000000000000e+03
5.479000000000000000e+03
