-3.535631949174629085e-01
-1.636753068832970115e-01
-6.875042412238574485e-02
7.773307171233012625e-01
-3.561099562561356180e-01
1.117551186943268604e-01
8.558032425705519586e-02
-1.894964284354241357e-01
-7.712819438912177361e-02
-2.247182525246262941e-01
-1.190941100785689599e-01
3.360092986494080947e-01
-5.900009700346249275e-01
-1.352173921360311226e-01
6.275948160333966186e-01
3.725275472701827795e-02
-8.442204967158728479e-01
6.636964005860246374e-02
-3.156759764396745993e-01
-8.473033618624858931e-01
5.616386990136597035e-01
3.595639436890616381e-01
-5.602407612577628981e-01
7.536662493964305654e-01
2.805800036433847566e-02
-3.536564756184006342e-01
-1.337116006492093057e+00
6.162336381413453523e-01
-6.189180944163883424e-01
9.809538261742858367e-01
-8.081654298634424194e-01
3.064040106907715000e-01
-1.269798054208974847e-01
-8.305341357650792844e-01
9.867232675886228321e-02
-4.340490245703163552e-01
1.606483071698274756e-01
-5.533650777999605808e-01
1.153474813566504054e-01
1.005971470958638037e+00
2.229005718269672087e-02
2.620513188285720219e-01
1.192202561288446816e-01
4.986412804672166743e-01
4.811430570129768824e-01
5.495297942696062421e-01
-2.368198547891919858e-01
1.349981203006425545e+00
3.288694280632684652e-01
-2.772539987911919468e-01
7.655144677711369638e-01
3.671251255963960958e-01
-2.080302402442590903e-01
3.892030151339653798e-01
8.121123630204785115e-02
-2.828141411376137171e-01
1.722809421628790361e-01
-4.850249782339233207e-01
-4.345074106477779807e-01
5.455858380065059521e-02
6.480943353036030530e-01
-1.478763307343831102e-01
5.257568957696463485e-01
8.987100170483763861e-01
-3.939781648358406940e-01
-1.430676729852837781e-01
-5.943607663423682297e-01
3.196690074327150910e-01
-3.996275481292972387e-01
4.438175118059835000e-01
-1.774406572573372642e-01
4.178760879032319409e-01
6.056993664123684340e-01
5.215881273811735497e-01
-2.273304071374999680e-01
7.502467598502358115e-01
5.818468207857954155e-01
2.145300098510247722e-01
-1.848851915017828418e-01
4.715437522767409462e-01
7.568892230507495711e-01
3.232049798599589963e-03
4.464112888745530583e-01
5.007739932867458776e-01
9.826494736842814604e-01
4.954588714703378471e-01
5.234818044316282837e-01
-3.465991927121949701e-01
-4.688572765181682200e-01
7.597051789775468578e-01
5.561341479874828408e-01
-6.629712756937582441e-01
7.633501131067266243e-01
1.070473638551003859e-01
2.960769164108736362e-01
-8.856771957389319994e-03
-8.948497878162910979e-01
1.864769382704345446e-02
1.240744193726017741e-01
-1.978859489211872713e-01
-4.004867838587955475e-02
5.933459108722392017e-01
4.437658063922889085e-01
2.000955327593345601e-01
-4.093351188589293699e-01
2.245717786255196913e-01
3.886471019297754736e-01
4.288547182971917948e-01
5.973758671535964737e-01
4.234986453748774693e-01
2.537217445088737477e-01
-1.022842046716767594e+00
-5.104678844309891161e-01
-6.096869349838840435e-02
2.989518415213421321e-02
-2.013199445090121387e-01
-1.744163115307859613e-01
-4.352249851217839804e-01
2.445778893881822569e-01
1.071736164682947745e+00
-1.260326873614340926e+00
-1.799050922909968264e-01
-4.558286311046968464e-01
-4.097700533852304261e-01
7.422884425029439015e-01
1.951000168054104478e-01
-2.554387764724452836e-02
7.243602069488463968e-01
-1.429670881635299651e+00
-7.953857597600775264e-01
-8.179796790424962438e-01
-6.171443709338477746e-01
-6.868791020223827815e-01
3.010450928609218479e-01
-1.926326982735595550e-01
-5.482193858302686351e-02
5.778361091426464924e-01
-9.479875627792981874e-01
-6.273814953188017185e-01
4.975675304847211322e-01
-8.219746873096767104e-02
-2.783345432597137403e-01
-1.132091633150160259e+00
8.199177702342774765e-01
8.497280645752169903e-03
7.338398773427545763e-02
-4.748853303286182381e-02
8.093887079291839370e-02
-1.065589555508483333e+00
4.561735552545211902e-01
8.034967699514004025e-01
-1.264272155807812936e-01
-2.508801176959227774e-01
4.290677537827969346e-01
7.647115313603674025e-01
-5.234463547208356715e-02
-1.357709105177455911e-01
-1.247993938147731185e+00
1.352169766547511642e+00
4.616827940544983022e-01
-7.304278415089093812e-02
2.672389975565270248e-02
-1.437279503489543586e-01
-5.930360646643491052e-01
-5.577985191549998945e-01
4.766413164049643214e-01
7.704581570812418789e-01
3.300415960583897856e-01
-4.975615638371930771e-01
2.619188344432687998e-01
9.682104051585049831e-02
1.164568730157681031e+00
-1.067550897918057018e-02
-2.716377925036717045e-02
-7.777774843076370459e-01
6.970875078008980097e-01
1.362917099418233136e+00
-5.591214328544324985e-02
-1.403420828853452207e-02
-4.800791044281966791e-01
5.659594144432826823e-01
4.914968713048306626e-01
-4.213155850533105706e-01
1.225733299401143839e-01
-6.190304630982934597e-01
3.877672672269483201e-02
3.067300249351117003e-01
-4.976704853770188564e-01
4.380228124757490349e-02
1.002641526485710699e+00
-2.246079518453374391e-01
-2.450609578482909612e-01
-6.050284830664285352e-01
-8.112899311004833081e-01
1.176985041167375456e+00
-5.412416544895828352e-01
-8.886730966573361812e-01
3.993900811215889135e-01
-1.914497421503638108e-01
9.020873719583635264e-01
-4.317802543371485058e-01
2.747747001113767240e-01
7.530327027971539522e-01
-2.705154661848316877e-01
1.304896679280229677e-01
3.947491500114548302e-01
-1.822903940822211410e-01
5.622299650637732071e-01
-4.024999921829213179e-01
-2.326691317662223923e-01
-3.664607114393181320e-02
-3.437527503531576656e-01
7.223106787901132364e-01
-1.498565628506876024e-01
9.315513951666076764e-01
-2.389930039969634379e-02
-8.902425255476753563e-02
2.726902538179221125e-01
4.645257267089242248e-02
-1.258147520316965640e+00
1.012044758867909344e+00
-1.233786943560137406e+00
-3.181858300224815750e-01
7.482644356961127841e-01
3.209348713114295037e-01
2.080269921969772895e-01
3.654015945865296544e-01
6.356306464998358052e-01
2.433780505968288210e-01
1.053476952406482425e-01
4.319130188155675398e-01
-6.649895170392579047e-01
4.264599949340963647e-01
1.165599309012952389e-01
-5.686610016942754697e-01
3.081825173649654914e-01
-5.521428438358384483e-01
5.079046905888802144e-01
-1.677075208714793320e-01
-6.411013065802819710e-01
4.019673710977293979e-01
1.139339702358462603e+00
5.600356917251660960e-01
-2.886057303107634198e-01
-7.833311080510423352e-01
-7.807718490147301793e-01
1.067792164771541152e+00
5.752625103044692878e-01
-2.077659881494469118e-01
-2.555574286808495188e-01
-2.314568406588861649e-01
6.042791468655019926e-01
7.421763064607738158e-01
-3.514468343838590414e-01
-6.480353571002517299e-03
6.644505798499844573e-01
-6.227595683554918438e-01
1.235924902052467189e+00
4.971242085888691875e-01
-6.456698697888221261e-01
-6.170747521190005358e-01
6.710663944259067648e-01
-7.544579274681453285e-01
3.529367113515817778e-01
1.428652619451931116e-01
-6.066604600040808037e-01
2.509141853468612737e-01
3.545166719573931147e-01
1.844231781192116060e-01
7.171754185700507378e-02
-1.285277625278915536e-01
-3.695699369917511135e-01
-1.713713852517360081e-01
-6.524180352723174536e-01
-6.794296904333432252e-01
-6.445787301382406298e-01
-4.940959342036821411e-01
5.080071559898859945e-01
-3.139662218633159085e-01
-5.359826479758851292e-01
-5.435601923296209392e-01
-6.543027931893066196e-01
3.472549304127525716e-02
-6.957395551759448793e-01
1.632626412759199397e-01
1.635680621023771764e-01
5.100670780572489349e-01
7.297689777529248190e-01
-5.195967957661729031e-02
-3.216696055520884556e-01
3.387234844348272489e-01
-1.908279872346483330e-01
4.542407824139882422e-01
-5.853121053812699870e-01
4.528427674058121966e-02
1.045454433362228208e+00
8.771277745764667344e-01
-2.960679168013662377e-01
5.557357854387774410e-01
4.935687222020090914e-01
-3.004907019242022415e-01
9.306033125310078091e-01
1.508171690637016837e-02
-7.172379256022791694e-01
3.162912087840465958e-01
1.445689565610345895e+00
-2.664617841941998577e-01
1.988882517435079933e-01
4.658085471032524794e-01
-4.986734194630315642e-02
-2.442740009269224188e-01
-2.078746694452426880e-02
5.878764812125485406e-01
-1.198297001826240660e-01
-1.054901936198859858e-02
9.760199707903582933e-01
-5.345848401171009456e-01
8.069827497352939361e-01
3.627933456546639235e-01
3.612723079005064619e-03
-3.855108319647007065e-01
1.069613293755812045e+00
-1.888695683056038632e-01
5.798670077151610869e-01
7.052910347806502500e-01
5.329063964923843599e-01
-6.658504387289445603e-01
-1.304628118795569947e-01
-4.031265185383476890e-01
-2.691331188730679003e-01
3.164076143003669017e-02
-1.141541559587269106e-01
3.555824542378616115e-01
-1.110503828765381673e+00
-1.766434562588337087e-01
-9.111370454547014219e-01
3.884467713214512230e-01
-1.486160582986393308e-01
2.156074677780281945e-01
-2.624925409351774874e-03
-6.608767897626197652e-01
7.789695640968794521e-01
6.386918504933527529e-01
-1.527345716725658775e-01
3.097914055480011086e-02
8.486034983659074271e-01
-2.617082076408570046e-01
-1.215957774186046336e+00
-5.041922469815318664e-02
1.248667809920167571e-01
-7.279817522912415129e-01
-5.226594573622431739e-01
-4.371744113744888693e-01
2.590778857550990466e-01
3.972164251433998317e-01
-1.864892793768371249e-01
6.044487603713957213e-01
-3.689733620223334398e-01
-6.860547346821395109e-01
4.306857302978528423e-01
-2.705027201368501721e-01
1.929820221257365631e-01
3.315583945094147111e-01
4.926456067145412732e-01
3.063986390207400490e-01
-8.059770190125377098e-01
-1.460197792141006090e+00
2.130100115486621704e-01
7.481524303128752607e-01
1.619272017191697444e-03
3.535853516510254479e-01
-5.219260444445898983e-01
-2.507885890334371481e-02
-1.041189681201233785e+00
4.164995379625766603e-01
-3.731166756710582177e-01
-9.869368461869019171e-01
-2.470107032494839316e-01
1.449837692232938124e-01
3.877057537049868330e-01
-6.639280446735185137e-02
4.023885156064626045e-01
-4.268088789186199605e-01
8.022206399150295653e-01
4.042660616365667536e-01
-6.562914160053079371e-02
6.866761868641502176e-01
-1.716853666834978753e-01
2.736019429027347627e-02
-3.568170450675047789e-01
1.592089481399163731e-01
-1.237065401868315817e-01
-1.107082779646563431e+00
7.393880101519378911e-02
-6.968836709551951003e-03
-1.109925484206763624e+00
6.052602724493736375e-01
-2.837887528912785839e-01
4.951115830527879069e-01
-3.385591991699499204e-02
5.091848685996547275e-01
2.856385156720797625e-01
-3.965545302546154005e-01
2.915808162489019750e-01
1.971012738249111607e-01
5.285750513092501990e-01
5.742853848809126305e-03
5.940116030720288265e-01
8.237848271972056935e-01
6.892340782691528389e-01
8.562296427594038306e-01
-2.540561294351846300e-01
-7.201118796929772969e-01
-1.086818117462164945e+00
-1.018943577879749540e-02
8.368538803851146568e-01
2.367246998706926675e-01
-1.080130200982241107e+00
-9.915316283431661049e-01
1.058557501263599931e+00
-9.740587700379892411e-01
-4.815875146770567383e-01
6.226721299245063790e-02
2.292525619496270650e-01
6.265224090019474446e-01
-3.057758611548928585e-01
-8.610335290454420587e-01
1.218975262852834085e+00
-5.562391839609102107e-01
6.740354580632086368e-01
1.474368279778079938e-01
5.274691998129057424e-01
2.395194768662545215e-02
3.711686918929419932e-01
-7.654232369764368826e-02
-6.210217839299687625e-01
-4.318409499344388891e-01
-3.957923611534273078e-01
4.055149964450341926e-01
-3.124840057202167287e-01
2.139587749816653783e-01
-5.715173819729342242e-01
-1.128943234198338530e-01
9.809189306399703767e-01
2.930309859589623755e-01
-1.353806106308397261e-01
5.388887534212010166e-01
-1.475388412576158714e+00
1.398780467615575063e+00
-4.444588556978459337e-01
-1.699430986515384490e-01
-5.872935401186119009e-02
-3.964314183670420988e-01
6.583713702967042281e-02
1.267666953713941780e-01
-6.565468784647867651e-01
7.503973208487035862e-02
2.533766267071708711e-01
-3.665414881248274526e-03
-3.058768829158919900e-01
-6.774313343927484965e-02
-1.393554548673492377e+00
6.719959534274977386e-02
-8.330673920259759058e-01
8.887935343319375292e-01
-3.688038107307205493e-01
-4.351672219897118055e-01
-6.451940284927228930e-01
-8.468002855949308127e-02
-1.497509855987768645e-01
-1.121551858187652684e-01
-6.545660668313519892e-01
-6.640276935618594223e-01
-3.376670309969762585e-01
-3.305791491478107247e-01
4.382219362585324518e-01
5.956075232228030814e-02
-6.369362993719693833e-01
-6.923137031763246796e-01
1.488081087839940864e-01
-7.257456179628993809e-01
5.842488724001633216e-01
-2.034115836529490906e-01
-1.747130275303190317e-01
-4.285861095095189199e-02
-3.491519039293313753e-01
-1.580955621257513766e+00
3.628307165828834613e-01
1.213301875948271658e-01
-1.303894610678266730e-01
-2.306121626507007250e-03
1.831174122815077965e-01
-7.522809229577216428e-01
-2.636123523312612349e-01
-3.788553210271246030e-01
-7.103964774520123981e-01
-4.577363263421219131e-02
-4.416642295691906028e-01
1.337901702481918420e-01
1.576290089946219553e-01
2.171379097784109646e-01
5.509660695946472231e-02
9.551800709232916020e-01
-2.054156925274490675e-01
3.810938095887355104e-01
5.336691281419696509e-01
-6.772171534434434648e-03
8.298760303616692369e-01
7.444925348353201855e-01
-4.446424508531059416e-01
4.366075836338723093e-01
3.889827119249291698e-01
-5.594162679766716550e-01
-1.347862141994309759e+00
-1.696335304273333122e-02
-1.501270000541889971e-01
-2.963548990823969831e-01
4.770088758564137166e-01
7.716557508618437922e-01
-4.524794566646628269e-01
3.288098888602153380e-01
1.491912788141833701e-01
2.173503148701083632e-01
-8.233085106494772987e-01
1.964319458279266684e-01
1.236209173938522810e-01
9.221858548663419697e-02
-7.928958084661230643e-01
-4.631804505102872227e-01
1.104063594041440055e-01
7.973706160503883922e-01
-1.796666071952550681e-01
4.933685704581991516e-01
-4.706594895252154132e-01
4.508698491914984174e-01
-8.464765503053621742e-01
-3.328431554577973017e-01
2.528286560701440422e-01
1.462302693890631389e-01
-1.893294163998531232e-01
-4.014644899485766416e-01
2.826528803972188086e-01
-6.622769718387635507e-01
3.345441137595823733e-01
-1.146703541067779497e-01
-7.081593079290016135e-02
-1.856076322520889832e-01
3.421091854155857703e-01
1.621333530184907445e-01
-2.767770793472514868e-01
-6.973191137119627570e-02
-4.780979978205159853e-01
-9.495670132930813523e-01
6.297685743817460491e-02
-3.153070150356276358e-01
-9.064339409658472846e-02
1.554176088570673464e+00
-2.475655378821723929e-01
7.353522774120824224e-01
5.503605927278973908e-01
2.305631927774696166e-01
-5.463461837277172606e-02
4.242110391213920195e-01
-2.150818474420068682e-01
3.534258312132889657e-01
1.252233709801666706e-01
-2.538290017908639840e-02
1.090441821635524278e+00
-4.808644033452083022e-01
3.955548166552782519e-01
-1.817365226735692119e-01
-3.301987022167462982e-01
1.276180345830672636e+00
7.195011109687197148e-01
-1.196171646223689322e-01
-6.014281764437079403e-03
-1.404623785913390321e-01
-1.433677873864134256e-01
8.282352037458640126e-02
-1.173815489071552420e-01
2.970001783533113837e-01
-1.940834155017530094e-01
-1.542713270791846725e-01
2.312532523281181085e-01
-2.635527714778191921e-01
-1.381786950260377012e+00
-5.333864729467947541e-01
1.189985603641057210e+00
1.166867831673261691e-01
-6.063553958656164866e-02
-5.455474864026221837e-02
-1.333404124616421882e-01
-7.762513898245906319e-01
1.166765026499358093e+00
3.769893404865687359e-02
3.842972986523136569e-01
4.589409326065503336e-01
5.519817802451312261e-01
9.762644112328526802e-01
3.133654674575305776e-01
9.228737216244642383e-02
-6.341500737574623514e-01
1.174251553685193628e+00
7.125408913033641767e-01
1.609000764729273669e-02
3.066359746517868246e-01
3.831403040408201122e-01
1.185441720560355350e+00
5.262230338728466350e-01
-5.201049696164261604e-02
3.297549360944485031e-01
-1.156308151158101261e+00
1.398945631120582789e-01
-4.577485213188703383e-01
4.911485814228875313e-01
2.738015500395647450e-01
-2.733925403152586142e-01
7.348334932005693432e-01
-1.015561835600449214e-01
7.319219766206961353e-01
5.471193647780996372e-01
-1.893981352087958925e-01
-3.939028566667772679e-01
9.264752709500978511e-02
-2.090662721897960097e-01
-7.529507254385237047e-01
-4.390721936503059197e-01
-1.468759754896158398e-01
2.300701490332324184e-01
-1.168054039958215107e+00
-8.427397137576537745e-01
-2.482154585651183965e-01
-5.250710192427465728e-02
8.276784535883319194e-01
2.018123871131773939e-01
-3.395804468413068378e-01
-3.865974814004093929e-01
4.909656965630979641e-01
-7.334992207448776114e-01
-3.361300892964695919e-01
-1.430822228434163179e-01
-1.913196857963583852e-02
4.593220782953864045e-01
-6.038128440681305165e-01
6.575349360443816238e-01
3.114862451010491640e-01
-1.496782163148573375e-01
1.306583926147730779e+00
-8.636653149505537641e-01
-1.257788762145786166e-01
-3.125070551110464834e-02
1.106249127835134516e+00
-2.193717841343465480e-01
3.546503895302368647e-01
4.396846112056138622e-01
5.262054800427042878e-01
6.856444298476027654e-01
-1.158237198192804573e+00
-4.918306175568929461e-01
2.828912397831420122e-01
7.831594925272886698e-01
3.373697258798449283e-01
-1.069050853474049489e-01
2.936214294752748089e-02
-9.165935248298513471e-01
-6.628991554884660076e-01
-1.725712867157609409e-01
2.849078118992007802e-01
4.137535973890216212e-01
4.909403784437804674e-01
1.123753256933993860e+00
-5.994941794160233428e-01
1.862978702054522984e-01
-4.257783349333896794e-01
-1.102833039800650283e+00
-5.621560999368107048e-01
-8.880152877933351618e-01
4.226066098356362488e-02
-2.974290217220252330e-01
-4.230845589435423548e-01
3.114827135681608183e-01
-3.490666436277223283e-02
-5.395223359584715439e-01
-1.084494245871949758e-01
-9.079340785814267178e-01
-4.347855100513582371e-01
5.779746559589238331e-01
-2.755570141849705834e-02
1.872032941048047405e-01
-2.768597186264738497e-01
1.638023544637867701e-01
-1.237916272968275777e-01
1.057194581257095756e+00
-2.622403164695716882e-01
4.073781126191144963e-01
2.346543157047644712e-01
-7.721205159565789344e-01
5.995217268694119639e-01
7.976087300691219184e-01
-1.977687115969501974e-01
-4.978898140649770099e-01
5.656989258913336371e-01
-4.890252067448992435e-01
-5.287650188666868090e-01
-1.131038819941159179e+00
-1.454639664027830293e-01
1.129999004714694166e+00
5.452775522674535580e-01
2.148555124120932192e-02
1.503183139848367489e-01
-8.158616168242813771e-01
1.076744982798254924e+00
-7.919035720831786307e-01
2.216695219736646294e-01
2.563704443113916653e-01
-4.247140428559372793e-01
1.133365004317635538e+00
-3.013298528782186736e-01
-3.041972026265931106e-01
5.999282377155346069e-01
5.676794207616921994e-01
-2.207670378077253304e-02
6.318907409876768355e-01
3.680074867977554121e-01
3.354289976636701809e-01
-4.495452881835717562e-01
4.073346760114127107e-01
8.537400231930680761e-01
7.756498537538094595e-01
7.134199772568461384e-02
9.866899755444613618e-02
-5.992601904725383122e-01
9.414501639499217589e-02
1.719758023868633856e-01
1.033462905585736280e+00
9.281511285545196444e-02
-5.430415882308157194e-01
6.595096940961031606e-02
-3.805011103596820377e-01
-6.882040164786351610e-01
-5.146181501693849469e-01
-1.361747452474517672e-01
3.525334742029855306e-01
-8.938218052096829069e-01
2.609313150189045416e-01
7.020747529894286743e-01
-3.162356918367645875e-01
-4.134162921400461599e-01
1.005706506439368653e+00
6.051178422708201055e-01
7.327093804351934025e-01
-1.764747533588773010e-01
-1.223785960268513051e-01
7.473467650123222228e-01
8.201279027512287101e-01
7.237838333697865778e-02
-9.158926719804139083e-02
5.455203582994814226e-01
-1.154733074319725716e+00
-1.743658491710791125e-01
5.160682819627773199e-01
6.739417857293963365e-01
-5.609937693380562251e-02
-5.443156863734577300e-01
-6.719479723171453145e-01
8.814999149910285325e-02
6.070082524995532580e-01
-7.151893618417357601e-01
-7.994605850064120389e-01
4.655026011174872025e-01
7.454788450065565897e-01
7.541574388476446344e-01
2.967849135359514889e-01
-1.030598071116290981e+00
-5.377257527923395841e-01
3.167692307229250659e-01
2.927039591418845177e-01
-1.078429221903882684e+00
2.381334899228280122e-01
1.207888157983099120e+00
8.502854549919387495e-01
-1.166127681458721810e-01
-8.081553722644052584e-02
2.407896815248742328e-01
-1.236081440476628934e+00
8.835255898645755224e-02
1.848930661038075129e-01
4.577714340658101122e-02
-1.498771565696319641e-01
1.664145772288403435e-01
1.554244601828447259e-01
-1.761680707210286911e-01
-1.605133853313764902e-01
5.313008080671588473e-01
4.450189765993926017e-01
-1.020617084346078229e-01
2.040715973174256348e-01
-8.911562446132457183e-01
1.010945728703704916e-01
4.081475850856826071e-01
2.763998872808217655e-01
-3.530918025410887395e-01
-2.149323623596863797e-01
-5.189529002787551804e-01
-3.815905900648246529e-01
8.096938901842696268e-01
-4.192975897087078962e-01
5.075003751439837174e-01
2.033139161481187784e-01
-1.006011686485429379e+00
9.656748484587751591e-05
-2.563995731355817043e-01
-1.624880054344286506e-01
-5.221962243788897950e-01
5.964134368710762857e-01
-7.870142379573641378e-01
-6.052874390917581948e-01
-5.197584253345137739e-01
3.847898252532981900e-01
4.639487152290291405e-01
-1.548760160854477874e+00
1.445266455615445977e-01
-4.519248244992386532e-01
2.077378406174323899e-01
2.241822321130726436e-02
-1.444340613862848954e-02
3.447961908354182370e-01
-2.010151719371489065e-02
3.395407304399356008e-02
-1.056202924790126119e-01
9.181871547502851172e-02
2.928794119830353537e-01
2.881252888080689800e-01
9.506521346320777610e-01
1.582777439352467397e-01
3.142631994375122417e-02
4.348421188052569164e-01
6.308214153179889649e-01
5.512528361423552070e-02
1.480152675962997932e-01
-7.488131571922993501e-01
4.059551647725401224e-01
6.602289865087147547e-01
1.230264411332397501e+00
-5.649477208692168517e-01
-3.813168548521055357e-01
-1.141494912810816498e+00
-6.556850034520778081e-03
-9.147686529647547360e-02
-9.601641831332816679e-01
-3.429089184903855170e-02
-3.733082365173920891e-01
-1.498682390694412447e-01
3.500421666262454323e-01
-1.923456726481989065e-01
7.300376345011336809e-01
3.320043753930086439e-01
-1.248450878072192793e+00
7.121323371590531082e-01
4.974593302963263852e-01
-6.737754381153306937e-01
-1.121354119107866865e-01
-2.092186415093566509e-01
-1.174230733279033601e+00
1.033951865915927470e+00
-8.498712881567609401e-01
3.396685287067029435e-01
-2.407969721835714338e-01
1.450353183374843979e-01
-1.166934757470887263e+00
4.987111852749066543e-01
1.142048356249450336e+00
-4.699313077337912148e-01
7.380216662936875949e-01
7.507538080596765084e-01
-1.724272102516311023e-01
-5.064357180847167683e-02
4.095229636209776203e-01
1.401186549392168246e-01
4.564868776787189830e-02
6.225359366571234787e-01
1.013163724602006432e+00
7.106139862228380011e-01
4.605128190160119317e-01
6.942013017077552917e-02
3.175638357107928300e-01
-2.733062943565922609e-02
3.240656447767653603e-01
2.794788292414978059e-01
-2.424392393718548533e-01
-9.418198263610459975e-01
4.811348021521233420e-01
-4.399822159824404721e-01
4.687806582207265649e-01
2.132163760999752355e-01
-6.849818185091072209e-01
-3.780031527145322201e-02
-1.703433340988089739e-01
-4.188982438545094666e-01
-4.602016961139741014e-01
-1.190638647691193874e+00
-4.706475567772869795e-01
9.772047142057118663e-01
5.123029453256719989e-01
1.445781053521431048e+00
-1.091894066736072144e+00
1.268136040351377503e-01
-2.289569855020641143e-01
4.871983326013875626e-01
1.237664847604937890e-01
-7.262103748940695880e-02
-3.366837941782385712e-02
-2.866129227585059169e-01
1.796435558005562427e-01
-3.856025952034496385e-01
-2.807051958425947902e-01
1.241555322777853299e+00
3.782327874030340098e-01
8.892763651490698251e-01
-1.717763117366253312e-01
-1.693241855637648285e-01
2.602932973392357852e-01
5.623028997808745544e-01
-7.258448004057385106e-01
1.337527543376806349e-01
-4.998787807429767582e-01
-2.375549161646191010e-01
-7.043152793441640469e-01
-4.418992515335151694e-02
5.596291191878597360e-01
-5.105334321960048882e-01
-5.999527874702366148e-01
-8.163482170593061582e-01
-4.481722510698809003e-01
-1.058865419747876402e-01
-3.956953555438627035e-01
-6.080475236633473557e-01
6.736328954751025222e-01
-8.184856499634740601e-02
1.000957999737668302e-01
4.752361639450084496e-01
-4.838755854116882915e-01
-9.168884570176718540e-01
-5.945673160872377849e-02
3.659813354165528665e-01
-7.343214603404577545e-01
-9.254380823727164085e-01
2.891210762463005679e-01
5.832784771850718641e-01
-1.163668623260782908e-03
-7.099932413516727436e-01
2.717527130539654223e-02
4.132124963018979358e-01
1.326363082219694789e-01
3.759227096345050256e-01
-4.285111473495994971e-01
-6.072855099389853351e-01
-4.491118116959764706e-01
-7.679949101959042679e-01
-3.808065477499669171e-01
9.027645368810368609e-01
1.412000706860210286e+00
-4.015500227138186773e-01
2.782256825208904161e-01
2.039462903259661175e-01
-7.613289034791330678e-01
-2.175687205265939284e-01
-4.442174946060912788e-01
2.625068513019348515e-01
-1.283043259642310474e+00
-8.010078482029392433e-03
-1.860036412660655003e-01
9.285625347354509174e-01
-4.385255869590505284e-01
-9.925886165650865678e-02
-5.681823693390697372e-01
-4.713383048513630769e-01
6.803983081767555063e-01
4.909076586955194443e-01
-1.578639191959831933e-01
7.441543223677538066e-02
-4.400254550033446677e-01
3.436494354878618651e-01
-2.623722465747837518e-01
-3.476019739342195436e-02
4.491403057225724638e-01
5.420458425921026446e-02
-6.637254778317682735e-01
-1.972762325374999293e-01
6.791953967460271357e-01
-5.699277558253834641e-01
-8.468121115936675380e-01
-1.140542199394195322e+00
-1.202062658271262130e+00
2.112132703999245464e-01
1.221360108039881709e-02
1.142156077468476916e+00
-6.449402675968665122e-01
-8.872496557778468684e-01
-3.684027672811609477e-01
1.539471910768686058e-01
3.846194773366473640e-01
3.080934890371347379e-01
3.849336903153135481e-01
6.311042066158778496e-01
3.559714372538014260e-02
1.258398176504105237e-02
3.512677784586699659e-01
1.565618155051868854e-01
-7.483730922127866947e-01
-3.018422963215261490e-01
-9.552660679014017830e-01
1.551549334366129074e-01
-3.299437944537970679e-01
-3.575908860681726864e-01
1.133349884416421816e+00
-2.749027801178627328e-01
-1.088618443589549400e+00
8.454824484999257095e-01
4.045126563813994380e-01
7.061720868879799440e-01
3.643806418045567597e-01
-4.261415693084877887e-01
-4.005481899971368165e-01
4.454322417599740902e-01
-3.931078402618348733e-01
-1.920549740646446679e-01
-2.598880267724306137e-01
-5.701586778237697217e-01
1.384095281415635981e-01
-2.462530923652046511e-01
-8.557605566394599350e-02
4.189165809874095814e-01
2.015018580999843323e-01
-4.096908607452238726e-01
-1.574449849611267993e-01
-2.154793811517539126e-01
-5.976437434427417372e-02
-9.796442096058655125e-02
-1.921183783570397097e-01
-2.596422962110347399e-01
2.460545675819014733e-01
-5.502946173481699788e-01
4.947002538464566612e-01
-7.970235003064010115e-01
-2.406189565805370023e-01
8.623825362905401803e-01
1.151146596736740690e-01
-9.027291533365300324e-02
1.292077597109964060e-01
3.951261958282872300e-01
3.423616782775429357e-01
1.791431707073698476e-02
-3.412063421425273191e-01
-3.246850998881063433e-01
2.074090120502098955e-01
4.126958960542328470e-01
-2.647838705855312114e-01
-1.635194320293443582e+00
-2.843826774088942244e-02
2.252051456561865450e-01
-1.479574118178256015e+00
-1.675121130950296688e-01
-1.786139161991435742e-01
1.498373870944202935e-02
-3.327445032357392307e-01
-4.910674515674404716e-01
-1.000652342415201623e+00
5.542334208553434394e-03
-5.385020494703951499e-02
5.778197229423991388e-01
4.033045674877211439e-01
-2.100248007493377145e-02
-3.614136611772256202e-02
-5.101902044145436577e-01
-6.259074611031323343e-02
3.953397982332003124e-01
-8.424882293497670815e-02
2.670515019205019769e-01
-5.648589768976295389e-01
1.854967991607381350e-01
-4.014014201726059383e-01
-2.194963213693892357e-01
4.154634037098698940e-01
-1.126335839735274291e+00
7.770355573567977459e-01
-3.547832682309515206e-02
6.391786257198504018e-01
6.655931168929729580e-02
-7.544678508548683382e-01
8.536841332318267916e-02
-1.089359199184430693e+00
-5.363212867307698417e-01
3.277302958050798409e-01
-9.401104850678585478e-01
4.300409945144743062e-01
2.039210520203464938e-01
8.860131952692693602e-01
6.618607627409396343e-01
3.276786472817896367e-01
1.673122836933673696e-01
-1.163045834575280324e-01
2.332804308868761112e-01
-1.324084115486163782e-01
-6.636553065053298894e-01
-6.294163288557044211e-01
-4.629949625680271907e-01
6.116193535724345764e-01
-1.117667604835888895e+00
7.125816595785519070e-01
-8.977784708153420112e-01
-1.095117475481854896e-01
-1.456226970717438007e-01
7.018006605479172322e-01
3.411200927665847260e-01
6.831867922855350272e-01
4.757533091783683332e-01
-1.027170595426127875e-01
-3.286595876813116490e-01
-2.641559556157604405e-01
-6.218727464483322365e-01
1.290212965013761703e-01
-2.500889579376099903e-01
-3.439143164233140482e-01
2.207805845640535836e-01
1.229731276549017593e-01
-1.435523149841655410e-01
-9.824090288538567250e-01
-3.005689456629934142e-02
-2.590617255911551453e-01
2.086152135910221972e-01
-2.796767933938708595e-01
-8.435733385922237204e-01
-6.974906146225610115e-01
-8.223904768463370374e-01
6.022398201268455153e-01
-4.048063236146806076e-01
-3.861843187975555480e-02
1.650305568217955710e-01
1.446595557135559318e-01
-4.871632310647857622e-01
-5.030898994261612245e-01
-2.647366500919181576e-01
-3.845145478492630886e-01
7.062702810264358533e-01
-1.006286962429218779e+00
8.551898366882468849e-01
-9.712754379536434612e-01
-1.070524144688960178e-01
4.741281929940175388e-01
-9.569160790013562234e-01
4.979849706289609657e-01
4.565756292947646955e-01
-3.542753807278202771e-01
3.137678397405663233e-01
-5.501673269316675885e-02
-7.156428770367444514e-01
6.213368664755609672e-01
-2.729451535498350623e-01
2.915813431804457068e-01
5.882420404350447996e-01
-3.809549913069458782e-01
3.815503352621654187e-01
-3.766265697975672566e-01
-3.655214816996572580e-01
-8.113435569104687772e-02
1.666584033355044348e+00
-1.396263205379391081e-01
5.663998183697600552e-01
-5.371243166671444413e-01
2.059888807676868439e-01
-5.975126483664237043e-01
-1.053553055287137497e-01
-5.258636277538206727e-01
-1.956164992393452096e-01
3.329640754914908740e-02
-6.776172179352126790e-01
6.711959289871805012e-01
2.706282275625149225e-02
-2.870620438709501343e-01
1.727916395493034329e-01
3.215831971326057470e-01
3.760266363634308107e-01
1.362163127372379989e-01
3.053541258697052285e-01
5.339766054454662125e-01
6.468670018251652110e-01
-8.217617534701258108e-01
-8.937492019728061621e-01
-6.197772658695477332e-03
-7.696578777035432140e-01
4.548300865908387891e-01
1.063591818635378772e-01
-1.882198842248996584e-01
4.220294187213466941e-01
-3.705803207883935357e-01
-8.007360011422486323e-01
1.483438891431454465e-01
-4.315442771587392201e-01
1.088931706204254724e-01
5.502127063189359291e-01
2.905636612823432330e-01
-8.902937170567213343e-01
-4.793285175445012314e-01
-1.761146009762626363e-02
-1.737952915692826394e-01
5.224209277309030952e-01
-2.454621911036909410e-01
-5.508941418371184895e-01
-1.080354356658530524e+00
-1.675558290240051207e-01
-4.113852447997841111e-01
-2.226852011907762829e-01
-2.506949584795759023e-02
-1.031430884561657546e+00
-7.081963530149160135e-02
6.410689125262631904e-01
-6.116921494712128649e-01
3.768972426127916719e-01
6.305335114117971429e-01
-5.490911434922178813e-01
-7.149531775895425767e-01
4.296826377249960416e-01
1.582357248853707432e-01
4.637606759733516881e-01
-1.955269018649428148e-01
4.221972402422649040e-01
3.298679529574499725e-01
4.340687954528164028e-01
8.354985482452743639e-01
6.728780279305954792e-01
-5.995204703674108515e-01
8.640090355133978051e-02
-8.023094981484781840e-01
-3.695555516635620208e-01
-1.156697109170350402e-01
4.811960769417478190e-02
-3.695045383685959806e-01
2.769849916650173327e-01
-7.298729839497806182e-01
5.738442236423546561e-01
-1.002375661805441354e-01
8.984155321679967443e-01
4.876093549722071430e-02
3.645735055139409653e-01
-4.820735258940800350e-02
-2.447737645020193753e-01
4.173718304418807534e-01
-6.400586728506620915e-01
3.222750977186219501e-01
7.382167589985133560e-01
3.192973801438201420e-01
3.758240737084594940e-01
-1.903471910161673719e-01
2.250749431768408471e-01
3.139169127337169130e-01
4.579979973600245557e-02
1.043110025052396139e-01
-1.306562035565557167e-01
-6.604819960265926326e-01
-6.397398741346735918e-01
-1.300766644519866233e-01
-1.903898626120996695e-01
-3.149681956102359237e-01
6.671822468959280883e-01
-3.614078368777802197e-01
5.387150873410799790e-01
-6.577330403715997420e-02
-2.617657102973822703e-01
4.041920457436010139e-02
3.425882679959455501e-01
-3.437061168137587330e-01
3.855885295585252948e-01
4.345882765024500216e-01
-2.256581223612048603e-01
-7.793540431996941464e-01
4.626861296971025439e-01
4.002404266646886200e-01
-9.920978565257421167e-03
-6.399440255714967662e-01
1.185656962007257675e-01
2.610865422206867237e-01
-2.205129407534869301e-01
3.529003117042890381e-01
-3.188140107730665918e-01
-5.031597749349501214e-01
-9.946256671817019779e-01
-1.477864947136939833e-01
-3.121202833191389914e-01
-6.596284925960418377e-01
-3.675614771717601315e-01
8.394750685066609819e-01
5.590780802107744307e-01
-4.269718046676898027e-01
-4.855780219105430007e-01
-3.103652393033797807e-01
3.774490767486504694e-02
-3.785599485646420348e-01
1.135441619320252116e-01
9.072400504393662857e-02
-2.082731159085202677e-01
-1.017333071740389450e+00
-4.595960181510356790e-01
4.141244369909902190e-02
7.202584429966805146e-01
-3.461820684781233837e-01
-2.946786175085147619e-02
-1.066796351697912648e+00
6.918329522070285620e-01
8.279622426705763871e-01
3.343262934841195744e-02
-1.625047027064638883e-01
1.425718990771596140e-01
-8.934317963085547376e-02
3.334558943927792285e-01
-1.699284756778407512e-02
9.064060527891015795e-01
1.332048103340133238e-01
-6.159754366858507524e-01
1.221547561022362061e+00
9.376785783390939599e-01
-3.053482400300033817e-02
6.062635799802578163e-01
-4.033428829502723190e-01
-1.065858263941326101e-01
1.744241139039601762e-01
-6.905097740128827155e-01
-9.155814744672570171e-01
-1.173344478113591549e-01
-4.511917878436824125e-01
3.177911229296341844e-01
1.366400779931808529e+00
-6.568705108187931074e-01
2.581843321606793751e-01
4.738875260986610272e-01
3.621465793899414365e-01
6.874031371921249800e-01
-5.095356121396052984e-01
-5.761860911322784773e-01
-1.272313348289255686e+00
-7.787769116304019690e-01
-3.796176585761905642e-01
-9.941712366488708597e-02
4.180378556218347086e-01
1.556141165599971288e-01
-1.102652675535635840e+00
-1.047539401482771027e-01
5.844001512121410613e-01
1.786517429175038529e-02
-2.261837465773854916e-01
2.902749856776143389e-01
7.943682697434981677e-01
6.405480198742994347e-01
7.975887644344936689e-01
2.769428669938713838e-01
5.724901501221033584e-01
-7.601340405763394870e-01
5.397188936700203499e-01
-4.663989347808126240e-01
8.101344475752956242e-01
5.035102867707923480e-01
-4.852092109770094197e-01
-2.382521445954113304e-01
-7.164004435243498392e-02
-5.020935057750781638e-01
2.542909406458706556e-01
-5.352512849754482716e-01
-2.388917209950811582e-01
-7.575988438880560949e-01
1.266355117102113681e-01
4.963473350563640807e-01
3.999893916174190878e-02
-3.067945677937222726e-01
-9.679157128097370943e-01
5.298040004645718781e-01
-4.907735118553571141e-01
6.039398444058612370e-01
4.624517243826602453e-01
-3.995910346316220441e-01
-1.288285394760896096e+00
2.170051873023908229e-01
-1.347295911963195536e-01
4.136376451230638907e-02
-2.294911180836667342e-02
-2.476032685403621869e-01
1.779841636432024643e-01
-2.407005590747139934e-01
4.935175252601489149e-01
2.286129339426601348e-02
1.326522433613686047e-01
-3.693295377272711733e-01
-2.623571801807358383e-01
1.642585322291090222e-01
-5.368409107682357018e-01
1.834083108569775078e-01
-2.442140074145120465e-01
-2.723636887459601752e-01
4.658527709513728965e-01
-6.105193908021639970e-01
-3.572524335291067388e-01
-1.273997789528701574e+00
-4.539406388592004404e-01
3.446464762609942056e-01
7.363628546434330957e-01
1.299627417741415769e-01
-5.004173105061768823e-01
-1.117241180994191119e+00
-9.142929143982332363e-01
-4.104537227680280509e-01
4.445942995951259746e-01
-3.742449932422609038e-02
-1.522758191626492064e-01
-4.491540375666325247e-01
1.322898708413760005e-01
-9.993788591127916732e-02
-4.561499346236459473e-01
2.100950281406461784e-01
-3.925953281707155185e-01
2.305175113956288158e-01
-1.009146675090777379e+00
7.477702811037900688e-01
-4.645628994962542890e-01
1.175915120680613768e+00
2.878463684825263158e-01
1.024197607798882359e-02
-1.077084445231192511e+00
-4.370903578074836204e-01
3.081586050505986663e-01
7.479092023545099721e-01
-5.940945246524789169e-01
-1.966731987114966884e-01
-7.170888008118039281e-01
7.363303782787085083e-01
1.024983277814435212e-01
-3.604141853457498712e-01
-5.963408613408844872e-01
8.765730201917314446e-01
2.963157540781047317e-01
4.995416455772714315e-01
-1.351821331621474442e-01
-3.063013798358795725e-01
-2.798345924495846404e-01
-8.459660841003850962e-01
-8.937777441942484913e-01
-1.930539055523023961e-01
-4.994607206204477734e-01
2.583949564537757482e-01
3.978307957124904704e-01
2.481723591745312874e-01
-1.821310701554264000e-01
-7.210470616475816996e-02
-3.524421678218114806e-01
-7.020025605653277267e-01
-5.174628481184662121e-03
3.374375823507191896e-01
-2.469745571215344881e-01
5.800775032648486373e-01
1.583874301617081315e+00
2.860642297271738244e-01
4.902596300537300777e-01
-4.479677049859267512e-01
4.784363815497769679e-01
6.919523137593834861e-01
7.393035583942264566e-01
-5.103912682086759744e-01
1.685572059204032414e-01
-8.589541713445765225e-01
7.170944826750638157e-01
8.980212655685519962e-01
-6.023540605232557965e-01
3.059417695365462819e-01
-3.293737987936928846e-01
-7.278483846938001989e-01
-2.739336885243348618e-01
3.569849830052849171e-01
-3.778418724425742781e-01
-3.363345114893432353e-01
-8.808644847563176228e-01
9.159395964272736279e-01
1.068555021699078011e-01
-1.035943205128443623e+00
1.201214475010026206e-02
6.853883305588226449e-02
-2.700824379804123154e-01
-4.979666163477141083e-01
-8.872726887212678548e-02
1.084198040076083558e+00
-5.470925032668318977e-01
6.572769105066198492e-01
2.771453406509341022e-01
-3.624854140616386999e-01
9.516210320582647597e-01
-1.065065200897371334e+00
-1.221804168653801703e+00
-3.963086482303506131e-01
-5.397541753373404916e-01
-2.338076772282136062e-01
-2.172711520638959115e-02
-1.770137092954850999e-01
5.767737930869714091e-01
1.722222689856121036e-01
3.936233901818688707e-01
5.282928304081639936e-01
2.347563557525402800e-01
-7.861569687479432744e-01
5.642232582454944634e-01
-2.068528133063942676e-01
-1.012082043390687858e+00
-1.013553354852783528e+00
-9.136437601697009470e-01
-8.643408476027314435e-02
-2.265558915712180266e-01
-1.620108504770643165e-01
1.292109465184108075e-01
-3.931956091472406101e-01
4.252867914296176721e-01
-6.347747612809451212e-01
-8.646954385819327626e-02
2.675102645766278542e-01
5.583983757570187834e-03
-3.309929581205990345e-01
-5.923710592574948919e-02
-4.469310988080099634e-01
1.360079060601478318e+00
-2.950056568935890411e-01
3.920208335554331569e-01
-4.185125295081029151e-01
-4.148734287875202043e-01
1.143395070309124684e+00
3.573018118735920012e-01
1.284671736063121017e-01
-1.417369330982580777e-01
1.640390144926051619e-01
6.784587386538367682e-01
3.556602438654588028e-01
2.138509894639533115e-01
7.827732228386530267e-02
5.372112637825496861e-01
-1.043692464268202169e+00
-6.036730601955824227e-01
3.082624094493198186e-01
4.861890148013792157e-02
2.717454089450139776e-01
4.577787959898502734e-01
8.921716442084468568e-01
1.551239726270594588e+00
1.023997866226000752e-02
1.192125537263644119e-01
7.011149939910543694e-01
-4.279152844013687229e-01
-4.968741278272013062e-01
-6.311285004186322212e-01
-5.629402855284517670e-01
3.284142987089442300e-01
3.877432348920661909e-01
3.969045804759900875e-01
9.906622223747474365e-01
2.535819476662561911e-01
5.314501042452945967e-02
1.463953161082738319e-01
-4.893415282448811965e-01
2.748157668108799356e-01
8.262838827021781185e-01
-5.906321971594072906e-01
7.719903111273485052e-02
-1.690139923948743572e-01
-1.272227413003867991e+00
3.751067356189601298e-01
8.483601656382511180e-03
4.931096036945712413e-01
1.906794656355348394e-01
2.973313857481638678e-01
-2.184629299064013708e-01
-1.330569257837943553e-02
2.808061989947310266e-01
-3.168473940417939616e-01
2.557846083178088037e-01
-5.478596286473349508e-01
-7.515134572613124675e-02
-1.160535045925428221e-01
9.398600909856114072e-03
1.010557589979487858e+00
2.671014357341858769e-01
1.157546377568950291e+00
-1.845942455146571959e-01
6.455292659895848217e-01
-9.166998976161702117e-01
6.027705473161306671e-01
-1.859057860902932902e-01
9.863323538619717112e-02
6.899362104681330266e-01
-5.887179272406015684e-01
4.538365639751651415e-01
-1.944323253098598769e-01
6.839820261051681172e-01
2.479511972518011476e-02
2.307751005272420386e-01
1.051090272601465259e+00
6.148282906246080870e-01
2.120839408057406672e-01
-2.798028340947862347e-01
1.078593137549326286e-01
-1.181125515182314789e+00
-1.223465877827035975e+00
-5.686801183756138300e-01
-3.180489333363203386e-01
-3.083548251566439191e-01
7.399825970402060804e-01
-3.823360279713483578e-02
1.029531327992119216e-01
-3.331202312131500420e-01
-4.582699141771326978e-01
6.887576950692082534e-01
-9.546787428743286341e-02
3.943154237052297617e-01
-2.109396720725698060e-02
-6.226311864195563928e-01
-5.106348542181571304e-02
-2.801478041781990669e-03
-7.636215216064998756e-01
1.121788674492734117e-01
-9.558018507577097367e-01
6.513567655047003413e-01
-7.369616248488597421e-02
8.258639679483259499e-01
3.468977565510726890e-01
-7.112165634297795691e-02
-1.494079900037483810e+00
-9.100937659765051535e-04
1.129860696122095831e+00
4.226986783987687346e-01
-3.099928296487846069e-01
-6.181350075297675772e-02
3.210930647828726947e-01
-1.100873132002029298e+00
-6.895328148692065895e-01
-1.077089199119616758e+00
3.302836544878573477e-01
-2.422117772300511618e-01
-2.729694582616835064e-01
7.625181678307333399e-01
-7.413915957575953897e-01
-9.228904363371501773e-01
-9.662594641781474536e-02
8.224699693305765891e-01
4.808325655400738086e-01
-3.709523132952128321e-01
5.128986387776377498e-01
1.656812779029976923e-01
-2.042432841425600998e-02
7.546276934618223464e-01
-3.073512606390256252e-01
-1.015605496744451219e+00
-4.980063685764273274e-01
-1.022229900231838684e+00
1.014722705788422275e-01
1.655242185202361327e-01
-1.106806828237532070e+00
-6.262627860652800749e-01
3.563121557471919942e-01
4.604269244784164883e-01
1.428886232246364685e-01
4.291414566485718396e-01
-6.954938670322032834e-01
-9.202638831238107997e-02
8.627624905384934095e-02
-6.175185383842229925e-02
-4.190500961382506162e-01
-5.686568256732007498e-01
-1.094042279635916159e-01
-6.180726588391181053e-01
-2.832482242993705768e-04
9.857975203963666999e-01
-2.525711495075064761e-01
-1.005126094211114207e+00
5.834191093338114698e-01
1.332725275470778570e-01
-1.897877154530753785e-01
3.182162856669910056e-01
-8.258984244026024157e-02
7.027644179994094742e-01
2.453600845464585234e-01
-2.819310329317517017e-01
2.100676216901380400e-01
-5.922462671922268385e-01
-4.989026750196154936e-01
-6.337768661829423777e-01
-3.150073035646823172e-01
-3.009929281834633485e-02
4.096927312793363640e-01
-7.082901983452671857e-02
-6.758384705533355685e-01
3.219384404575365011e-02
4.288372185900444222e-01
1.389803263698894398e+00
-3.021539593880255836e-01
-1.015477858280970924e+00
1.149595475729032756e-01
-1.725312353926504727e-01
3.163440476323611250e-01
-3.262862848900907053e-01
-6.139438511995010117e-02
-2.759962071983004250e-01
3.978374448517101314e-01
2.933473405107287491e-01
-2.485757319924424280e-01
-4.854283992137791159e-01
8.435534261387891419e-01
-1.160120075326365185e+00
1.788100403742731714e-02
5.256912937205537872e-02
1.483450264028434162e-01
5.824419043654955885e-01
3.311524127418516983e-01
-3.341625059297257394e-01
-9.529901419444550825e-01
-5.628193292252525737e-02
-3.077065043283555568e-01
3.537783600248980420e-01
-1.497281811953588004e-01
5.491087056787868903e-02
2.523168735859471212e-01
5.364189169416055947e-01
5.503170379654589439e-01
4.471125379490104024e-02
-1.637777325412903551e-01
7.375285321383273640e-02
8.767445083407912065e-01
5.847748219447757023e-01
-3.827723761584813644e-01
2.247997922673103943e-01
1.351699799897598808e-01
-7.122737171723692029e-01
-2.469235491932506577e-01
-2.384854777228602174e-01
4.481415696490778089e-01
3.493590210725514567e-01
-1.001606418784179997e+00
5.634803683650977391e-01
2.533705851534229225e-02
3.072391466657151682e-01
-1.149508783708865778e-01
-6.552089877729239120e-01
8.178740752280022619e-01
-1.018506950710861947e+00
2.893244329098010326e-01
2.785073018574779624e-01
-2.134681504454798429e-01
5.517891671543395660e-01
8.035922023743946596e-01
-4.561755105144369438e-01
-3.369300415481637501e-01
3.462905379513951942e-01
-4.586904367812536520e-01
-1.409323187623003903e-01
-2.435859235947042123e-01
8.433740064638932665e-01
-6.606359364235405707e-01
-6.293664042495175082e-01
-1.456484989249160478e-01
4.384027963539773864e-01
2.598666056092033827e-01
1.977918208338147465e-01
4.358201633871328085e-02
7.301571218350400017e-02
4.114784982707178074e-01
-5.489943502510339357e-01
1.301158567124147680e-01
6.896296558489076745e-01
1.100824319221017866e+00
1.900728673273306413e-01
2.159139821770370560e-01
8.035102101246227591e-02
-3.774681746272028349e-01
2.305554299765599779e-01
-2.977437947675003471e-01
-6.772589074769914674e-01
-1.806698063023004508e-01
-4.946765545284934618e-01
2.150093395631635929e-01
6.995810954182601904e-01
-4.412716663898841318e-02
3.822383652322622893e-01
-3.438104277685045673e-01
9.880227678367887734e-01
9.700134579210466512e-01
5.100483735813838848e-01
5.039335037830401376e-01
-1.108364764632616684e-01
3.076080584537344009e-01
-7.809587290490149769e-02
3.833995087600747809e-01
1.048272739609759086e-01
6.853188873405704484e-01
2.032681460302230292e-01
1.422489889959628329e-01
4.987289860693078225e-02
8.064648815857475839e-01
-6.082425630847172471e-01
-5.121409275918242798e-02
7.021674239507813553e-02
-3.485153363281234817e-02
8.678986469739324860e-01
5.908858544088237963e-01
-1.766856462004522399e-01
1.835669383081039996e-02
5.577334677466536661e-01
8.966632478327873912e-02
-2.782172768153499121e-01
-2.787577685615394429e-01
1.087575450233586594e-01
4.036046516111424509e-01
-5.125997606056902356e-01
-1.363068654481800479e-01
-1.133096513540294836e+00
2.729875686856182426e-01
4.739924011197746978e-01
-5.333726117719175264e-01
-1.328418642025917862e+00
3.698618715447921090e-02
8.360201261789832472e-01
-3.664556983556632730e-02
1.343161129565126899e-01
2.265279563407602836e-01
-1.794265093294633573e-02
4.924135579300816801e-01
3.172270584497898227e-01
-3.998207484120728239e-01
-1.972272764514855226e-01
-1.504785311277831994e-01
-1.016867175071252127e+00
4.099883555115457767e-01
-2.372688419697359663e-01
4.909406220320269298e-01
-3.474939673963595155e-01
-1.172226485303343502e+00
3.474513532517429226e-01
1.990654224718815257e-01
4.431641680102025305e-01
2.684468063173648389e-01
7.038931584618630666e-01
-2.467720554473729067e-01
1.698546053520209043e-01
-6.930259248335524092e-02
-9.007059743726024692e-01
-2.765516088695534336e-01
4.028811621008845378e-01
1.066561169117415275e+00
2.893435131751100897e-01
5.947324728018248408e-01
-2.965044576791351361e-01
-9.424099664806950827e-01
2.133476938100722364e-01
-4.686389171235347817e-01
4.257189441208710790e-01
-3.369996387362279577e-01
-6.269751154931855197e-01
-9.220110698408223726e-01
6.097886029534400620e-01
6.353221525379026957e-02
5.318373427077194293e-02
1.636776577842127267e-01
1.891749649828415869e-01
-3.796340765010164375e-02
-1.237648841760374818e+00
9.968330376552181349e-02
-2.058674004749088127e-01
5.585335975706620104e-01
4.557775325786028731e-01
1.106792373012430275e+00
5.924704003361647153e-03
-8.349369054078792374e-03
5.838291938737398823e-01
-2.877481368257237548e-01
-9.809513358752388612e-01
6.502059574656389174e-01
-7.767977335087099533e-01
5.895576241107072235e-01
-4.210140667852151353e-01
-6.234980658720958857e-01
1.046277053496957876e-02
-3.032250980039377097e-01
5.658233394436429364e-01
-4.719314776843539505e-01
5.935202959000047684e-01
1.063662474349991172e-01
-7.798092583120830312e-02
-6.186387762729728124e-01
-3.381585880459425653e-02
3.559693875529053031e-01
1.193066577846346732e-01
7.201806030553994376e-01
7.417002111656127994e-01
3.383486184651296469e-02
7.525499334461640544e-01
-1.417606562847337770e-01
7.625406824513412118e-01
6.078090287927135904e-01
7.221150878903914716e-01
5.653540507908472179e-01
-1.004254063396503582e-01
5.268932771185683706e-01
-1.189414342673149605e-01
-6.220676338485553458e-03
-4.325302132665234112e-01
4.103235498165513917e-02
-5.298969180184585070e-01
7.730254645951326609e-01
-2.424819497208545727e-01
1.984454214469142386e-01
1.552648259297928490e-02
-3.039665736677701346e-01
5.578340128404111198e-01
2.757455760005100842e-01
-4.460524630732098927e-02
5.482817943024977936e-01
-1.369426630408945300e-01
3.519549092547427094e-01
-4.832719047464859585e-01
-4.854804692380367825e-01
-1.072609440465918773e+00
-8.616981105461762880e-01
3.153487043843226090e-01
7.874607900207744038e-01
3.269047420002815230e-01
-4.703659532126742704e-01
1.073634398794931499e+00
3.166695545998621242e-02
-7.845050071132675384e-03
7.683138542956315931e-01
2.233235991476014703e-01
3.578480873483975699e-01
7.603648853104685301e-01
-3.295210009045677069e-01
1.255260154308093234e-01
8.678847809473797525e-01
1.145456527738542007e-02
4.406918783360787018e-01
-4.981651300823788375e-01
1.409233480996716636e-01
9.065421187048450236e-02
-1.692511001962717643e-01
-4.457410894477664698e-01
4.728702819578778360e-02
-2.204210591298352284e-01
8.789973359557894383e-01
-3.155774668554061080e-01
2.713850324453446206e-01
-5.299766084766890373e-01
4.700828124021105836e-01
-5.135475794583186371e-01
-1.176632815781275099e+00
-9.443971814303884216e-01
5.111287052613171511e-01
5.624450255404003229e-01
6.861195030418425489e-01
4.751289442865571644e-01
4.415329206455362865e-01
1.442503424457992622e-01
-3.968779397496469130e-01
6.219686552176408867e-01
-9.756532248642804106e-01
-3.128764043456211397e-02
-1.905790783758742890e-02
-3.798971960924024671e-01
1.552277249897793254e-01
-2.831240772401075745e-01
-2.973706764673522684e-02
1.051018025249681465e+00
-6.088228156875672425e-01
8.756758433436040434e-01
-7.840510557159241500e-02
7.824299382625277133e-02
-8.314040334115713193e-02
7.893782722425477516e-01
-8.509831629985002976e-01
-4.048083526963850431e-01
-3.880482879170097377e-01
-4.106668691584633990e-01
1.127182752089091800e+00
6.875139513324155516e-01
5.353375603433736529e-01
-7.500061947170353349e-01
1.124667150796145876e-01
1.495345128963831982e-01
-1.649244844421282608e-02
-5.944894756054699414e-01
-3.709813514847342120e-01
9.043820970677707294e-02
1.690951264550308863e-01
-4.090549275388219996e-01
-5.914491671676120887e-01
1.507459741700634126e-01
7.886375632026485505e-01
-3.732475539017618971e-01
