3.560000000000000000e+03
3.934000000000000000e+03
3.809000000000000000e+03
2.524000000000000000e+03
2.930000000000000000e+03
5.406000000000000000e+03
2.584000000000000000e+03
4.434000000000000000e+03
2.204000000000000000e+03
3.886000000000000000e+03
1.916000000000000000e+03
1.800000000000000000e+03
2.465000000000000000e+03
3.824000000000000000e+03
1.725000000000000000e+03
1.438000000000000000e+03
1.783000000000000000e+03
1.465000000000000000e+03
1.689000000000000000e+03
1.723000000000000000e+03
2.054000000000000000e+03
2.008000000000000000e+03
1.479000000000000000e+03
4.036000000000000000e+03
1.552000000000000000e+03
2.209000000000000000e+03
1.267000000000000000e+03
1.985000000000000000e+03
1.580000000000000000e+03
2.763000000000000000e+03
1.556000000000000000e+03
2.534000000000000000e+03
1.157000000000000000e+03
2.983000000000000000e+03
2.916000000000000000e+03
2.293000000000000000e+03
2.172000000000000000e+03
2.239000000000000000e+03
3.930000000000000000e+03
3.448000000000000000e+03
2.238000000000000000e+03
3.079000000000000000e+03
1.830000000000000000e+03
3.038000000000000000e+03
2.483000000000000000e+03
3.407000000000000000e+03
3.242000000000000000e+03
1.549000000000000000e+03
4.939000000000000000e+03
4.604000000000000000e+03
4.844000000000000000e+03
2.296000000000000000e+03
2.697000000000000000e+03
1.928000000000000000e+03
3.607000000000000000e+03
4.558000000000000000e+03
5.551000000000000000e+03
3.727000000000000000e+03
4.815000000000000000e+03
5.170000000000000000e+03
3.740000000000000000e+02
3.176000000000000000e+03
4.331000000000000000e+03
1.438000000000000000e+03
4.300000000000000000e+03
4.995000000000000000e+03
5.440000000000000000e+03
2.839000000000000000e+03
4.831000000000000000e+03
5.126000000000000000e+03
5.388000000000000000e+03
2.817000000000000000e+03
3.500000000000000000e+03
2.691000000000000000e+03
1.211000000000000000e+03
4.846000000000000000e+03
5.146000000000000000e+03
1.245000000000000000e+03
5.097000000000000000e+03
4.806000000000000000e+03
5.266000000000000000e+03
4.546000000000000000e+03
4.631000000000000000e+03
5.204000000000000000e+03
5.066000000000000000e+03
2.544000000000000000e+03
3.083000000000000000e+03
2.868000000000000000e+03
5.724000000000000000e+03
4.639000000000000000e+03
5.201000000000000000e+03
4.642000000000000000e+03
5.048000000000000000e+03
1.119000000000000000e+03
5.494000000000000000e+03
4.998000000000000000e+03
4.699000000000000000e+03
5.377000000000000000e+03
4.730000000000000000e+03
5.079000000000000000e+03
