6.789000000000000000e+03
4.881000000000000000e+03
5.430000000000000000e+02
5.180000000000000000e+03
2.524000000000000000e+03
9.332000000000000000e+03
9.323000000000000000e+03
9.458000000000000000e+03
1.057000000000000000e+03
2.735000000000000000e+03
1.088000000000000000e+03
9.439000000000000000e+03
4.234000000000000000e+03
4.199000000000000000e+03
6.860000000000000000e+02
9.297000000000000000e+03
9.452000000000000000e+03
6.370000000000000000e+02
1.026900000000000000e+04
9.137000000000000000e+03
9.884000000000000000e+03
9.195000000000000000e+03
1.008600000000000000e+04
1.019000000000000000e+04
2.842000000000000000e+03
9.396000000000000000e+03
3.491000000000000000e+03
2.269000000000000000e+03
1.003900000000000000e+04
1.042000000000000000e+04
1.003700000000000000e+04
9.492000000000000000e+03
9.113000000000000000e+03
3.556000000000000000e+03
9.387000000000000000e+03
1.033000000000000000e+04
9.740000000000000000e+03
2.420000000000000000e+02
9.167000000000000000e+03
9.532000000000000000e+03
9.260000000000000000e+03
9.656000000000000000e+03
9.220000000000000000e+03
9.968000000000000000e+03
9.282000000000000000e+03
6.494000000000000000e+03
9.452000000000000000e+03
2.175000000000000000e+03
9.509000000000000000e+03
9.653000000000000000e+03
9.612000000000000000e+03
9.509000000000000000e+03
9.313000000000000000e+03
9.626000000000000000e+03
9.785000000000000000e+03
9.727000000000000000e+03
9.802000000000000000e+03
9.223000000000000000e+03
1.018900000000000000e+04
9.073000000000000000e+03
9.789000000000000000e+03
9.845000000000000000e+03
9.530000000000000000e+03
1.007500000000000000e+04
9.365000000000000000e+03
9.782000000000000000e+03
9.627000000000000000e+03
9.530000000000000000e+03
9.592000000000000000e+03
9.084000000000000000e+03
9.198000000000000000e+03
9.663000000000000000e+03
9.856000000000000000e+03
9.762000000000000000e+03
9.366000000000000000e+03
9.146000000000000000e+03
9.351000000000000000e+03
8.621000000000000000e+03
9.246000000000000000e+03
9.645000000000000000e+03
9.114000000000000000e+03
9.496000000000000000e+03
9.686000000000000000e+03
9.823000000000000000e+03
9.546000000000000000e+03
9.774000000000000000e+03
9.858000000000000000e+03
9.377000000000000000e+03
9.752000000000000000e+03
9.743000000000000000e+03
9.957000000000000000e+03
9.295000000000000000e+03
9.150000000000000000e+03
8.871000000000000000e+03
1.001500000000000000e+04
9.463000000000000000e+03
1.015500000000000000e+04
9.250000000000000000e+03
9.417000000000000000e+03
9.986000000000000000e+03
